epoch,batch_idx,loss_total,loss_data,loss_phys,loss_ou,loss_bc,loss_sr,spike_rate,gn_total_preclip,gn_total_postclip,gn_hidden_fc,gn_hidden_recU,gn_hidden_recV,gn_hidden_base_threshold,gn_hidden_thresh_jump,gn_out_fc,weight_max_abs_global,lr,prodigy_d,prodigy_d_max,prodigy_lr_eff,is_nan_loss,is_inf_grad
1,1,0.699878454208374,0.6911075711250305,0.4749857783317566,0.3773405849933624,0.0,0.017541762441396713,0.017554689198732376,4.483118285927486,4.483118057250977,4.023431777954102,0.0809398666024208,0.09012194722890854,0.12385400384664536,0.08751069009304047,1.9679113626480103,1.5002000331878662,0.0002000060897018193,nan,nan,nan,0,0
1,2,1.7246853113174438,1.7162657976150513,2.9074883460998535,0.4839876592159271,0.0,0.01683911867439747,0.020234374329447746,12.432929310297204,12.432929039001465,10.460088729858398,0.2505214512348175,0.23296649754047394,0.265771746635437,0.21070168912410736,6.703149318695068,1.5004000663757324,0.0002000243587248667,nan,nan,nan,0,0
1,3,0.7993996143341064,0.7909820675849915,0.6534254550933838,0.41498297452926636,0.0,0.016835065558552742,0.020250000059604645,9.365047189133046,9.365047454833984,7.8190717697143555,0.18724019825458527,0.16934290528297424,0.21472634375095367,0.1750461459159851,5.140597343444824,1.5006002187728882,0.00020005480682191382,nan,nan,nan,0,0
1,4,0.8429250717163086,0.8342213034629822,0.6903443932533264,0.3952973484992981,0.0,0.017407504841685295,0.018062500283122063,5.848064286833941,5.848064422607422,5.165276527404785,0.11475643515586853,0.12046318501234055,0.15929965674877167,0.11946968734264374,2.729916572570801,1.500800609588623,0.0002000974335809164,nan,nan,nan,0,0
1,5,1.023767352104187,1.015093445777893,1.0414040088653564,0.43019944429397583,0.0,0.017347773537039757,0.01828906312584877,3.258622400248078,3.258622407913208,2.863997220993042,0.06245504692196846,0.06630151718854904,0.07940331846475601,0.06620421260595322,1.5482749938964844,1.5010005235671997,0.0002001522384250205,nan,nan,nan,0,0
1,6,0.5264958143234253,0.5177869200706482,0.26856404542922974,0.5264262557029724,0.0,0.017417816445231438,0.01802343688905239,3.0268947042362355,3.0268945693969727,2.7622995376586914,0.055398862808942795,0.05993534252047539,0.08176890760660172,0.05020324885845184,1.2312290668487549,1.5012006759643555,0.0002002192206125705,nan,nan,nan,0,0
1,7,0.5795688629150391,0.5706525444984436,0.3233555555343628,0.29812318086624146,0.0,0.0178326815366745,0.01646093837916851,4.358606405364347,4.358606338500977,4.041464328765869,0.06899211555719376,0.07814956456422806,0.11663653701543808,0.060250528156757355,1.6235499382019043,1.5013985633850098,0.00020029837923711828,nan,nan,nan,0,0
1,8,0.8251559138298035,0.816167414188385,0.6824638247489929,0.922133207321167,0.0,0.017976945266127586,0.015921875834465027,3.6696376803056,3.669637441635132,3.347971200942993,0.09151262044906616,0.08733179420232773,0.08502915501594543,0.03721728175878525,1.4942265748977661,1.5015974044799805,0.00020038971322743656,nan,nan,nan,0,0
1,9,0.8778029680252075,0.8691712021827698,0.7457330822944641,1.010867714881897,0.0,0.017263498157262802,0.01860937476158142,4.194479551083042,4.194479465484619,3.9248604774475098,0.09489794820547104,0.09354463964700699,0.10215822607278824,0.032669633626937866,1.469649314880371,1.5017963647842407,0.00020049322134753204,nan,nan,nan,0,0
1,10,0.5569650530815125,0.5476190447807312,0.2977222800254822,0.8796785473823547,0.0,0.0186920166015625,0.013281251303851604,6.530954877531063,6.530954837799072,6.076422214508057,0.1540011316537857,0.14004479348659515,0.14149579405784607,0.09276266396045685,2.3787622451782227,1.5019956827163696,0.00020060890219666364,nan,nan,nan,0,0
1,11,0.7530943155288696,0.7442570924758911,0.5508291125297546,0.8815241456031799,0.0,0.017674457281827927,0.017054688185453415,8.330230199635846,8.330229759216309,7.64439582824707,0.20509162545204163,0.20780542492866516,0.20342068374156952,0.1664213240146637,3.2865827083587646,1.5021957159042358,0.00020073675420936073,nan,nan,nan,0,0
1,12,0.49594762921333313,0.48661550879478455,0.2384176105260849,0.7785835862159729,0.0,0.01866425946354866,0.013382812961935997,4.770825936371975,4.77082633972168,4.45257043838501,0.11597636342048645,0.13317082822322845,0.10979978740215302,0.07113373279571533,1.6991455554962158,1.5023963451385498,0.00020087677565544374,nan,nan,nan,0,0
1,13,0.9429934620857239,0.9341188073158264,0.860918402671814,0.8957850933074951,0.0,0.017749320715665817,0.016773438081145287,7.749339442641695,7.749339580535889,6.627920627593994,0.1612110733985901,0.18786044418811798,0.16730323433876038,0.1612868756055832,4.000955581665039,1.5025944709777832,0.00020102896464004906,nan,nan,nan,0,0
1,14,0.7295095920562744,0.7209811806678772,0.5199471712112427,1.0254781246185303,0.0,0.017056770622730255,0.019398439675569534,4.486882471719837,4.48688268661499,3.9402740001678467,0.10674764215946198,0.10321755707263947,0.09491413831710815,0.07773327082395554,2.1375815868377686,1.5027921199798584,0.0002011933191036527,nan,nan,nan,0,0
1,15,0.7964867353439331,0.7875515818595886,0.6108719110488892,0.924892008304596,0.0,0.017870258539915085,0.01632031239569187,7.871889980264385,7.871889591217041,6.875800132751465,0.16976377367973328,0.178495854139328,0.15166521072387695,0.11113060265779495,3.8202083110809326,1.5029881000518799,0.00020136983682210018,nan,nan,nan,0,0
1,16,0.6901465058326721,0.6812061667442322,0.4632962942123413,1.0363671779632568,0.0,0.01788070611655712,0.01628125086426735,8.422223509143961,8.422224044799805,7.885500907897949,0.18940120935440063,0.22064043581485748,0.18706341087818146,0.0900510773062706,2.9368464946746826,1.5031827688217163,0.00020155851540663502,nan,nan,nan,0,0
1,17,1.348504662513733,1.3397533893585205,1.7802417278289795,0.8964866399765015,0.0,0.017502466216683388,0.01770312339067459,19.844180140899088,19.844179153442383,18.24952507019043,0.446628212928772,0.5369333624839783,0.4420827031135559,0.3078712224960327,7.743921756744385,1.5033776760101318,0.00020175935230393248,nan,nan,nan,0,0
1,18,1.3960492610931396,1.3873114585876465,1.9051302671432495,1.0064401626586914,0.0,0.01747560314834118,0.017804687842726707,16.59299707264482,16.59299659729004,14.37143611907959,0.38571614027023315,0.39094477891921997,0.3667067885398865,0.3624943494796753,8.25965404510498,1.50357186794281,0.00020197234479613297,nan,nan,nan,0,0
1,19,0.6330156922340393,0.6237931847572327,0.3913734555244446,0.7688644528388977,0.0,0.018445037305355072,0.014187500812113285,3.7594158937393063,3.759415864944458,3.478452682495117,0.0854920968413353,0.0973808616399765,0.07140845060348511,0.03276188671588898,1.4179599285125732,1.50376558303833,0.00020219749000087873,nan,nan,nan,0,0
1,20,0.8265083432197571,0.8177053332328796,0.6640342473983765,0.7507843375205994,0.0,0.0176059752702713,0.01731250062584877,7.331671304424175,7.331671237945557,6.6977410316467285,0.17491471767425537,0.20323975384235382,0.1690569370985031,0.11734563112258911,2.963008165359497,1.5039606094360352,0.00020243478487135436,nan,nan,nan,0,0
1,21,0.6820982694625854,0.6730384230613708,0.4619862735271454,0.9534950256347656,0.0,0.01811968721449375,0.015390625223517418,7.27968015420627,7.279679775238037,6.376602649688721,0.1697108894586563,0.1737212836742401,0.14779628813266754,0.13736575841903687,3.4975688457489014,1.5041550397872925,0.00020268422619632606,nan,nan,nan,0,0
1,22,0.7368265390396118,0.7281104326248169,0.5272681713104248,0.6573852896690369,0.0,0.017432253807783127,0.01796874962747097,4.349226110598666,4.349225997924805,4.061286926269531,0.09620258957147598,0.12503193318843842,0.08335709571838379,0.04817211627960205,1.545172929763794,1.5043485164642334,0.00020294581060018697,nan,nan,nan,0,0
1,23,0.9442316889762878,0.9349283576011658,0.8659031391143799,0.6963075399398804,0.0,0.01860666647553444,0.013593750074505806,12.89746425180421,12.897464752197266,10.901690483093262,0.3142322599887848,0.30984559655189514,0.3122269809246063,0.3168017268180847,6.863317966461182,1.5045440196990967,0.00020321953454300115,nan,nan,nan,0,0
1,24,0.8678461313247681,0.8588199019432068,0.7277435064315796,0.8273223638534546,0.0,0.018052445724606514,0.01564062386751175,9.485465054318642,9.485465049743652,8.537724494934082,0.22815322875976562,0.2593323886394501,0.21835178136825562,0.16420824825763702,4.1094231605529785,1.504740595817566,0.00020350539432055286,nan,nan,nan,0,0
1,25,0.5909568071365356,0.5820550918579102,0.3358253240585327,1.0320541858673096,0.0,0.017803482711315155,0.0165703147649765,6.8357282318968045,6.835728168487549,6.401521682739258,0.15977419912815094,0.19380733370780945,0.1619647890329361,0.10492958873510361,2.3764193058013916,1.504939317703247,0.00020380338606439574,nan,nan,nan,0,0
1,26,0.4770660400390625,0.4676697552204132,0.21664392948150635,0.9011377692222595,0.0,0.01879255659878254,0.012914062477648258,5.272775412251779,5.272775650024414,4.970716953277588,0.12486641854047775,0.1530819833278656,0.13278934359550476,0.08125504106283188,1.7409400939941406,1.5051405429840088,0.0002041135057419055,nan,nan,nan,0,0
1,27,0.5587671399116516,0.5497723817825317,0.30337902903556824,0.7753802537918091,0.0,0.017989518120884895,0.01587500050663948,1.9121876463362384,1.9121876955032349,1.7043660879135132,0.047894664108753204,0.05318906530737877,0.04267069324851036,0.02662193961441517,0.8625226616859436,1.5053389072418213,0.00020443574915633483,nan,nan,nan,0,0
1,28,0.6756560206413269,0.6666539311408997,0.4381605088710785,0.8685895800590515,0.0,0.018004190176725388,0.01582031510770321,6.852037512949137,6.85203742980957,6.452171802520752,0.1705826222896576,0.23966751992702484,0.16677671670913696,0.10756349563598633,2.279029130935669,1.505538821220398,0.0002047701119468699,nan,nan,nan,0,0
1,29,0.6798808574676514,0.671151340007782,0.4579872786998749,0.9646047353744507,0.0,0.01745907962322235,0.017867187038064003,5.420563252676875,5.420563220977783,4.9876322746276855,0.12651380896568298,0.16223864257335663,0.12444498389959335,0.06199798732995987,2.108168125152588,1.5057374238967896,0.00020511658958868883,nan,nan,nan,0,0
1,30,0.37426188588142395,0.3653861880302429,0.13435477018356323,0.7951149940490723,0.0,0.017751401290297508,0.016765626147389412,1.2975357768690867,1.29753577709198,1.1942737102508545,0.030619803816080093,0.03960169851779938,0.028250006958842278,0.014591546729207039,0.5037782788276672,1.5059343576431274,0.00020547517739302398,nan,nan,nan,0,0
1,31,0.4853518605232239,0.4765322804450989,0.22433561086654663,1.0682940483093262,0.0,0.01763916015625,0.01718750223517418,6.1099751786813234,6.1099748611450195,5.587441921234131,0.15107594430446625,0.20983253419399261,0.1643747091293335,0.12860940396785736,2.4498727321624756,1.5061336755752563,0.00020584587050722475,nan,nan,nan,0,0
1,32,1.095709204673767,1.0871113538742065,1.158656358718872,0.6551183462142944,0.0,0.017195813357830048,0.018867187201976776,13.456310340409004,13.456310272216797,11.571863174438477,0.3171733319759369,0.45778539776802063,0.32419130206108093,0.28507205843925476,6.831378936767578,1.506332516670227,0.00020622866391482278,nan,nan,nan,0,0
1,33,0.7283434867858887,0.7197691202163696,0.5171966552734375,1.0396475791931152,0.0,0.01714872382581234,0.019046874716877937,7.406097870448232,7.406098365783691,6.626218795776367,0.17441579699516296,0.26219815015792847,0.17942927777767181,0.14415809512138367,3.2850213050842285,1.5065311193466187,0.00020662355243560178,nan,nan,nan,0,0
1,34,0.9832121729850769,0.9742854237556458,0.9370170831680298,0.9889861941337585,0.0,0.01785355433821678,0.016382811591029167,11.43036964021908,11.43036937713623,10.375601768493652,0.27456966042518616,0.37472185492515564,0.306382417678833,0.2321953922510147,4.757798671722412,1.5067306756973267,0.00020703053072566478,nan,nan,nan,0,0
1,35,0.6211540699005127,0.6123676896095276,0.37137770652770996,0.7245877981185913,0.0,0.017572816461324692,0.01743749901652336,5.342090648628096,5.342090606689453,4.840179443359375,0.13899804651737213,0.18076203763484955,0.11563106626272202,0.07175923138856888,2.2450122833251953,1.5069280862808228,0.0002074495932775089,nan,nan,nan,0,0
1,36,0.474690318107605,0.465422123670578,0.2162729650735855,0.6926001906394958,0.0,0.018536396324634552,0.013851562514901161,4.879481544903239,4.879481315612793,4.581398963928223,0.11671402305364609,0.18948018550872803,0.1095370426774025,0.06273799389600754,1.6597181558609009,1.5071254968643188,0.000207880734420098,nan,nan,nan,0,0
1,37,0.657360315322876,0.6487244367599487,0.4171912670135498,0.847602903842926,0.0,0.01727171055972576,0.018578125163912773,2.0735777135886555,2.073577642440796,1.886324405670166,0.050608761608600616,0.06628038734197617,0.04810110852122307,0.016438262537121773,0.8555504083633423,1.5073182582855225,0.0002083239483189421,nan,nan,nan,0,0
1,38,0.5817740559577942,0.572888970375061,0.3277466893196106,0.9616984724998474,0.0,0.01777014322578907,0.016695311293005943,3.890350141482392,3.890350103378296,3.6395370960235596,0.11178332567214966,0.15195894241333008,0.08929026871919632,0.0561162568628788,1.3571606874465942,1.5075119733810425,0.00020877922897617252,nan,nan,nan,0,0
1,39,0.4544198215007782,0.44540828466415405,0.19824442267417908,0.9719400405883789,0.0,0.018023062497377396,0.01575000025331974,1.8082908797733026,1.808290958404541,1.6486546993255615,0.052946582436561584,0.05206417292356491,0.030575010925531387,0.024003831669688225,0.7381250262260437,1.507698655128479,0.00020924657023062613,nan,nan,nan,0,0
1,40,1.1333324909210205,1.1246699094772339,1.3497236967086792,0.22330603003501892,0.0,0.01732514053583145,0.018375001847743988,15.541752000714276,15.541751861572266,12.680091857910156,0.34816980361938477,0.5526667237281799,0.40531226992607117,0.36459824442863464,8.946365356445312,1.5078847408294678,0.0002097259657579283,nan,nan,nan,0,0
1,41,0.5455064177513123,0.5367903113365173,0.28971758484840393,0.25697943568229675,0.0,0.017432253807783127,0.01796875149011612,2.8442015736893986,2.8442015647888184,2.6333866119384766,0.07469607144594193,0.121322400867939,0.06356683373451233,0.032673489302396774,1.062709093093872,1.5080722570419312,0.00021021740907057641,nan,nan,nan,0,0
1,42,0.8084463477134705,0.7999566793441772,0.6492600440979004,0.1832626461982727,0.0,0.016979312524199486,0.019695313647389412,12.717400705486924,12.717400550842285,11.011516571044922,0.3149399161338806,0.554810106754303,0.2996273934841156,0.24103684723377228,6.318536758422852,1.5082602500915527,0.0002107208935180308,nan,nan,nan,0,0
1,43,0.9743257761001587,0.9662275314331055,0.9268478155136108,0.5351442098617554,0.0,0.016196541488170624,0.022734375670552254,14.902464960221248,14.902464866638184,12.247441291809082,0.40334993600845337,0.6074948310852051,0.35464417934417725,0.31720656156539917,8.445443153381348,1.5084505081176758,0.00021123641228680133,nan,nan,nan,0,0
1,44,0.7196587920188904,0.7114417552947998,0.49825477600097656,0.1430683135986328,0.0,0.016434038057923317,0.0218046884983778,8.507015069054646,8.507015228271484,7.1338791847229,0.20979279279708862,0.36830925941467285,0.20696373283863068,0.1768798977136612,4.606873989105225,1.5086408853530884,0.00021176395840054253,nan,nan,nan,0,0
1,45,0.49566707015037537,0.48691582679748535,0.23253606259822845,0.06396391242742538,0.0,0.01750246249139309,0.01770312525331974,3.465946611210522,3.465946674346924,2.934536933898926,0.08039994537830353,0.13769370317459106,0.08259010314941406,0.05952996760606766,1.8345272541046143,1.5088318586349487,0.00021230352472014695,nan,nan,nan,0,0
1,46,0.566918671131134,0.5583258867263794,0.3158934712409973,0.09774189442396164,0.0,0.017185572534799576,0.018906250596046448,2.7096088666444587,2.709608793258667,2.308040142059326,0.07460235804319382,0.10757319629192352,0.07766614854335785,0.06604789942502975,1.4097514152526855,1.5090240240097046,0.0002128551039438408,nan,nan,nan,0,0
1,47,0.7420626282691956,0.733448326587677,0.534581184387207,0.0690791979432106,0.0,0.017228614538908005,0.018742186948657036,7.06246672042032,7.062466621398926,5.9203596115112305,0.19832131266593933,0.2891136407852173,0.1484902948141098,0.11717773228883743,3.8300235271453857,1.5092159509658813,0.00021341868860728442,nan,nan,nan,0,0
1,48,0.9241968393325806,0.9160327911376953,0.8322840929031372,0.07317611575126648,0.0,0.016328049823641777,0.022218752652406693,5.889425700197004,5.889425754547119,4.9501166343688965,0.16176195442676544,0.24336937069892883,0.12193327397108078,0.09206394106149673,3.1737897396087646,1.5094258785247803,0.00021399427108367212,nan,nan,nan,0,0
1,49,0.9509884715080261,0.9427724480628967,0.8673083782196045,0.12099000066518784,0.0,0.016432037577033043,0.021812500432133675,7.634825111999915,7.634825229644775,6.3260602951049805,0.19640663266181946,0.3163359761238098,0.14778777956962585,0.11665373295545578,4.254106521606445,1.5096391439437866,0.0002145818435838353,nan,nan,nan,0,0
1,50,0.5306955575942993,0.5221559405326843,0.27845996618270874,0.02763526327908039,0.0,0.017079224810004234,0.019312502816319466,1.745816449861873,1.7458164691925049,1.5278737545013428,0.04821162298321724,0.06950865685939789,0.03683069720864296,0.01173173263669014,0.8395397067070007,1.509848952293396,0.00021518139815634952,nan,nan,nan,0,0
1,51,0.5629957914352417,0.5542218089103699,0.31284087896347046,0.03707307577133179,0.0,0.01754797250032425,0.017531251534819603,5.402170841854164,5.4021711349487305,4.639967918395996,0.13785748183727264,0.20136937499046326,0.1514492630958557,0.09918766468763351,2.749876022338867,1.5100550651550293,0.0002157929266876394,nan,nan,nan,0,0
1,52,0.4891214966773987,0.48046714067459106,0.2295832484960556,0.023691410198807716,0.0,0.017308691516518593,0.018437499180436134,4.520447910839891,4.520448207855225,3.9869914054870605,0.11783482879400253,0.17169147729873657,0.13230082392692566,0.11021532863378525,2.1131339073181152,1.5102566480636597,0.00021641642090209148,nan,nan,nan,0,0
1,53,0.7725580930709839,0.7644140124320984,0.5849883556365967,0.11646794527769089,0.0,0.016288140788674355,0.022374998778104782,3.885108027626422,3.88510799407959,3.2473275661468506,0.10511340200901031,0.16285008192062378,0.10218894481658936,0.0956450030207634,2.1193792819976807,1.5104596614837646,0.0002170518723621632,nan,nan,nan,0,0
1,54,0.3483821153640747,0.33973804116249084,0.1156097799539566,0.04527425765991211,0.0,0.017288140952587128,0.018515625968575478,2.834506024207446,2.834506034851074,2.3776743412017822,0.07551258057355881,0.11595945805311203,0.06906996667385101,0.05073675885796547,1.5344691276550293,1.5106626749038696,0.00021769927246849982,nan,nan,nan,0,0
1,55,0.6548579335212708,0.6461778879165649,0.4137246012687683,0.022081317380070686,0.0,0.017360124737024307,0.018242187798023224,6.342021712748127,6.342021465301514,5.342422962188721,0.17309632897377014,0.26364266872406006,0.12365147471427917,0.0873808041214943,3.3996119499206543,1.5108674764633179,0.00021835861246004827,nan,nan,nan,0,0
1,56,0.5387138724327087,0.5304104685783386,0.27659350633621216,0.14814163744449615,0.0,0.016606753692030907,0.02113281562924385,3.110250661173016,3.11025071144104,2.63312029838562,0.08635929226875305,0.13344958424568176,0.07348783314228058,0.05730372667312622,1.6451096534729004,1.5110728740692139,0.0002190298834141781,nan,nan,nan,0,0
1,57,0.493339866399765,0.4850555956363678,0.2323550432920456,0.059221718460321426,0.0,0.016568515449762344,0.021281251683831215,4.578217606593459,4.578217506408691,3.918938398361206,0.122990682721138,0.20477065443992615,0.11337115615606308,0.08089563250541687,2.350647449493408,1.511279821395874,0.00021971307624680018,nan,nan,nan,0,0
1,58,0.8780634999275208,0.8697641491889954,0.7470656037330627,0.17779363691806793,0.0,0.01659870147705078,0.0211640652269125,9.558028313822444,9.558028221130371,8.065789222717285,0.2729589641094208,0.4160456359386444,0.23720408976078033,0.20252448320388794,5.094513416290283,1.5114895105361938,0.00022040818171249104,nan,nan,nan,0,0
1,59,0.3969551920890808,0.38835933804512024,0.15114383399486542,0.009868552908301353,0.0,0.017191719263792038,0.018882814794778824,2.6342150613873114,2.6342151165008545,2.2715728282928467,0.07331152260303497,0.12172084301710129,0.07864034920930862,0.06445986032485962,1.3223146200180054,1.5116987228393555,0.000221115190404617,nan,nan,nan,0,0
1,60,0.5587219595909119,0.5500109791755676,0.304597944021225,0.5388808250427246,0.0,0.017421938478946686,0.018007813021540642,0.8557738248035732,0.8557738661766052,0.7764649987220764,0.02766950987279415,0.020548220723867416,0.02058626152575016,0.027772920206189156,0.3564659655094147,1.5119022130966187,0.00022183409275546256,nan,nan,nan,0,0
1,61,0.2669576108455658,0.25755491852760315,0.06590995192527771,0.3848891854286194,0.0,0.018805410712957382,0.012867188081145287,0.4032710793581397,0.4032710790634155,0.3722497522830963,0.012084041722118855,0.015771174803376198,0.011845292523503304,0.009249439463019371,0.153091698884964,1.5120989084243774,0.00022256487903635886,nan,nan,nan,0,0
1,62,0.5468800067901611,0.537934422492981,0.2860938012599945,0.5154995918273926,0.0,0.017891153693199158,0.016242187470197678,3.3631756282902754,3.363175868988037,3.010099411010742,0.09111255407333374,0.12512898445129395,0.06603588908910751,0.02747882343828678,1.4903614521026611,1.5122987031936646,0.00022330753935781563,nan,nan,nan,0,0
1,63,0.9380302429199219,0.9297510385513306,0.8669980764389038,0.48395776748657227,0.0,0.016558462753891945,0.021320311352610588,4.197448996564524,4.197449207305908,3.715442180633545,0.125712588429451,0.17614233493804932,0.08993221819400787,0.07113874703645706,1.937547206878662,1.5125017166137695,0.00022406206366965583,nan,nan,nan,0,0
1,64,0.5717014074325562,0.5628423690795898,0.3204471468925476,0.5613398551940918,0.0,0.017718106508255005,0.016890626400709152,3.3965607477624684,3.3965606689453125,2.8916707038879395,0.09749312698841095,0.13839973509311676,0.06321068108081818,0.06349498778581619,1.7714905738830566,1.5127068758010864,0.00022482844176114963,nan,nan,nan,0,0
1,65,0.4994793236255646,0.490658700466156,0.24169395864009857,0.6664568781852722,0.0,0.017641238868236542,0.017179686576128006,3.4534784382315045,3.4534783363342285,3.11171555519104,0.10627763718366623,0.15443922579288483,0.07933320105075836,0.054695531725883484,1.4830063581466675,1.5129176378250122,0.00022560666326115557,nan,nan,nan,0,0
1,66,0.5711899995803833,0.5626983046531677,0.31380894780158997,0.7919909358024597,0.0,0.016983384266495705,0.019679687917232513,2.741582040869639,2.741582155227661,2.4701247215270996,0.08488741517066956,0.11332906782627106,0.06119811162352562,0.03727531060576439,1.1788010597229004,1.5131343603134155,0.00022639671763825765,nan,nan,nan,0,0
1,67,0.3369339108467102,0.32790663838386536,0.10894014686346054,0.4393618702888489,0.0,0.018054543063044548,0.015632813796401024,1.4178909286834305,1.417891025543213,1.2945458889007568,0.03876958042383194,0.040165502578020096,0.026843296363949776,0.02325589209794998,0.5746197700500488,1.513353705406189,0.00022719859420091012,nan,nan,nan,0,0
1,68,0.5181238055229187,0.5093021392822266,0.25820910930633545,0.5005165934562683,0.0,0.017643311992287636,0.01717187650501728,2.0914804933757667,2.0914804935455322,1.9339500665664673,0.06580851972103119,0.09728128463029861,0.049733128398656845,0.032162219285964966,0.7853824496269226,1.5135749578475952,0.00022801228209758215,nan,nan,nan,0,0
1,69,0.37683016061782837,0.3677387535572052,0.1386345773935318,0.5931283831596375,0.0,0.01818283647298813,0.01515625137835741,0.8093989632450606,0.8093989491462708,0.7410207986831665,0.024611707776784897,0.0364442840218544,0.02144463360309601,0.008689853362739086,0.32178494334220886,1.5137939453125,0.00022883777031690268,nan,nan,nan,0,0
1,70,0.5416675209999084,0.5329689383506775,0.28307265043258667,0.916491687297821,0.0,0.01739720068871975,0.018101561814546585,4.122113466113164,4.122113227844238,3.702019691467285,0.12745574116706848,0.1946576088666916,0.09356644749641418,0.059294622391462326,1.7945647239685059,1.5140180587768555,0.00022967504768781175,nan,nan,nan,0,0
1,71,0.7114945650100708,0.7028093338012695,0.48941031098365784,0.6113897562026978,0.0,0.017370417714118958,0.018203124403953552,9.507965255837618,9.507965087890625,8.482155799865723,0.291708767414093,0.4663604497909546,0.26146015524864197,0.16677412390708923,4.249197006225586,1.514243483543396,0.00023052410287971057,nan,nan,nan,0,0
1,72,0.6603542566299438,0.6512712836265564,0.44529619812965393,0.3911689817905426,0.0,0.018165986984968185,0.015218750573694706,5.337881662686017,5.337881565093994,4.586639404296875,0.16615797579288483,0.2553230822086334,0.12899857759475708,0.09735716134309769,2.708653211593628,1.5144718885421753,0.0002313849244026144,nan,nan,nan,0,0
1,73,0.5712072253227234,0.5623700022697449,0.3156462013721466,0.6612512469291687,0.0,0.017674457281827927,0.017054686322808266,4.284824881174449,4.284824848175049,3.8822712898254395,0.1314401477575302,0.19712595641613007,0.10555881261825562,0.06806312501430511,1.7932605743408203,1.5147031545639038,0.00023225750060730955,nan,nan,nan,0,0
1,74,0.728223443031311,0.7194722294807434,0.5102181434631348,0.6284703612327576,0.0,0.01750246249139309,0.01770312525331974,4.459071960000622,4.459072113037109,4.010770320892334,0.15779028832912445,0.1991182267665863,0.10227158665657043,0.0700000524520874,1.9279882907867432,1.5149399042129517,0.00023314181968550922,nan,nan,nan,0,0
1,75,0.6193394660949707,0.6105509996414185,0.37019264698028564,0.6391168832778931,0.0,0.01757696084678173,0.017421875149011612,6.634510879503346,6.634510517120361,6.175632953643799,0.21588999032974243,0.326729416847229,0.17491522431373596,0.1328268051147461,2.3825812339782715,1.5151770114898682,0.00023403786967001448,nan,nan,nan,0,0
1,76,0.7166484594345093,0.7079827785491943,0.5022287964820862,0.7000854015350342,0.0,0.017331315204501152,0.018351562321186066,4.596373471680631,4.596373558044434,4.004249572753906,0.162334144115448,0.22217059135437012,0.1069895401597023,0.08327648043632507,2.23574161529541,1.5154179334640503,0.00023494563843487622,nan,nan,nan,0,0
1,77,0.5643458962440491,0.5560142993927002,0.31384730339050293,0.1552215814590454,0.0,0.01666318066418171,0.02091406285762787,2.9272473252515607,2.9272472858428955,2.519418716430664,0.10006962716579437,0.14789655804634094,0.061649736016988754,0.04228132963180542,1.4777789115905762,1.5156606435775757,0.00023586511369555864,nan,nan,nan,0,0
1,78,0.47376176714897156,0.465309739112854,0.21406999230384827,0.030034663155674934,0.0,0.016904063522815704,0.019984373822808266,3.7360731465603068,3.7360730171203613,3.03255558013916,0.11629901081323624,0.17601700127124786,0.0933070182800293,0.06994272023439407,2.168811559677124,1.515900731086731,0.00023679628300910557,nan,nan,nan,0,0
1,79,0.8017822504043579,0.7932446599006653,0.6139578819274902,0.05214225873351097,0.0,0.01707514189183712,0.019328124821186066,6.470879727756729,6.470879554748535,5.15482234954834,0.20968212187290192,0.3184593617916107,0.13959519565105438,0.12602820992469788,3.888359308242798,1.5161405801773071,0.00023773913377430917,nan,nan,nan,0,0
1,80,0.5424920916557312,0.5341746211051941,0.28327682614326477,0.06656650453805923,0.0,0.016634956002235413,0.02102343738079071,3.424894429674415,3.424894332885742,2.7569897174835205,0.11596295982599258,0.16990560293197632,0.06735382229089737,0.06087908148765564,2.0194928646087646,1.5163806676864624,0.00023869365323188124,nan,nan,nan,0,0
1,81,0.5666454434394836,0.5580863952636719,0.3178764581680298,0.08614066243171692,0.0,0.017118046060204506,0.019164063036441803,4.758121853762929,4.758121967315674,3.940652847290039,0.1595512479543686,0.24423421919345856,0.10063237696886063,0.07797049731016159,2.6475772857666016,1.5166211128234863,0.00023965982846462343,nan,nan,nan,0,0
1,82,0.5271223783493042,0.5184320211410522,0.27524659037590027,0.17308452725410461,0.0,0.017380714416503906,0.01816406287252903,3.8054339358112093,3.805433988571167,3.2838571071624756,0.11484986543655396,0.18263158202171326,0.10467532277107239,0.07727827876806259,1.9063410758972168,1.5168572664260864,0.00024063764639760507,nan,nan,nan,0,0
1,83,0.5791646838188171,0.5707167387008667,0.3247982859611511,0.1733020544052124,0.0,0.01689593866467476,0.020015625283122063,3.3786541897462112,3.3786542415618896,2.772045373916626,0.109730564057827,0.1692577749490738,0.08249017596244812,0.059615809470415115,1.9183380603790283,1.5170921087265015,0.0002416270937983377,nan,nan,nan,0,0
1,84,0.4671168029308319,0.45869722962379456,0.21026945114135742,0.03322599083185196,0.0,0.01683911867439747,0.020234374329447746,1.48827669318484,1.488276720046997,1.288917899131775,0.061330582946538925,0.06104877591133118,0.020415455102920532,0.02721390686929226,0.7382495403289795,1.517325758934021,0.00024262815727695594,nan,nan,nan,0,0
1,85,0.7626522183418274,0.7542721629142761,0.5606382489204407,0.032101284712553024,0.0,0.01676013693213463,0.020539062097668648,6.308529045160767,6.308528900146484,5.134852409362793,0.24844960868358612,0.3029256761074066,0.1026867926120758,0.06495358049869537,3.641781806945801,1.517561674118042,0.00024364082328639657,nan,nan,nan,0,0
1,86,0.7046942114830017,0.696238100528717,0.4857022166252136,0.01823606714606285,0.0,0.0169121902436018,0.019953127950429916,3.6744507427100745,3.6744508743286133,3.003166437149048,0.14221671223640442,0.18774858117103577,0.06133734807372093,0.040073856711387634,2.102792501449585,1.5177984237670898,0.0002446650781225848,nan,nan,nan,0,0
1,87,0.45286574959754944,0.44468075037002563,0.2021913081407547,0.013271499425172806,0.0,0.016370004042983055,0.02205468714237213,2.1841249598871717,2.1841249465942383,1.88167405128479,0.08960207551717758,0.07768864184617996,0.04095124825835228,0.06200551614165306,1.1000540256500244,1.5180368423461914,0.0002457009079246165,nan,nan,nan,0,0
1,88,0.4141847491264343,0.4055786430835724,0.16219349205493927,0.017236677929759026,0.0,0.017212212085723877,0.01880468986928463,3.0211798341861194,3.0211799144744873,2.4840903282165527,0.11688853800296783,0.1758691966533661,0.06808169186115265,0.05949482321739197,1.7041288614273071,1.5182777643203735,0.00024674829867494846,nan,nan,nan,0,0
1,89,0.531316339969635,0.5228998064994812,0.2766360342502594,0.02598850429058075,0.0,0.01683303527534008,0.02025781199336052,1.7133069884147685,1.7133070230484009,1.3980642557144165,0.06412288546562195,0.0917108803987503,0.031024537980556488,0.014700748026371002,0.9834306836128235,1.5185186862945557,0.00024780723619958664,nan,nan,nan,0,0
1,90,0.42738789319992065,0.4189053475856781,0.17282558977603912,0.017806559801101685,0.0,0.016965065151453018,0.019750000908970833,2.1861385326881244,2.18613862991333,1.805648922920227,0.08561224490404129,0.11402276158332825,0.029057925567030907,0.01848527230322361,1.223649024963379,1.5187581777572632,0.00024887770616827793,nan,nan,nan,0,0
1,91,0.8041737675666809,0.7962328195571899,0.6291954517364502,0.04481013864278793,0.0,0.01588190719485283,0.023976564407348633,5.903276999096899,5.9032769203186035,4.745761871337891,0.22897949814796448,0.3510449230670929,0.12487410008907318,0.1295611411333084,3.4811463356018066,1.518999457359314,0.000249959694094705,nan,nan,nan,0,0
1,92,0.9880404472351074,0.9801221489906311,0.9568589925765991,0.061802271753549576,0.0,0.015836652368307114,0.024156248196959496,7.993578656485172,7.9935784339904785,6.239509105682373,0.29574763774871826,0.47131550312042236,0.16316668689250946,0.1840812861919403,4.95940637588501,1.5192430019378662,0.0002510531853366811,nan,nan,nan,0,0
1,93,0.46074244379997253,0.45265311002731323,0.20452390611171722,0.021694419905543327,0.0,0.016178647056221962,0.02280469238758087,1.995352247677012,1.9953523874282837,1.7354578971862793,0.0859702005982399,0.08641013503074646,0.035134632140398026,0.04841586947441101,0.97528475522995,1.5194872617721558,0.00025215816509634994,nan,nan,nan,0,0
1,94,0.379792183637619,0.3718265891075134,0.13736340403556824,0.03405226022005081,0.0,0.01593117229640484,0.023781251162290573,1.6483870725659935,1.64838707447052,1.3103249073028564,0.06252294778823853,0.10128811001777649,0.03127317130565643,0.01947811059653759,0.9923219084739685,1.5197346210479736,0.00025327461842038364,nan,nan,nan,0,0
1,95,0.5609928965568542,0.5526643395423889,0.3128809630870819,0.10942942649126053,0.0,0.016657128930091858,0.020937500521540642,0.8488152462944782,0.8488152027130127,0.6878045201301575,0.031358957290649414,0.05167337879538536,0.018230484798550606,0.01076482329517603,0.49326515197753906,1.5199792385101318,0.0002544025302001875,nan,nan,nan,0,0
1,96,0.47884830832481384,0.4698525071144104,0.21874409914016724,0.0029752529226243496,0.0,0.01799161359667778,0.015867188572883606,2.9161885017938265,2.9161884784698486,2.3989720344543457,0.10463256388902664,0.17887821793556213,0.05762293189764023,0.026479167863726616,1.643813133239746,1.5202205181121826,0.0002555418851721027,nan,nan,nan,0,0
1,97,0.7992503643035889,0.7919090390205383,0.6183838248252869,0.01773170195519924,0.0,0.01468262355774641,0.028828125447034836,2.6070369784801106,2.60703706741333,2.201690912246704,0.10644278675317764,0.13213200867176056,0.044380880892276764,0.05544288828969002,1.383967638015747,1.5204652547836304,0.00025669266791761335,nan,nan,nan,0,0
1,98,0.4926730990409851,0.48410487174987793,0.23029036819934845,0.025299087166786194,0.0,0.01713644713163376,0.019093750044703484,3.1043751225758087,3.104375123977661,2.510516405105591,0.12058403342962265,0.1998458057641983,0.0536971390247345,0.031570930033922195,1.8099981546401978,1.5207105875015259,0.00025785486286355585,nan,nan,nan,0,0
1,99,0.5213032960891724,0.5126561522483826,0.26068323850631714,0.32229354977607727,0.0,0.017294304445385933,0.018492188304662704,2.6058398921031056,2.605839967727661,2.311222791671753,0.10641014575958252,0.12253141403198242,0.049038682132959366,0.06257567554712296,1.1899551153182983,1.5209565162658691,0.00025902845428232846,nan,nan,nan,0,0
1,100,0.372158408164978,0.36344847083091736,0.13244186341762543,0.33733445405960083,0.0,0.017419876530766487,0.018015624955296516,1.2074068932456945,1.2074068784713745,1.0752873420715332,0.050472140312194824,0.05678366869688034,0.023624146357178688,0.030229119583964348,0.5425355434417725,1.5212018489837646,0.00026021342629210494,nan,nan,nan,0,0
1,101,0.44313812255859375,0.4345453381538391,0.18835113942623138,0.30933499336242676,0.0,0.017185572534799576,0.018906250596046448,1.5717339239725103,1.5717339515686035,1.3893862962722778,0.07021479308605194,0.07806158810853958,0.02856510318815708,0.034730423241853714,0.7258838415145874,1.521446704864502,0.00026140976285704944,nan,nan,nan,0,0
1,102,0.47850289940834045,0.4697640538215637,0.21908274292945862,0.39725494384765625,0.0,0.017477668821811676,0.017796875908970833,3.7215559163480942,3.721555709838867,3.280888557434082,0.19724823534488678,0.2380279153585434,0.07340123504400253,0.05048394575715065,1.7269186973571777,1.5216951370239258,0.0002626174477875329,nan,nan,nan,0,0
1,103,0.3811699450016022,0.3726996183395386,0.13945864140987396,0.3741404116153717,0.0,0.0169406495988369,0.019843751564621925,0.8863451365151177,0.8863451480865479,0.8023682832717896,0.04627600312232971,0.03353990986943245,0.01869879849255085,0.026244301348924637,0.3708207607269287,1.5219707489013672,0.0002638364647403531,nan,nan,nan,0,0
1,104,0.445269912481308,0.4369443655014038,0.1908876746892929,0.013807155191898346,0.0,0.016651080921292305,0.020960938185453415,1.3749799973591579,1.3749799728393555,1.1722495555877686,0.07146749645471573,0.0934167355298996,0.019252579659223557,0.021327724680304527,0.7083368897438049,1.522254467010498,0.00026506679721895513,nan,nan,nan,0,0
1,105,0.42158663272857666,0.4134714603424072,0.17128974199295044,0.01862863451242447,0.0,0.01623036339879036,0.02260156348347664,1.4277062077172273,1.427706241607666,1.2552263736724854,0.07830367237329483,0.07445012032985687,0.026326661929488182,0.037333469837903976,0.6700676083564758,1.5225399732589722,0.0002663084285736547,nan,nan,nan,0,0
1,106,0.7191844582557678,0.7113299369812012,0.5078504085540771,0.006508322898298502,0.0,0.015709100291132927,0.02466406300663948,3.8754224199023612,3.875422239303589,3.315615653991699,0.21104207634925842,0.1913970559835434,0.08084990829229355,0.12177233397960663,1.9806703329086304,1.5228235721588135,0.00026756134200186317,nan,nan,nan,0,0
1,107,0.5267345309257507,0.5184029340744019,0.2671126127243042,0.026502186432480812,0.0,0.01666318066418171,0.020914066582918167,2.0611992202180693,2.061199188232422,1.6476370096206665,0.08960337936878204,0.13731615245342255,0.05579894408583641,0.03490031883120537,1.225813388824463,1.5231025218963623,0.0002688255205483157,nan,nan,nan,0,0
1,108,0.32523223757743835,0.3169228136539459,0.10109969973564148,0.0046867192722857,0.0,0.016618838533759117,0.021085936576128006,1.1148280926713616,1.114828109741211,0.8968634605407715,0.05670850723981857,0.08583064377307892,0.023426277562975883,0.01895449310541153,0.6534422636032104,1.5233814716339111,0.00027010094710530077,nan,nan,nan,0,0
1,109,0.36911776661872864,0.36083751916885376,0.12901069223880768,0.0019101888174191117,0.0,0.016560472548007965,0.021312501281499863,1.6569437556414548,1.6569437980651855,1.2979803085327148,0.0836850181221962,0.12066353112459183,0.03251783922314644,0.029539033770561218,1.018438458442688,1.523659110069275,0.0002713876044128903,nan,nan,nan,0,0
1,110,0.4560667872428894,0.44745656847953796,0.20002786815166473,0.0102982297539711,0.0,0.01722041331231594,0.018773438408970833,1.196485142430545,1.196485161781311,0.9727267622947693,0.06449490785598755,0.08833282440900803,0.018246175721287727,0.012941280379891396,0.6876893639564514,1.5239380598068237,0.00027268547505917467,nan,nan,nan,0,0
1,111,0.46592795848846436,0.4576205611228943,0.21081189811229706,0.008691515773534775,0.0,0.01661480776965618,0.021101562306284904,3.23750249433865,3.2375025749206543,2.5666136741638184,0.17240799963474274,0.24294434487819672,0.04812372848391533,0.04034098610281944,1.9496735334396362,1.5242151021957397,0.0002739945414804983,nan,nan,nan,0,0
1,112,0.5889631509780884,0.5809827446937561,0.3368477523326874,0.020125748589634895,0.0,0.015960771590471268,0.023664064705371857,2.397911049487947,2.3979110717773438,1.9679547548294067,0.13534985482692719,0.15865536034107208,0.0333133190870285,0.04538927227258682,1.352948784828186,1.5244933366775513,0.0002753147859616957,nan,nan,nan,0,0
1,113,0.5542856454849243,0.546078622341156,0.3008774220943451,0.006678885780274868,0.0,0.016414014622569084,0.021882813423871994,2.4791420425281947,2.4791419506073,2.090611219406128,0.1400386095046997,0.16783778369426727,0.03514907509088516,0.050649818032979965,1.3129770755767822,1.5247716903686523,0.0002766461906363337,nan,nan,nan,0,0
1,114,0.7192851305007935,0.7116367816925049,0.5055383443832397,0.0034738474059849977,0.0,0.01529666781425476,0.026320312172174454,4.436169290953197,4.436169147491455,3.7261276245117188,0.25168296694755554,0.31199589371681213,0.0636238381266594,0.07592896372079849,2.3717234134674072,1.525052547454834,0.0002779887374869509,nan,nan,nan,0,0
1,115,0.505752444267273,0.4974057078361511,0.2508235275745392,0.06595514714717865,0.0,0.016693448647856712,0.0207968782633543,2.4044425558759217,2.404442548751831,1.988779067993164,0.13893502950668335,0.183505117893219,0.03641359880566597,0.037612251937389374,1.3305578231811523,1.5253335237503052,0.0002793424083453026,nan,nan,nan,0,0
1,116,0.3763924241065979,0.36811017990112305,0.13515041768550873,0.007645796053111553,0.0,0.016564495861530304,0.021296875551342964,0.8648823838864802,0.8648824095726013,0.7297821044921875,0.04883147403597832,0.0633673220872879,0.011929914355278015,0.016847796738147736,0.4567422866821289,1.5256152153015137,0.00028070718489260735,nan,nan,nan,0,0
1,117,0.5025479197502136,0.4942837655544281,0.24119246006011963,0.037331193685531616,0.0,0.01652831956744194,0.021437501534819603,3.8609883252303554,3.8609883785247803,3.217454433441162,0.21583381295204163,0.3086848556995392,0.05636649578809738,0.04802184924483299,2.0994913578033447,1.5259003639221191,0.00028208304865979324,nan,nan,nan,0,0
1,118,0.4373382329940796,0.42957547307014465,0.18518659472465515,0.016355978325009346,0.0,0.01552554965019226,0.025398438796401024,1.8215921387976972,1.821592092514038,1.5014780759811401,0.10638393461704254,0.1380920559167862,0.027697062119841576,0.028855126351118088,1.0157631635665894,1.5261850357055664,0.000283469981027749,nan,nan,nan,0,0
1,119,0.4519716501235962,0.4437536299228668,0.19714103639125824,0.008104591630399227,0.0,0.01643604040145874,0.021796874701976776,1.871791030808119,1.8717910051345825,1.5767265558242798,0.10763014853000641,0.1401342898607254,0.02658788114786148,0.033110231161117554,0.9922247529029846,1.5264716148376465,0.0002848679632275759,nan,nan,nan,0,0
1,120,0.45252734422683716,0.444267213344574,0.1957997828722,0.004369157366454601,0.0,0.016520285978913307,0.0214687492698431,2.9383631015295357,2.9383630752563477,2.408357858657837,0.1691887229681015,0.24091093242168427,0.04346141964197159,0.03489017114043236,1.6565086841583252,1.5267598628997803,0.00028627697634084045,nan,nan,nan,0,0
1,121,0.6123698353767395,0.6043913960456848,0.36519283056259155,5.0524169637355953e-05,0.0,0.015956822782754898,0.023679688572883606,1.8923792374930715,1.8923792839050293,1.5495818853378296,0.11298338323831558,0.1469975858926773,0.02983715943992138,0.03897260129451752,1.0691643953323364,1.5270463228225708,0.0002876970012998328,nan,nan,nan,0,0
1,122,0.5005536675453186,0.4923706650733948,0.24137510359287262,0.018694918602705002,0.0,0.016366004943847656,0.02207031473517418,2.447239215961329,2.447239398956299,2.0667924880981445,0.1422310322523117,0.19405925273895264,0.03903590887784958,0.035816531628370285,1.287110447883606,1.5273373126983643,0.000289128018887823,nan,nan,nan,0,0
1,123,0.3731566369533539,0.36459147930145264,0.13226906955242157,0.003658971516415477,0.0,0.017130311578512192,0.019117187708616257,1.088499800536796,1.0884997844696045,0.9129806756973267,0.062439680099487305,0.0891193151473999,0.015661895275115967,0.020558936521410942,0.5820559859275818,1.5276297330856323,0.00029057000973932044,nan,nan,nan,0,0
1,124,0.6114777326583862,0.60343998670578,0.36080676317214966,0.01315680705010891,0.0,0.016075465828180313,0.02321094088256359,3.2590879213398094,3.2590880393981934,2.755563974380493,0.20368190109729767,0.24274106323719025,0.05355822667479515,0.07055971771478653,1.7088781595230103,1.5279239416122437,0.00029202295434033816,nan,nan,nan,0,0
1,125,0.5754884481430054,0.567245364189148,0.31983399391174316,0.00925783533602953,0.0,0.016486162319779396,0.021601563319563866,2.98168971448014,2.981689691543579,2.3684654235839844,0.17572961747646332,0.2695814073085785,0.04868853837251663,0.03749407082796097,1.7814358472824097,1.5282182693481445,0.0002934868330286555,nan,nan,nan,0,0
1,126,0.5451093316078186,0.5369043350219727,0.2916771471500397,0.017142731696367264,0.0,0.016410013660788536,0.021898439154028893,3.5319318888423914,3.5319318771362305,2.958958148956299,0.21725639700889587,0.31994107365608215,0.06008808687329292,0.05623961612582207,1.887531042098999,1.528517484664917,0.0002949616259940841,nan,nan,nan,0,0
1,127,0.3180943727493286,0.3097879886627197,0.09469067305326462,0.03211100772023201,0.0,0.016612796112895012,0.02110937610268593,1.7904500544979298,1.790450096130371,1.3737404346466064,0.09456116706132889,0.14710378646850586,0.04850342497229576,0.06054341420531273,1.1322319507598877,1.5288112163543701,0.0002964473132787361,nan,nan,nan,0,0
1,128,0.5553840398788452,0.5477173328399658,0.3001021146774292,0.040783900767564774,0.0,0.015333405695855618,0.02617187425494194,1.9750193891089143,1.9750194549560547,1.6651753187179565,0.12660397589206696,0.15991979837417603,0.03399714082479477,0.04884691163897514,1.040551781654358,1.5291050672531128,0.00029794387477729526,nan,nan,nan,0,0
1,129,0.5085024833679199,0.5005684494972229,0.2511639893054962,0.031205175444483757,0.0,0.01586812734603882,0.024031249806284904,1.3726674568069122,1.3726674318313599,1.2115943431854248,0.09885036200284958,0.09587132185697556,0.027912020683288574,0.03751658275723457,0.6285744309425354,1.5294004678726196,0.00029945129023728717,nan,nan,nan,0,0
1,130,0.4505551755428314,0.4423481822013855,0.19633141160011292,0.012894093059003353,0.0,0.016414014622569084,0.021882813423871994,1.2490102740868962,1.2490103244781494,1.0045017004013062,0.08151690661907196,0.12186268717050552,0.02372337318956852,0.014997173100709915,0.727131187915802,1.5296964645385742,0.00030096953925935494,nan,nan,nan,0,0
1,131,0.47370612621307373,0.465705007314682,0.2186717540025711,0.014239727519452572,0.0,0.01600225269794464,0.023499999195337296,3.548488151019069,3.548488140106201,3.0278496742248535,0.25079455971717834,0.2786642014980316,0.06318800151348114,0.08504502475261688,1.8088995218276978,1.5299930572509766,0.00030249860129753434,nan,nan,nan,0,0
1,132,0.45886000990867615,0.4509662389755249,0.20528249442577362,0.013041778467595577,0.0,0.015787530690431595,0.024351563304662704,1.7169099683933966,1.7169098854064941,1.4199271202087402,0.11763347685337067,0.15767577290534973,0.02472463995218277,0.02792765013873577,0.9441908001899719,1.5302834510803223,0.0003040384556595324,nan,nan,nan,0,0
1,133,0.36737707257270813,0.35901620984077454,0.1301013082265854,0.0012046232586726546,0.0,0.016721727326512337,0.020687498152256012,1.114736219125783,1.1147361993789673,0.9006463885307312,0.06108992546796799,0.08358564227819443,0.03386582434177399,0.03432544693350792,0.6468610763549805,1.5305653810501099,0.0003055890815070075,nan,nan,nan,0,0
1,134,0.4121887683868408,0.4039105474948883,0.16211773455142975,0.01075519435107708,0.0,0.016556452959775925,0.021328125149011612,0.8473800910738394,0.8473800420761108,0.7156121730804443,0.0578736811876297,0.07996939867734909,0.012616783380508423,0.011308479122817516,0.44262930750846863,1.530844807624817,0.00030715045785585,nan,nan,nan,0,0
1,135,0.3364837169647217,0.32826268672943115,0.1091616228222847,0.049017973244190216,0.0,0.01644205115735531,0.021773438900709152,1.434241750196606,1.4342416524887085,1.252828598022461,0.10165519267320633,0.11603543907403946,0.025906942784786224,0.03259972482919693,0.6796602010726929,1.5311223268508911,0.00030872256357646847,nan,nan,nan,0,0
1,136,0.5016635060310364,0.4937962293624878,0.24137108027935028,0.002687026746571064,0.0,0.015734566375613213,0.024562502279877663,2.495922913401082,2.4959230422973633,2.030626058578491,0.178066223859787,0.24709852039813995,0.03712810203433037,0.03943220153450966,1.4179176092147827,1.5314007997512817,0.00031030537739407354,nan,nan,nan,0,0
1,137,0.5073528289794922,0.49939513206481934,0.248099684715271,0.02191358432173729,0.0,0.0159154012799263,0.02384375035762787,3.6198272654080816,3.6198270320892334,3.021820068359375,0.28133052587509155,0.34143736958503723,0.05431244149804115,0.056745100766420364,1.941611886024475,1.5316790342330933,0.00031189887788896694,nan,nan,nan,0,0
1,138,0.4498853087425232,0.44203075766563416,0.1937999576330185,0.0007053947192616761,0.0,0.015709100291132927,0.02466406300663948,2.685424666746225,2.685424566268921,2.193237781524658,0.20181521773338318,0.24960750341415405,0.04331833869218826,0.04777747392654419,1.5146026611328125,1.5319478511810303,0.0003135030434968317,nan,nan,nan,0,0
1,139,0.4214733839035034,0.41332632303237915,0.17206116020679474,0.017267754301428795,0.0,0.016294125467538834,0.02235156111419201,2.1470396682035866,2.1470396518707275,1.8424818515777588,0.16470645368099213,0.21349748969078064,0.03350406512618065,0.0337778739631176,1.0677392482757568,1.5322175025939941,0.0003151178525090223,nan,nan,nan,0,0
1,140,0.5915184020996094,0.5832180380821228,0.33898451924324036,0.007137141190469265,0.0,0.01660071313381195,0.021156251430511475,3.291469484949659,3.2914693355560303,2.7336301803588867,0.2583495080471039,0.32461798191070557,0.04762079566717148,0.055698782205581665,1.7842494249343872,1.532488226890564,0.00031674328307286026,nan,nan,nan,0,0
1,141,0.6628066897392273,0.654595673084259,0.4246060848236084,0.0012102449545636773,0.0,0.016422022134065628,0.021851561963558197,5.061287437837128,5.0612874031066895,4.019120216369629,0.3708251714706421,0.4906345307826996,0.0835186243057251,0.08290520310401917,3.0118467807769775,1.5327517986297607,0.00031837931319192935,nan,nan,nan,0,0
1,142,0.4624198377132416,0.4546268582344055,0.20619337260723114,0.030025381594896317,0.0,0.015585962682962418,0.025156252086162567,1.944395084848836,1.9443950653076172,1.604928970336914,0.1568487137556076,0.19487769901752472,0.03236696124076843,0.041032202541828156,1.0675041675567627,1.5330095291137695,0.00032002592072637257,nan,nan,nan,0,0
1,143,0.5679665207862854,0.5598871111869812,0.3128187656402588,0.013306627050042152,0.0,0.016158780083060265,0.022882811725139618,3.5890409793083053,3.589040994644165,3.072389841079712,0.29842332005500793,0.32632315158843994,0.06576680392026901,0.09367121011018753,1.7980525493621826,1.5332674980163574,0.000321683083393192,nan,nan,nan,0,0
1,144,0.29781612753868103,0.28921616077423096,0.08374128490686417,0.0006466753548011184,0.0,0.017199914902448654,0.018851561471819878,0.9949846442482637,0.9949846267700195,0.8118357062339783,0.06403238326311111,0.10033119469881058,0.02579432912170887,0.01120265293866396,0.5621030926704407,1.5335184335708618,0.00032335077876655127,nan,nan,nan,0,0
1,145,0.5209414958953857,0.5123885869979858,0.26372459530830383,0.0014173260424286127,0.0,0.01710578054189682,0.0192109365016222,2.36045844910352,2.3604583740234375,1.8605505228042603,0.17877866327762604,0.2735539376735687,0.04810338839888573,0.032025039196014404,1.4142074584960938,1.53377103805542,0.0003250289842780781,nan,nan,nan,0,0
1,146,0.3149040639400482,0.306661993265152,0.09270418435335159,0.009006762877106667,0.0,0.016484152525663376,0.02160937525331974,1.081921434194607,1.0819214582443237,0.9024667143821716,0.08879289776086807,0.12354495376348495,0.01677844673395157,0.016085857525467873,0.5765587687492371,1.5340262651443481,0.00032671767721716974,nan,nan,nan,0,0
1,147,0.47931045293807983,0.47081366181373596,0.22076141834259033,0.006322664208710194,0.0,0.0169935692101717,0.019640624523162842,0.5703850673406603,0.5703850984573364,0.4920179843902588,0.04794427007436752,0.06521933525800705,0.008574559353291988,0.010407544672489166,0.2766285836696625,1.5342756509780884,0.000328416834731301,nan,nan,nan,0,0
1,148,0.428257018327713,0.4199586808681488,0.17618606984615326,0.0013234959915280342,0.0,0.016596689820289612,0.021171873435378075,1.7927642406226734,1.7927641868591309,1.4397075176239014,0.14135298132896423,0.2136896401643753,0.027965230867266655,0.02521353028714657,1.0364285707473755,1.5345244407653809,0.0003301264338263325,nan,nan,nan,0,0
1,149,0.4033831059932709,0.3950575590133667,0.16007612645626068,0.01623668149113655,0.0,0.016651080921292305,0.020960938185453415,2.047756820367309,2.0477569103240967,1.6640554666519165,0.16320231556892395,0.2500268518924713,0.03324973210692406,0.0267657283693552,1.1546674966812134,1.5347734689712524,0.0003318464513668224,nan,nan,nan,0,0
1,150,0.4468356668949127,0.4386586546897888,0.19010868668556213,0.007148966658860445,0.0,0.016354013234376907,0.022117190062999725,3.0897740232296296,3.0897738933563232,2.4647655487060547,0.24599520862102509,0.3715922236442566,0.05225833132863045,0.044317472726106644,1.8078564405441284,1.5350226163864136,0.00033357686407634035,nan,nan,nan,0,0
1,151,0.36977899074554443,0.3610318899154663,0.12977926433086395,0.0021585822105407715,0.0,0.017494196072220802,0.017734376713633537,1.4268836362370574,1.426883578300476,1.1675065755844116,0.10788723826408386,0.17075026035308838,0.023494472727179527,0.017277702689170837,0.794530987739563,1.5352705717086792,0.00033531764853778046,nan,nan,nan,0,0
1,152,0.42502930760383606,0.41673800349235535,0.17156457901000977,0.0010176234645769,0.0,0.01658260077238083,0.021226562559604645,1.539642648551135,1.5396426916122437,1.299425482749939,0.13221734762191772,0.1754102110862732,0.022928511723876,0.022332364693284035,0.795435905456543,1.5355132818222046,0.0003370687811936801,nan,nan,nan,0,0
1,153,0.4392819106578827,0.43061521649360657,0.1838400661945343,0.00012841685384046286,0.0,0.017333369702100754,0.01834375225007534,0.5164295470452028,0.5164295434951782,0.4329257011413574,0.04248799756169319,0.06541770696640015,0.010822676122188568,0.011176293715834618,0.2700890004634857,1.53574538230896,0.0003388302383465374,nan,nan,nan,0,0
1,154,0.5483761429786682,0.5403205752372742,0.29417839646339417,0.003838254837319255,0.0,0.01611114852130413,0.023070311173796654,2.4906108484910834,2.4906108379364014,1.9207606315612793,0.20389212667942047,0.3139037787914276,0.052814919501543045,0.03874620422720909,1.5392929315567017,1.535976767539978,0.0003406019961591331,nan,nan,nan,0,0
1,155,0.4412868320941925,0.43324512243270874,0.18701285123825073,0.01979784667491913,0.0,0.01608339510858059,0.023179687559604645,2.451609512436243,2.4516093730926514,2.057206392288208,0.2272518128156662,0.30303093791007996,0.04049750417470932,0.04685021564364433,1.2771002054214478,1.5362039804458618,0.00034238403065485197,nan,nan,nan,0,0
1,156,0.35478097200393677,0.3462831676006317,0.12264255434274673,0.0031035938300192356,0.0,0.01699560321867466,0.019632812589406967,2.4404056840932697,2.44040584564209,1.9741820096969604,0.17960277199745178,0.21149936318397522,0.08225910365581512,0.07389821857213974,1.4031994342803955,1.5364227294921875,0.0003441763177180076,nan,nan,nan,0,0
1,157,0.5197403430938721,0.5120018720626831,0.26400434970855713,8.220790732593741e-06,0.0,0.015476916916668415,0.025593750178813934,4.2197426235295294,4.219742774963379,3.1187827587127686,0.3336837887763977,0.5575478672981262,0.07190513610839844,0.07222773134708405,2.7652902603149414,1.5366326570510864,0.0003459788330941701,nan,nan,nan,0,0
1,158,0.375733882188797,0.36749380826950073,0.1344371885061264,6.853580998722464e-06,0.0,0.01648014225065708,0.02162499912083149,2.064243840197713,2.064243793487549,1.7194424867630005,0.17942479252815247,0.2767798900604248,0.03029555268585682,0.029169267043471336,1.092726469039917,1.5368436574935913,0.00034779155239049193,nan,nan,nan,0,0
1,159,0.4438984990119934,0.43593093752861023,0.1956164538860321,0.00017550226766616106,0.0,0.01593511924147606,0.023765625432133675,2.1550459943577667,2.155045986175537,1.859096646308899,0.20289771258831024,0.2594562768936157,0.03558916971087456,0.05121087282896042,1.0371155738830566,1.5370566844940186,0.00034961445107603985,nan,nan,nan,0,0
1,160,0.3422742486000061,0.3341142237186432,0.11186027526855469,5.459284693642985e-06,0.0,0.016320064663887024,0.022249998524785042,1.7568044228695985,1.7568044662475586,1.3675163984298706,0.133719339966774,0.23193541169166565,0.04180518537759781,0.026223711669445038,1.0687143802642822,1.537268877029419,0.0003514475044821264,nan,nan,nan,0,0
1,161,0.4876680374145508,0.4797585606575012,0.2310246229171753,1.8964452465297654e-05,0.0,0.01581895910203457,0.024226561188697815,3.353121611885798,3.353121519088745,2.812333345413208,0.3092304468154907,0.4345713257789612,0.05151932314038277,0.07138490676879883,1.7441272735595703,1.5374804735183716,0.0003532906878026432,nan,nan,nan,0,0
1,162,0.2979556620121002,0.2900245487689972,0.08355120569467545,5.430943019746337e-06,0.0,0.015862222760915756,0.024054689332842827,0.8092767080944768,0.8092767000198364,0.6284849047660828,0.0637732744216919,0.11185960471630096,0.015880120918154716,0.011320861056447029,0.4929255247116089,1.5376832485198975,0.0003551439760943974,nan,nan,nan,0,0
1,163,0.30285605788230896,0.29441213607788086,0.08644533902406693,5.690186299034394e-06,0.0,0.016887815669178963,0.02004687488079071,0.9692580985569127,0.9692581295967102,0.7799654603004456,0.0741841271519661,0.13958972692489624,0.018689455464482307,0.011004061438143253,0.5528618097305298,1.537875771522522,0.0003570073442774489,nan,nan,nan,0,0
1,164,0.3776405453681946,0.3695213794708252,0.1354682892560959,6.8952258516219445e-06,0.0,0.016238326206803322,0.02257031388580799,1.3181419984783465,1.318142056465149,1.0198159217834473,0.10099086165428162,0.1772392839193344,0.03005145862698555,0.021278327330946922,0.8090148568153381,1.5380585193634033,0.00035888076713544935,nan,nan,nan,0,0
1,165,0.4758908748626709,0.46790260076522827,0.21608386933803558,5.640969902742654e-06,0.0,0.015976566821336746,0.023601563647389412,3.068291773821636,3.068291664123535,2.38842511177063,0.25773197412490845,0.447500616312027,0.055095359683036804,0.04796069115400314,1.854136347770691,1.5382319688796997,0.0003607642193159846,nan,nan,nan,0,0
1,166,0.3122999370098114,0.3041319251060486,0.09381736069917679,7.728584932920057e-06,0.0,0.01633603684604168,0.022187499329447746,2.267905773310411,2.2679057121276855,1.8362832069396973,0.1590053141117096,0.22826246917247772,0.0696163922548294,0.0603613555431366,1.2983005046844482,1.5383965969085693,0.00036265767533091614,nan,nan,nan,0,0
1,167,0.38782933354377747,0.3798104226589203,0.14271369576454163,7.2653851930226665e-06,0.0,0.016037849709391594,0.023359375074505806,0.8394795049684657,0.8394795060157776,0.7033204436302185,0.07233542948961258,0.1228809580206871,0.014745582826435566,0.01415036991238594,0.43510502576828003,1.538554310798645,0.0003645611095567274,nan,nan,nan,0,0
1,168,0.27782073616981506,0.2696267366409302,0.07251515984535217,7.734130122116767e-06,0.0,0.016388002783060074,0.021984374150633812,2.017050855604589,2.0170507431030273,1.6486740112304688,0.16842956840991974,0.10268250107765198,0.06927752494812012,0.08566151559352875,1.1398766040802002,1.5387299060821533,0.0003664744962348699,nan,nan,nan,0,0
1,169,0.3417183458805084,0.3335663080215454,0.1114569678902626,5.505488843482453e-06,0.0,0.016304101794958115,0.022312499582767487,1.7459615608248464,1.7459615468978882,1.3754050731658936,0.13575449585914612,0.17377328872680664,0.056549862027168274,0.05798792839050293,1.0495026111602783,1.5389282703399658,0.00036839780947211143,nan,nan,nan,0,0
1,170,0.3434520959854126,0.3349960148334503,0.11064491420984268,6.835617386968806e-05,0.0,0.0169121902436018,0.019953126087784767,1.5516506023658039,1.5516505241394043,1.301801323890686,0.11727170646190643,0.11701110005378723,0.052097760140895844,0.04622458294034004,0.8250077366828918,1.539118766784668,0.0003703310232408875,nan,nan,nan,0,0
1,171,0.35671260952949524,0.3494694232940674,0.12259673327207565,5.450668595585739e-06,0.0,0.014486378990113735,0.029640626162290573,3.143723048664154,3.1437230110168457,2.5589118003845215,0.29258379340171814,0.46406060457229614,0.06119761988520622,0.07226195186376572,1.7392643690109253,1.5393152236938477,0.0003722741113796526,nan,nan,nan,0,0
1,172,0.4112764596939087,0.403435617685318,0.16153106093406677,8.492504093737807e-06,0.0,0.015681695193052292,0.024773437529802322,2.0114398681030496,2.011439800262451,1.5422719717025757,0.18348965048789978,0.2981460988521576,0.04595012590289116,0.04360022768378258,1.2412556409835815,1.5395196676254272,0.0003742270475932351,nan,nan,nan,0,0
1,173,0.4103674590587616,0.4024284780025482,0.16480965912342072,5.499618964677211e-06,0.0,0.015877971425652504,0.023992188274860382,1.2862214666552387,1.2862213850021362,1.0065337419509888,0.11354310065507889,0.20094572007656097,0.0303372573107481,0.02161910943686962,0.7658959031105042,1.539724588394165,0.00037618980545319207,nan,nan,nan,0,0
1,174,0.4328826665878296,0.42475154995918274,0.18361937999725342,8.563758456148207e-06,0.0,0.016262227669358253,0.0224765632301569,1.6743339729063444,1.6743340492248535,1.3596750497817993,0.13913780450820923,0.1503566950559616,0.05587439239025116,0.06257147341966629,0.9516692757606506,1.5399223566055298,0.0003781623583981677,nan,nan,nan,0,0
1,175,0.3013741970062256,0.29357632994651794,0.0862460508942604,5.487173893925501e-06,0.0,0.015595718286931515,0.025117190554738045,1.7748053006966462,1.7748053073883057,1.4943549633026123,0.17297106981277466,0.26542097330093384,0.031066669151186943,0.0361599326133728,0.9023287296295166,1.540111780166626,0.0003801446797342524,nan,nan,nan,0,0
1,176,0.32352104783058167,0.31536102294921875,0.09908464550971985,5.583435267908499e-06,0.0,0.016320064663887024,0.022249998524785042,1.4723153114552423,1.4723153114318848,1.1834733486175537,0.11694393306970596,0.16923753917217255,0.04952884092926979,0.03557682782411575,0.8491567373275757,1.5402934551239014,0.0003821367426353451,nan,nan,nan,0,0
1,177,0.3392035663127899,0.3315213918685913,0.11133632063865662,5.433726073533762e-06,0.0,0.01536437775939703,0.0260468777269125,1.6308828980703656,1.6308828592300415,1.407999873161316,0.17210173606872559,0.23923060297966003,0.031155062839388847,0.04089470952749252,0.7666955590248108,1.5404672622680664,0.00038413852014351334,nan,nan,nan,0,0
1,178,0.45178085565567017,0.443759948015213,0.19685545563697815,5.96700374444481e-05,0.0,0.01604180596768856,0.023343751206994057,1.8002110067318184,1.800210952758789,1.530072569847107,0.18375368416309357,0.2798602283000946,0.0329626128077507,0.036106716841459274,0.8860926628112793,1.540634036064148,0.0003861499851693618,nan,nan,nan,0,0
1,179,0.33420103788375854,0.32601404190063477,0.10620109736919403,5.434144441096578e-06,0.0,0.016374005004763603,0.022039063274860382,1.854032266503703,1.854032278060913,1.545210838317871,0.17447422444820404,0.09307294338941574,0.06398564577102661,0.07288437336683273,1.0006242990493774,1.5407919883728027,0.000388171110492397,nan,nan,nan,0,0
1,180,0.3929511308670044,0.3850475549697876,0.14779534935951233,6.905219834152376e-06,0.0,0.015807168558239937,0.02427343651652336,2.1763171480127435,2.1763172149658203,1.6820271015167236,0.1958984136581421,0.2881040573120117,0.06680413335561752,0.06432200223207474,1.3331019878387451,1.5409467220306396,0.00039020186876139525,nan,nan,nan,0,0
1,181,0.30448341369628906,0.29593154788017273,0.08821394294500351,0.0004356596909929067,0.0,0.017103739082813263,0.019218750298023224,1.8559540440730604,1.8559541702270508,1.585451364517212,0.19927237927913666,0.2679871916770935,0.038259733468294144,0.049975864589214325,0.9030068516731262,1.5411008596420288,0.0003922422324947731,nan,nan,nan,0,0
1,182,0.416302353143692,0.40826165676116943,0.1671416461467743,9.148661774815992e-05,0.0,0.01608141139149666,0.02318749949336052,2.2566998948984804,2.256700038909912,1.952888011932373,0.2457936555147171,0.3070298731327057,0.043609119951725006,0.05997270718216896,1.0577062368392944,1.5412540435791016,0.00039429217408096066,nan,nan,nan,0,0
1,183,0.4238647222518921,0.4157634675502777,0.17568540573120117,0.00016919647168833762,0.0,0.01620250754058361,0.02271093800663948,2.7403226627936905,2.7403225898742676,2.378904342651367,0.30528524518013,0.3729807436466217,0.0508887879550457,0.06984461098909378,1.2690156698226929,1.5414094924926758,0.0003963516657787731,nan,nan,nan,0,0
1,184,0.32031112909317017,0.3121311366558075,0.09786870330572128,5.159782085684128e-05,0.0,0.01636001281440258,0.022093748673796654,0.9299925344005796,0.9299925565719604,0.8007572293281555,0.1079254001379013,0.14013023674488068,0.019049540162086487,0.02660570852458477,0.43740010261535645,1.5415666103363037,0.00039842067971778794,nan,nan,nan,0,0
1,185,0.42711666226387024,0.41878506541252136,0.17512060701847076,7.766965427435935e-05,0.0,0.01666318066418171,0.02091406285762787,2.517113252280371,2.517113208770752,2.1693062782287598,0.2841755151748657,0.3621290624141693,0.05336715653538704,0.07603689283132553,1.1872011423110962,1.5417282581329346,0.00040049918789871993,nan,nan,nan,0,0
1,186,0.3983929455280304,0.39027178287506104,0.15467210114002228,4.226154487696476e-05,0.0,0.01624230667948723,0.022554688155651093,2.0893372590749086,2.089337110519409,1.8364174365997314,0.21844972670078278,0.2945149540901184,0.03918222337961197,0.05091436207294464,0.9242912530899048,1.5418840646743774,0.00040258716219380357,nan,nan,nan,0,0
1,187,0.33096179366111755,0.32267048954963684,0.10390641540288925,7.107607962097973e-05,0.0,0.01658260077238083,0.021226560696959496,1.8172298598736265,1.8172297477722168,1.5871503353118896,0.19027391076087952,0.26335853338241577,0.0332941934466362,0.04459790140390396,0.8213518261909485,1.5420328378677368,0.0004046845743471692,nan,nan,nan,0,0
1,188,0.3092710077762604,0.3007793128490448,0.08904844522476196,0.00017025525448843837,0.0,0.016983384266495705,0.019679687917232513,0.8998121587508707,0.8998121619224548,0.7885163426399231,0.0957212820649147,0.13359971344470978,0.01636068895459175,0.020829956978559494,0.4002385437488556,1.5421738624572754,0.00040679139597522905,nan,nan,nan,0,0
1,189,0.4251285195350647,0.4165786802768707,0.1750619262456894,2.644360029080417e-05,0.0,0.0170996505767107,0.019234374165534973,1.3454564016678079,1.3454563617706299,1.1937812566757202,0.14000144600868225,0.19805003702640533,0.025892918929457664,0.031165527179837227,0.5698010921478271,1.5423072576522827,0.0004089075985670601,nan,nan,nan,0,0
1,190,0.4169486165046692,0.408690482378006,0.16808028519153595,0.00013631545880343765,0.0,0.016516268253326416,0.021484375,2.8565522873153175,2.8565523624420166,2.4811902046203613,0.2985229790210724,0.428755521774292,0.05770248919725418,0.07794023305177689,1.3119583129882812,1.542433500289917,0.0004110331534847892,nan,nan,nan,0,0
2,1,0.3283005356788635,0.3204391300678253,0.10553526133298874,5.432762009149883e-06,0.0,0.015722811222076416,0.02460937574505806,0.8050554192356815,0.8050553798675537,0.6653865575790405,0.08543504029512405,0.14966778457164764,0.016536768525838852,0.015571866184473038,0.4185205101966858,1.5425529479980469,0.0004131680319639818,nan,nan,nan,0,0
2,2,0.2401016652584076,0.232040137052536,0.0532965324819088,6.629434210481122e-06,0.0,0.016123047098517418,0.023023437708616257,1.1870835573720897,1.1870836019515991,0.9114283919334412,0.12149948626756668,0.1543835699558258,0.04117054492235184,0.04485395923256874,0.732231080532074,1.5426658391952515,0.0004153122051140303,nan,nan,nan,0,0
2,3,0.35714390873908997,0.34943458437919617,0.12183861434459686,5.485695055540418e-06,0.0,0.015418656170368195,0.025828124955296516,1.4211059528418108,1.4211058616638184,1.2234166860580444,0.16818368434906006,0.22480899095535278,0.029984550550580025,0.037324704229831696,0.6645876169204712,1.542772650718689,0.00041746564391854555,nan,nan,nan,0,0
2,4,0.3371954560279846,0.3293653726577759,0.10665565729141235,1.1177157830388751e-05,0.0,0.015660179778933525,0.02485937625169754,0.9332077434519161,0.9332077503204346,0.7108980417251587,0.09005913138389587,0.13639135658740997,0.031173251569271088,0.03694099187850952,0.5800439715385437,1.5428736209869385,0.0004196283192357494,nan,nan,nan,0,0
2,5,0.3925180733203888,0.38493242859840393,0.15119899809360504,6.573100108653307e-06,0.0,0.015171311795711517,0.02682812511920929,0.8778080834143062,0.8778080940246582,0.6704661250114441,0.08961931616067886,0.11029289662837982,0.032026611268520355,0.03617832809686661,0.5463437438011169,1.5429716110229492,0.0004218002017988688,nan,nan,nan,0,0
2,6,0.26293131709098816,0.2551782727241516,0.06443671882152557,5.439413143903948e-06,0.0,0.015506086871027946,0.025476565584540367,1.589268433438931,1.589268445968628,1.2830979824066162,0.1612040400505066,0.18633556365966797,0.057928211987018585,0.055274683982133865,0.9012852311134338,1.5430642366409302,0.00042398126221653227,nan,nan,nan,0,0
2,7,0.33099332451820374,0.32367753982543945,0.103327676653862,6.56792553854757e-06,0.0,0.014631549827754498,0.029039062559604645,1.8598897829995964,1.8598898649215698,1.406955361366272,0.19667688012123108,0.3650599718093872,0.04527485743165016,0.050630275160074234,1.1415352821350098,1.543157935142517,0.0004261714709731673,nan,nan,nan,0,0
2,8,0.46190810203552246,0.45473620295524597,0.2057434469461441,8.652466931380332e-06,0.0,0.01434380654245615,0.03023437224328518,2.157250268465099,2.15725040435791,1.741746425628662,0.2496335208415985,0.4169841706752777,0.05595232546329498,0.051512882113456726,1.173912763595581,1.5432498455047607,0.00042837079842940004,nan,nan,nan,0,0
2,9,0.29116156697273254,0.2833666205406189,0.08017323166131973,5.653111202263972e-06,0.0,0.015589863993227482,0.02514062635600567,1.3783257691192117,1.3783258199691772,1.100305199623108,0.13781751692295074,0.19342249631881714,0.048958439379930496,0.04202765226364136,0.7928059101104736,1.5433366298675537,0.0004305792148224564,nan,nan,nan,0,0
2,10,0.3052871525287628,0.2973688244819641,0.08939369022846222,5.5433383749914356e-06,0.0,0.015836652368307114,0.024156250059604645,2.046296427283918,2.0462965965270996,1.660200595855713,0.2009788602590561,0.1966792196035385,0.07488474994897842,0.06909316033124924,1.1582772731781006,1.5434186458587646,0.0004327966902665642,nan,nan,nan,0,0
2,11,0.3442699909210205,0.3365558087825775,0.11880660057067871,5.715280167351011e-06,0.0,0.015428357757627964,0.025789063423871994,1.3821410529078202,1.3821409940719604,1.0832289457321167,0.14658591151237488,0.2818306088447571,0.04250332713127136,0.0323912613093853,0.7957118153572083,1.5434961318969727,0.00043502319475335893,nan,nan,nan,0,0
2,12,0.33965983986854553,0.3320770561695099,0.10930664837360382,5.485648671310628e-06,0.0,0.015165538527071476,0.026851560920476913,1.836729924705229,1.836729884147644,1.427451252937317,0.20888067781925201,0.1953258067369461,0.06065930053591728,0.08133849501609802,1.115294098854065,1.5435731410980225,0.0004372586981522884,nan,nan,nan,0,0
2,13,0.3858624994754791,0.37799620628356934,0.1425078809261322,8.757989235164132e-06,0.0,0.01573260687291622,0.024570314213633537,1.7049665166211037,1.7049665451049805,1.375636339187622,0.19859787821769714,0.16077858209609985,0.06257341057062149,0.08125413954257965,0.968879222869873,1.5436458587646484,0.0004395031702110208,nan,nan,nan,0,0
2,14,0.35153526067733765,0.34412848949432373,0.11890700459480286,8.156582225637976e-06,0.0,0.014813553541898727,0.028289061039686203,1.3116232350591819,1.311623215675354,1.0660139322280884,0.16620881855487823,0.2628406584262848,0.03245247155427933,0.029772086068987846,0.696648895740509,1.5437177419662476,0.0004417565805558553,nan,nan,nan,0,0
2,15,0.3849586546421051,0.3776494860649109,0.14468315243721008,1.7103349819080904e-05,0.0,0.014618323184549809,0.029093749821186066,1.0229260731065033,1.0229260921478271,0.7716776728630066,0.123442642390728,0.21271835267543793,0.026329535990953445,0.02745375782251358,0.6236643195152283,1.543793797492981,0.0004440188986921316,nan,nan,nan,0,0
2,16,0.435682475566864,0.4280138313770294,0.18594957888126373,5.4494180403708015e-06,0.0,0.01533727440983057,0.02615625225007534,0.6652035236333997,0.6652035117149353,0.5028752684593201,0.07398128509521484,0.12396256625652313,0.021406646817922592,0.022078244015574455,0.40966638922691345,1.5438655614852905,0.0004462900940046433,nan,nan,nan,0,0
2,17,0.35250166058540344,0.34479621052742004,0.1202469915151596,1.728482857288327e-05,0.0,0.015410897321999073,0.025859374552965164,1.0008396880503003,1.0008397102355957,0.7704243659973145,0.1157384067773819,0.2112724930047989,0.030168388038873672,0.028789600357413292,0.590216875076294,1.5439332723617554,0.0004485701357580523,nan,nan,nan,0,0
2,18,0.3185541331768036,0.31069663166999817,0.09730533510446548,1.9073964722338133e-05,0.0,0.0157149750739336,0.024640625342726707,1.1857656482135461,1.1857656240463257,0.9655144214630127,0.14821498095989227,0.11574272066354752,0.042780447751283646,0.05243619903922081,0.6586943864822388,1.5439971685409546,0.000450858993097304,nan,nan,nan,0,0
2,19,0.28061237931251526,0.273086279630661,0.07399526983499527,5.443115242087515e-06,0.0,0.015052223578095436,0.027312498539686203,0.5845783482253494,0.5845783352851868,0.4475497603416443,0.07708899676799774,0.13210614025592804,0.016491493210196495,0.01649179868400097,0.34277158975601196,1.5440574884414673,0.00045315663504804575,nan,nan,nan,0,0
2,20,0.3233809769153595,0.31575581431388855,0.09948578476905823,5.642054929921869e-06,0.0,0.01525032240897417,0.02650781348347664,0.8457732198681495,0.8457732200622559,0.6557627320289612,0.10300981253385544,0.1706327199935913,0.030659392476081848,0.022606398910284042,0.494095116853714,1.544114351272583,0.00045546303051704606,nan,nan,nan,0,0
2,21,0.26607024669647217,0.25861871242523193,0.06689631193876266,7.73417286836775e-06,0.0,0.014903071336448193,0.027921874076128006,1.3919027018874253,1.3919026851654053,1.0655274391174316,0.18302033841609955,0.2147206813097,0.05209024250507355,0.06550716608762741,0.8458359241485596,1.5441679954528809,0.00045777814829261413,nan,nan,nan,0,0
2,22,0.3255141079425812,0.3178754448890686,0.10071080923080444,5.455015980260214e-06,0.0,0.015277348458766937,0.026398437097668648,1.174184994311771,1.174185037612915,0.9717841148376465,0.14528341591358185,0.11511188000440598,0.04555228352546692,0.04468097165226936,0.6292190551757812,1.5442185401916504,0.0004601019570450236,nan,nan,nan,0,0
2,23,0.2340952754020691,0.22605060040950775,0.05032293498516083,0.00016166985733434558,0.0,0.016089336946606636,0.02315625175833702,1.2344602064430061,1.2344602346420288,1.0641989707946777,0.16926608979701996,0.23203325271606445,0.02476903796195984,0.021924303844571114,0.5547863841056824,1.5442662239074707,0.00046243442532693585,nan,nan,nan,0,0
2,24,0.2469884306192398,0.2390228509902954,0.05776320397853851,0.001100805588066578,0.0,0.01593117229640484,0.023781249299645424,0.6772180324071156,0.6772180795669556,0.5847015380859375,0.09357544034719467,0.124107226729393,0.015034635551273823,0.013780167326331139,0.30360084772109985,1.5443111658096313,0.00046477552157382553,nan,nan,nan,0,0
2,25,0.2897520363330841,0.2819121778011322,0.07917999476194382,0.00028997802291996777,0.0,0.0156797356903553,0.024781253188848495,0.6037467179908663,0.6037467122077942,0.5253319144248962,0.08478916436433792,0.10935544222593307,0.013193812221288681,0.012662735767662525,0.2627817392349243,1.5443534851074219,0.00046712521410440834,nan,nan,nan,0,0
2,26,0.2858826518058777,0.27761951088905334,0.076760433614254,0.0010893221478909254,0.0,0.01652631163597107,0.02144531160593033,0.42593360854107204,0.4259335994720459,0.35603824257850647,0.05922485888004303,0.08046611398458481,0.01165754720568657,0.009607484564185143,0.21082131564617157,1.5443933010101318,0.00046948347112106873,nan,nan,nan,0,0
2,27,0.30727630853652954,0.2991431951522827,0.08850204199552536,0.0009238942875526845,0.0,0.016266213729977608,0.02246093563735485,0.42910501736340406,0.4291050136089325,0.3698555529117584,0.06004658341407776,0.08187545090913773,0.009843290783464909,0.007904970087110996,0.19201412796974182,1.5444308519363403,0.00047185026071029103,nan,nan,nan,0,0
2,28,0.27168694138526917,0.26345691084861755,0.06843303143978119,2.9826163881807588e-05,0.0,0.01646008901298046,0.021703124046325684,0.32384174332775173,0.32384175062179565,0.27565959095954895,0.04757608845829964,0.06475301086902618,0.008686333894729614,0.0067046512849628925,0.1493600457906723,1.544466257095337,0.00047422555084309097,nan,nan,nan,0,0
2,29,0.29378408193588257,0.2860660254955292,0.08102531731128693,8.598370914114639e-05,0.0,0.015436123125255108,0.025757811963558197,1.2208536435758812,1.2208536863327026,1.0332354307174683,0.18273629248142242,0.23574478924274445,0.033228106796741486,0.03157356381416321,0.5760546922683716,1.5444995164871216,0.00047660930937544975,nan,nan,nan,0,0
2,30,0.27261319756507874,0.26492422819137573,0.06946631520986557,0.0002674639399629086,0.0,0.015377937816083431,0.025992190465331078,0.914765810743918,0.9147657752037048,0.7906076908111572,0.13775067031383514,0.17220348119735718,0.02189270406961441,0.019964832812547684,0.4027763605117798,1.544532299041748,0.0004790015040487478,nan,nan,nan,0,0
2,31,0.2943684160709381,0.2871421277523041,0.08247078210115433,5.438644166133599e-06,0.0,0.014452548697590828,0.02978125400841236,1.6266692238090599,1.6266692876815796,1.2448168992996216,0.22658246755599976,0.38335487246513367,0.053016167134046555,0.05124618485569954,0.9448524713516235,1.5445630550384521,0.00048140210249020265,nan,nan,nan,0,0
2,32,0.32205310463905334,0.31438833475112915,0.09976369142532349,7.978435860422906e-06,0.0,0.01532953791320324,0.02618749812245369,1.090531196643432,1.0905311107635498,0.8395552039146423,0.14609529078006744,0.17923015356063843,0.044216256588697433,0.04362016171216965,0.6535137891769409,1.544592022895813,0.00048381107221330587,nan,nan,nan,0,0
2,33,0.33825019001960754,0.33041325211524963,0.11048200726509094,8.138847988448106e-06,0.0,0.015673868358135223,0.02480468712747097,0.7456778697178398,0.7456778287887573,0.6044886112213135,0.08567648380994797,0.13755427300930023,0.030452659353613853,0.021066978573799133,0.40372785925865173,1.5446193218231201,0.00048622838061826326,nan,nan,nan,0,0
2,34,0.42274725437164307,0.41506314277648926,0.17356257140636444,8.045826689340174e-06,0.0,0.015368252992630005,0.02603125013411045,0.9768275568478231,0.9768275618553162,0.7960163950920105,0.14610683917999268,0.07619044929742813,0.03658033162355423,0.04305092617869377,0.538707971572876,1.5446449518203735,0.0004886539949924362,nan,nan,nan,0,0
2,35,0.29034796357154846,0.28266674280166626,0.08002035319805145,5.440657787403325e-06,0.0,0.015362441539764404,0.026054687798023224,0.3000952668364109,0.30009526014328003,0.2516114115715027,0.03838160261511803,0.032951854169368744,0.013026797212660313,0.006924828514456749,0.1548297256231308,1.5446691513061523,0.0004910878825107846,nan,nan,nan,0,0
2,36,0.22529347240924835,0.21802298724651337,0.04768712446093559,5.490443072631024e-06,0.0,0.014540969394147396,0.029414065182209015,0.9700059205731714,0.9700058698654175,0.7393288612365723,0.12327179312705994,0.1512596607208252,0.039432454854249954,0.03734898194670677,0.5943728089332581,1.544692039489746,0.0004935300102363097,nan,nan,nan,0,0
2,37,0.30515846610069275,0.29781052470207214,0.08838210254907608,9.476490049564745e-06,0.0,0.014695880003273487,0.028773441910743713,0.9211088874245894,0.9211088418960571,0.7377901077270508,0.12798161804676056,0.17163847386837006,0.037217918783426285,0.037631187587976456,0.505437433719635,1.5447137355804443,0.000495980345120501,nan,nan,nan,0,0
2,38,0.28071534633636475,0.2732332646846771,0.07403810322284698,6.216153906279942e-06,0.0,0.014964171685278416,0.027671875432133675,0.49731541857011835,0.4973154067993164,0.39614468812942505,0.0812261551618576,0.12675783038139343,0.016798974946141243,0.014398828148841858,0.25930145382881165,1.5447341203689575,0.0004984388540037841,nan,nan,nan,0,0
2,39,0.32472363114356995,0.31703078746795654,0.10000430792570114,0.0004606408765539527,0.0,0.01538569014519453,0.02596093900501728,0.8548054584852849,0.8548054695129395,0.7243939638137817,0.14520230889320374,0.17069357633590698,0.024959156289696693,0.022930612787604332,0.3931627869606018,1.5447533130645752,0.0005009055036159669,nan,nan,nan,0,0
2,40,0.33618131279945374,0.32799232006073,0.10743572562932968,4.319488289183937e-05,0.0,0.016378002241253853,0.022023439407348633,0.22140825917437906,0.22140826284885406,0.1773964911699295,0.04169062525033951,0.053005147725343704,0.00953924935311079,0.00799458846449852,0.11335580050945282,1.5447713136672974,0.0005033802605766929,nan,nan,nan,0,0
2,41,0.2617743909358978,0.25423580408096313,0.06392893195152283,1.7469610611442477e-05,0.0,0.015077156014740467,0.027210939675569534,0.3173686449124326,0.31736865639686584,0.2646302878856659,0.058056045323610306,0.0694844201207161,0.010604782029986382,0.009458514861762524,0.1493089199066162,1.5447882413864136,0.0005058630913958916,nan,nan,nan,0,0
2,42,0.2378101348876953,0.23056507110595703,0.05244973674416542,6.427251264540246e-06,0.0,0.014490142464637756,0.029625000432133675,1.0134966042443698,1.0134965181350708,0.8399553298950195,0.17896296083927155,0.20902207493782043,0.03012458235025406,0.028791218996047974,0.4941619336605072,1.5448042154312134,0.0005083539624742301,nan,nan,nan,0,0
2,43,0.3455834686756134,0.3380621373653412,0.11195731163024902,7.864102371968329e-06,0.0,0.015042642131447792,0.027351560071110725,0.9699266934865745,0.9699267148971558,0.8010212182998657,0.17274682223796844,0.20321781933307648,0.029839150607585907,0.03309982642531395,0.47539234161376953,1.5448191165924072,0.0005108528401035714,nan,nan,nan,0,0
2,44,0.3506247401237488,0.34353959560394287,0.11724469065666199,5.457645329443039e-06,0.0,0.014170299284160137,0.030960939824581146,0.610920424217067,0.6109204292297363,0.42562058568000793,0.09941582381725311,0.14828068017959595,0.024771995842456818,0.030533334240317345,0.39831429719924927,1.5448331832885742,0.0005133596904674262,nan,nan,nan,0,0
2,45,0.2995862364768982,0.29203805327415466,0.08614685386419296,5.426275947684189e-06,0.0,0.015096347779035568,0.027132811024785042,0.7261499316065189,0.7261499166488647,0.5600122809410095,0.10374760627746582,0.1330576390028,0.03092971257865429,0.023391855880618095,0.42861199378967285,1.5448464155197144,0.0005158744796414146,nan,nan,nan,0,0
2,46,0.2706017792224884,0.2635611891746521,0.06890276074409485,5.4240445024333894e-06,0.0,0.014081161469221115,0.03133593872189522,1.0322851358770657,1.0322850942611694,0.7367193102836609,0.16347236931324005,0.23559947311878204,0.041126031428575516,0.053266990929841995,0.6603773236274719,1.5448588132858276,0.000518397173593723,nan,nan,nan,0,0
2,47,0.2825963795185089,0.2753409743309021,0.0769321471452713,6.196195499796886e-06,0.0,0.014510838314890862,0.029539059847593307,0.6210063270503665,0.6210063099861145,0.45047593116760254,0.11321081966161728,0.122645303606987,0.028238074854016304,0.03434957563877106,0.39100441336631775,1.544870376586914,0.000520927738185565,nan,nan,nan,0,0
2,48,0.5399497151374817,0.5331307649612427,0.2845742106437683,5.426380539574893e-06,0.0,0.013637860305607319,0.03321875259280205,0.34486842486453906,0.34486842155456543,0.26816654205322266,0.06710304319858551,0.07967143505811691,0.012807318940758705,0.014152494259178638,0.18922542035579681,1.5448814630508423,0.0005234661391716423,nan,nan,nan,0,0
2,49,0.2983211576938629,0.2911857068538666,0.08329084515571594,5.468204562930623e-06,0.0,0.01427091658115387,0.03053906187415123,0.7306845549924033,0.7306845188140869,0.547415018081665,0.1290721744298935,0.1958247870206833,0.02836439199745655,0.026207346469163895,0.42159029841423035,1.5448918342590332,0.0005260123422006111,nan,nan,nan,0,0
2,50,0.2709774374961853,0.2638457119464874,0.06990006566047668,5.4267238738248125e-06,0.0,0.014263451099395752,0.030570313334465027,0.8596800926985894,0.8596801161766052,0.680989682674408,0.15291108191013336,0.08187783509492874,0.0354413203895092,0.041906606405973434,0.4921431541442871,1.5449016094207764,0.0005285663128155441,nan,nan,nan,0,0
2,51,0.452518492937088,0.4457196295261383,0.2005525529384613,5.427447376860073e-06,0.0,0.013597747310996056,0.033390626311302185,0.7974551651332444,0.7974551916122437,0.556625247001648,0.1366068571805954,0.20215733349323273,0.033993013203144073,0.03836316615343094,0.5137575268745422,1.5449107885360718,0.000531128016454398,nan,nan,nan,0,0
2,52,0.3055868446826935,0.29839807748794556,0.08956928551197052,5.440351742436178e-06,0.0,0.01437751017510891,0.030093751847743988,0.9589189004105136,0.9589188694953918,0.6880049109458923,0.16055406630039215,0.23755399882793427,0.042399585247039795,0.04086673632264137,0.6004143357276917,1.5449193716049194,0.0005336974184504807,nan,nan,nan,0,0
2,53,0.2523422837257385,0.24555251002311707,0.0598331056535244,5.443803274829406e-06,0.0,0.013579532504081726,0.03346875309944153,0.9017297032202165,0.9017297029495239,0.6291220784187317,0.15810680389404297,0.23189899325370789,0.03880433365702629,0.04970734938979149,0.5784205794334412,1.5449273586273193,0.0005362744840329214,nan,nan,nan,0,0
2,54,0.352997750043869,0.345758318901062,0.12473492324352264,2.563281486800406e-05,0.0,0.014478858560323715,0.02967187389731407,0.19882407596706667,0.19882407784461975,0.16468015313148499,0.037784311920404434,0.04388881102204323,0.0063789281994104385,0.005275660660117865,0.09481062740087509,1.544934868812561,0.0005388591783271398,nan,nan,nan,0,0
2,55,0.27102452516555786,0.26368510723114014,0.0689239427447319,3.454461693763733e-05,0.0,0.014678837731480598,0.028843753039836884,0.26992274035284963,0.26992273330688477,0.22212398052215576,0.051561884582042694,0.06107940524816513,0.009514852426946163,0.009367823600769043,0.13019835948944092,1.5449419021606445,0.0005414514663553195,nan,nan,nan,0,0
2,56,0.28239932656288147,0.2754594385623932,0.07661572098731995,8.818315109238029e-06,0.0,0.013879787176847458,0.03218749910593033,0.3228290764641765,0.32282909750938416,0.27045291662216187,0.06297187507152557,0.0729449987411499,0.010507839731872082,0.010498016141355038,0.14685632288455963,1.5449484586715698,0.0005440513130368801,nan,nan,nan,0,0
2,57,0.23339788615703583,0.22580933570861816,0.05052141100168228,0.00021578838641289622,0.0,0.015177086926996708,0.026804687455296516,0.16757611186262375,0.16757610440254211,0.13047024607658386,0.03553581237792969,0.038666725158691406,0.0074894847348332405,0.008116966113448143,0.09043993055820465,1.5449546575546265,0.0005466586831889522,nan,nan,nan,0,0
2,58,0.2254767268896103,0.21832913160324097,0.04810647666454315,7.921405995148234e-06,0.0,0.014295193366706371,0.030437501147389412,0.06794624499038877,0.06794624775648117,0.0594293512403965,0.010959929786622524,0.015012133866548538,0.0021306234411895275,0.0012966068461537361,0.02707654796540737,1.5449604988098145,0.0005492735415268551,nan,nan,nan,0,0
2,59,0.22533868253231049,0.21809455752372742,0.04762936010956764,5.677145054505672e-06,0.0,0.014488261193037033,0.0296328142285347,0.02972110379523729,0.029721103608608246,0.023106735199689865,0.004610956180840731,0.006994940806180239,0.0021720295771956444,0.0017378522315993905,0.016477100551128387,1.5449658632278442,0.0005518958526645711,nan,nan,nan,0,0
2,60,0.2799348533153534,0.27317145466804504,0.07377476245164871,6.44398733129492e-06,0.0,0.013526782393455505,0.03369531407952309,0.22293777221044314,0.22293776273727417,0.17537613213062286,0.04502197727560997,0.051350463181734085,0.008237742818892002,0.008696155622601509,0.11889966577291489,1.544970989227295,0.0005545255811152271,nan,nan,nan,0,0
2,61,0.3667660057544708,0.35948044061660767,0.12803609669208527,1.3146540368325077e-05,0.0,0.014571131207048893,0.029289064928889275,0.23244392826686552,0.2324439138174057,0.18925927579402924,0.04846761375665665,0.05821217969059944,0.00872406642884016,0.00738413305953145,0.11109772324562073,1.544975757598877,0.0005571626912915743,nan,nan,nan,0,0
2,62,0.2827797532081604,0.27556660771369934,0.07524159550666809,6.8459762587735895e-06,0.0,0.01442626304924488,0.029890624806284904,0.05215970351977959,0.05215970426797867,0.045610569417476654,0.0101475203409791,0.011989894323050976,0.0019820076413452625,0.0014316197484731674,0.019687635824084282,1.5449801683425903,0.0005598071475064685,nan,nan,nan,0,0
2,63,0.25265270471572876,0.24656137824058533,0.060932282358407974,5.696428615920013e-06,0.0,0.012182640843093395,0.03962500020861626,0.3031519989422747,0.3031519949436188,0.25344181060791016,0.059914156794548035,0.0725502297282219,0.009806463494896889,0.007707759737968445,0.13660001754760742,1.5449843406677246,0.0005624589139733554,nan,nan,nan,0,0
2,64,0.30100464820861816,0.29391205310821533,0.08487468957901001,5.708103799406672e-06,0.0,0.014185183681547642,0.030898436903953552,0.041732188254323246,0.04173218831419945,0.029785031452775,0.008564856834709644,0.010794012807309628,0.0025538087356835604,0.0022058896720409393,0.025557231158018112,1.5449882745742798,0.0005651179548067521,nan,nan,nan,0,0
2,65,0.326467901468277,0.31963711977005005,0.10263416171073914,5.546444754145341e-06,0.0,0.01366159226745367,0.03311719000339508,0.17102447942183446,0.17102447152137756,0.14492744207382202,0.03397775813937187,0.04110676795244217,0.005631504580378532,0.005165301728993654,0.0730941891670227,1.5449918508529663,0.0005677842340227341,nan,nan,nan,0,0
2,66,0.3863431215286255,0.38066366314888,0.14422525465488434,5.426426014309982e-06,0.0,0.0113588972017169,0.043421875685453415,0.012944422614348776,0.012944422662258148,0.009552406147122383,0.002754582790657878,0.003102545626461506,0.0003956200380343944,0.000633926538284868,0.007650994695723057,1.5449951887130737,0.0005704577155394238,nan,nan,nan,0,0
2,67,0.2461111843585968,0.2399081140756607,0.057155683636665344,5.426441475719912e-06,0.0,0.01240613218396902,0.03861718624830246,0.03484584406703017,0.03484584391117096,0.02992629073560238,0.005755108315497637,0.008205574937164783,0.0023014226462692022,0.00044489678111858666,0.014584332704544067,1.544998288154602,0.0005731383631774757,nan,nan,nan,0,0
2,68,0.25423872470855713,0.2479894608259201,0.0606430284678936,5.426442839961965e-06,0.0,0.012498543597757816,0.038203123956918716,0.062185994925952434,0.062185995280742645,0.04561875760555267,0.014898054301738739,0.008901224471628666,0.0025435006245970726,0.003037422662600875,0.038329463452100754,1.5450012683868408,0.0005758261406605678,nan,nan,nan,0,0
2,69,0.21618598699569702,0.20990173518657684,0.04449462890625,5.426426014309982e-06,0.0,0.012568512931466103,0.03789062798023224,0.12582705004766245,0.12582705914974213,0.09529604017734528,0.028856702148914337,0.006877475418150425,0.0051763178780674934,0.006669512949883938,0.07615658640861511,1.5450040102005005,0.000578521011615893,nan,nan,nan,0,0
2,70,0.2759937047958374,0.26979324221611023,0.07288122922182083,5.426426923804684e-06,0.0,0.012400913052260876,0.038640622049570084,0.018933308420834145,0.018933307379484177,0.015273834578692913,0.004151155240833759,0.004089792259037495,0.0009712526807561517,0.0011620934819802642,0.009430157020688057,1.5450066328048706,0.0005812229395746491,nan,nan,nan,0,0
2,71,0.3257557451725006,0.31932348012924194,0.10111256688833237,5.426429197541438e-06,0.0,0.012864522635936737,0.03657812625169754,0.5065801568929877,0.5065801739692688,0.3717692792415619,0.10125807672739029,0.07128795981407166,0.020836807787418365,0.029228391125798225,0.3190414011478424,1.5450090169906616,0.000583931887972536,nan,nan,nan,0,0
2,72,0.24241481721401215,0.23650407791137695,0.05701662600040436,5.426426014309982e-06,0.0,0.011821464635431767,0.041273441165685654,0.07381767986472149,0.07381768524646759,0.05895300954580307,0.016812371090054512,0.011968201026320457,0.0020562673453241587,0.00216082320548594,0.03922756016254425,1.545011281967163,0.0005866478201502459,nan,nan,nan,0,0
2,73,0.21955740451812744,0.21339690685272217,0.045387331396341324,5.426424650067929e-06,0.0,0.01232099998742342,0.039000004529953,0.06876732141367027,0.06876732409000397,0.05351923778653145,0.01529857236891985,0.01769687421619892,0.002194852801039815,0.0017709367675706744,0.03618641197681427,1.5450133085250854,0.0005893706993539641,nan,nan,nan,0,0
2,74,0.30981987714767456,0.30301734805107117,0.09548524022102356,5.426453299151035e-06,0.0,0.013605035841464996,0.03335937485098839,0.07568885806531116,0.07568886131048203,0.057290397584438324,0.013854926452040672,0.021495206281542778,0.004397955257445574,0.003252204041928053,0.041984423995018005,1.5450152158737183,0.000592100488735862,nan,nan,nan,0,0
2,75,0.24772529304027557,0.24132753908634186,0.05807485058903694,5.427864834928187e-06,0.0,0.012795498594641685,0.03688281401991844,0.05432168118068927,0.05432168021798134,0.04156804457306862,0.011597276665270329,0.017062565311789513,0.0028935486916452646,0.003983972128480673,0.027804138138890266,1.5450170040130615,0.0005948371513545992,nan,nan,nan,0,0
2,76,0.24471166729927063,0.23813416063785553,0.056414928287267685,5.426426014309982e-06,0.0,0.013155016116797924,0.03530468791723251,0.19283617572220324,0.19283618032932281,0.15376919507980347,0.04496943950653076,0.04957679286599159,0.007600307464599609,0.00658966600894928,0.09465478360652924,1.5450186729431152,0.0005975806501758219,nan,nan,nan,0,0
2,77,0.29786643385887146,0.2907020151615143,0.08444163203239441,5.4264273785520345e-06,0.0,0.014328839257359505,0.030296877026557922,0.1616833745032755,0.1616833657026291,0.12355218827724457,0.02753494493663311,0.03094334341585636,0.008204908110201359,0.007228395901620388,0.09508489072322845,1.5450202226638794,0.0006003309480726634,nan,nan,nan,0,0
2,78,0.19380640983581543,0.18749409914016724,0.03622337430715561,5.426432380772894e-06,0.0,0.012624628841876984,0.03764062747359276,0.2009594573449807,0.2009594589471817,0.1538437157869339,0.03985581547021866,0.01782132498919964,0.008502255193889141,0.006962874438613653,0.12120214104652405,1.545021653175354,0.0006030880078262482,nan,nan,nan,0,0
2,79,0.21916472911834717,0.21260692179203033,0.04587166756391525,5.426437837741105e-06,0.0,0.013115618377923965,0.03547656163573265,0.1814309930492721,0.18143099546432495,0.13755850493907928,0.033899128437042236,0.057060856372117996,0.010494917631149292,0.006388304755091667,0.09715357422828674,1.545022964477539,0.0006058517921261944,nan,nan,nan,0,0
2,80,0.2667606472969055,0.26064255833625793,0.06825681030750275,5.426424650067929e-06,0.0,0.012236163020133972,0.03938281536102295,0.12349735583582458,0.1234973594546318,0.08214548975229263,0.026705851778388023,0.018781103193759918,0.006160383112728596,0.006144034676253796,0.0858025848865509,1.5450241565704346,0.0006086222635711194,nan,nan,nan,0,0
2,81,0.25927624106407166,0.2527996003627777,0.06350531429052353,5.426437837741105e-06,0.0,0.012953286990523338,0.03618749976158142,0.038405834640918485,0.03840583562850952,0.034215688705444336,0.008902682922780514,0.007553663104772568,0.0014218746218830347,0.0010766976047307253,0.012837374582886696,1.54502534866333,0.0006113993846691456,nan,nan,nan,0,0
2,82,0.20189997553825378,0.1955128312110901,0.038135673850774765,5.426426469057333e-06,0.0,0.012774298898875713,0.036976564675569534,0.11420944402136127,0.11420944333076477,0.08504647761583328,0.023460056632757187,0.03771718591451645,0.006353552918881178,0.005243527237325907,0.06140090525150299,1.545026421546936,0.0006141831178384071,nan,nan,nan,0,0
2,83,0.2985736131668091,0.29196110367774963,0.08496811240911484,5.42643010703614e-06,0.0,0.013225002214312553,0.03500000014901161,0.046520806878393196,0.04652080684900284,0.035992711782455444,0.009821564890444279,0.014956006780266762,0.002975933253765106,0.002320469357073307,0.023115452378988266,1.5450273752212524,0.0006169734254075595,nan,nan,nan,0,0
2,84,0.2622601389884949,0.2556476294994354,0.0645245909690857,5.426528787211282e-06,0.0,0.013225000351667404,0.03500000387430191,0.12217168010320283,0.12217168509960175,0.09645817428827286,0.02353268302977085,0.020622428506612778,0.005762322340160608,0.005137710366398096,0.06769835948944092,1.5450283288955688,0.00061977026961629,nan,nan,nan,0,0
2,85,0.27224504947662354,0.2658446431159973,0.06980620324611664,5.4264273785520345e-06,0.0,0.012800801545381546,0.03685937821865082,0.06818588762529906,0.06818588823080063,0.053865060210227966,0.014170752838253975,0.021691137924790382,0.003877224400639534,0.004588250536471605,0.032256316393613815,1.5450291633605957,0.0006225736126158267,nan,nan,nan,0,0
2,86,0.39892342686653137,0.39260584115982056,0.156337171792984,5.426421466836473e-06,0.0,0.012635165825486183,0.03759374842047691,0.045600944404001344,0.04560094326734543,0.035939279943704605,0.010808818973600864,0.010145922191441059,0.0013175253989174962,0.0011427541030570865,0.02376977540552616,1.5450299978256226,0.0006253834164694511,nan,nan,nan,0,0
2,87,0.21589340269565582,0.20973463356494904,0.044088732451200485,5.426372808869928e-06,0.0,0.012317531742155552,0.03901562839746475,0.19605422612851414,0.19605422019958496,0.15362846851348877,0.024732258170843124,0.022882139310240746,0.006567883305251598,0.0027460369747132063,0.11683149635791779,1.5450307130813599,0.000628199643153014,nan,nan,nan,0,0
2,88,0.3130565583705902,0.3064897954463959,0.09342195838689804,5.426510142569896e-06,0.0,0.01313351932913065,0.035398438572883606,0.09205496249522549,0.09205496311187744,0.0745263546705246,0.021998917683959007,0.01790415309369564,0.0026758629828691483,0.002275798236951232,0.0458594374358654,1.5450314283370972,0.0006310222545554463,nan,nan,nan,0,0
2,89,0.24972541630268097,0.24396491050720215,0.05989435315132141,5.426424650067929e-06,0.0,0.011521004140377045,0.0426640659570694,0.217767047848172,0.21776704490184784,0.16739045083522797,0.05201277509331703,0.06204548850655556,0.009468482807278633,0.010073372162878513,0.1125025674700737,1.545032024383545,0.000633851212479278,nan,nan,nan,0,0
2,90,0.23650896549224854,0.23028238117694855,0.0521651953458786,5.42767656952492e-06,0.0,0.012453165836632252,0.03840625286102295,0.02392970900331981,0.02392970770597458,0.019880972802639008,0.006413126364350319,0.00737465126439929,0.0008458708762191236,0.000687838124576956,0.008981959894299507,1.5450326204299927,0.0006366864786411523,nan,nan,nan,0,0
2,91,0.31327417492866516,0.3072884678840637,0.09342698752880096,5.435636467154836e-06,0.0,0.011971439234912395,0.04058593884110451,0.2850599011383003,0.2850598990917206,0.2249809354543686,0.06999991089105606,0.08292073011398315,0.011794225312769413,0.0126089071854949,0.13626739382743835,1.5450330972671509,0.0006395280146723463,nan,nan,nan,0,0
2,92,0.24739176034927368,0.24071893095970154,0.05688522011041641,6.770971140213078e-06,0.0,0.013345666229724884,0.034476567059755325,0.023883945300180183,0.023883946239948273,0.018854841589927673,0.005719719920307398,0.006730306427925825,0.0015809632604941726,0.0012291144812479615,0.011528894305229187,1.545033574104309,0.0006423757821192885,nan,nan,nan,0,0
2,93,0.3937809467315674,0.38776785135269165,0.14977920055389404,5.429270458989777e-06,0.0,0.012026207521557808,0.04033593833446503,0.06289904181492428,0.06289904564619064,0.04802399501204491,0.016464179381728172,0.01986338198184967,0.002619450679048896,0.0030499936547130346,0.031115883961319923,1.5450340509414673,0.0006452297424440802,nan,nan,nan,0,0
2,94,0.28000977635383606,0.27410584688186646,0.07578333467245102,5.65829668630613e-06,0.0,0.01180787943303585,0.04133594036102295,0.01286425720075767,0.012864257209002972,0.009684369899332523,0.003709304379299283,0.003803617786616087,0.0005406198324635625,0.00043405292672105134,0.0065570552833378315,1.545034408569336,0.0006480898570250153,nan,nan,nan,0,0
2,95,0.2785710394382477,0.2722262144088745,0.07393951714038849,5.431027602753602e-06,0.0,0.012689671479165554,0.037351563572883606,0.09105038568337395,0.09105038642883301,0.07183565944433212,0.021777313202619553,0.026738030835986137,0.003191806375980377,0.0028675924986600876,0.04384320229291916,1.5450347661972046,0.0006509560871571056,nan,nan,nan,0,0
2,96,0.2745470404624939,0.26799193024635315,0.07142599672079086,5.429348220786778e-06,0.0,0.013110250234603882,0.03550000116229057,0.08892896091948016,0.0889289602637291,0.06862148642539978,0.022313853725790977,0.027102570980787277,0.0034805447794497013,0.0038863024674355984,0.04404289647936821,1.5450351238250732,0.0006538283940526024,nan,nan,nan,0,0
2,97,0.28216806054115295,0.27565938234329224,0.07582254707813263,5.431685167422984e-06,0.0,0.013017384335398674,0.03590625151991844,0.13440775660743232,0.13440775871276855,0.1082339808344841,0.03161817789077759,0.038786690682172775,0.004650494549423456,0.00456585455685854,0.0616786815226078,1.5450353622436523,0.000656706738841522,nan,nan,nan,0,0
2,98,0.21908828616142273,0.21272319555282593,0.045388828963041306,5.431547378975665e-06,0.0,0.012730186805129051,0.037171877920627594,0.038966205545583235,0.03896620497107506,0.026983296498656273,0.009208339266479015,0.010550347156822681,0.001254167640581727,0.0015687700361013412,0.024292582646012306,1.5450356006622314,0.0006595910825721726,nan,nan,nan,0,0
2,99,0.234656423330307,0.2287193238735199,0.05248495936393738,5.427006726677064e-06,0.0,0.011874188669025898,0.04103125259280205,0.1079034190471,0.10790342092514038,0.08550124615430832,0.026874616742134094,0.031856052577495575,0.004781097639352083,0.005032944492995739,0.050472192466259,1.5450358390808105,0.0006624813862116802,nan,nan,nan,0,0
2,100,0.32048481702804565,0.31423380970954895,0.09798220545053482,5.424876235338161e-06,0.0,0.012502036057412624,0.038187503814697266,0.14785074804195278,0.14785075187683105,0.11660605669021606,0.03781958669424057,0.044522203505039215,0.006575004663318396,0.007054139859974384,0.06897341459989548,1.5450360774993896,0.0006653776106465173,nan,nan,nan,0,0
2,101,0.20174403488636017,0.19606375694274902,0.03897745534777641,5.427089945442276e-06,0.0,0.011360563337802887,0.04341406375169754,0.019795567729055722,0.01979556865990162,0.015756798908114433,0.005029670428484678,0.004173497203737497,0.0010967801790684462,0.0015672150766476989,0.009859667159616947,1.5450363159179688,0.0006682797166830321,nan,nan,nan,0,0
2,102,0.22248797118663788,0.2162439376115799,0.04659656435251236,5.4379866014642175e-06,0.0,0.012488064356148243,0.03825000301003456,0.06777931460361278,0.06777931749820709,0.056471552699804306,0.016250023618340492,0.019128156825900078,0.0028703087009489536,0.0031891767866909504,0.02750709094107151,1.5450364351272583,0.0006711876650479797,nan,nan,nan,0,0
2,103,0.2918940484523773,0.2852860391139984,0.08195685595273972,5.6299213611055166e-06,0.0,0.013216017745435238,0.035039063543081284,0.045539744057297445,0.045539744198322296,0.03910384327173233,0.010531003586947918,0.013614769093692303,0.001807278604246676,0.001005468307994306,0.015627428889274597,1.5450365543365479,0.0006741014163890522,nan,nan,nan,0,0
2,104,0.2965606451034546,0.29002875089645386,0.08432129770517349,5.566575055127032e-06,0.0,0.01306377723813057,0.03570312634110451,0.029000815970470776,0.029000815004110336,0.017491981387138367,0.007421053480356932,0.008697792887687683,0.0014448447618633509,0.0017583143198862672,0.019979365170001984,1.5450366735458374,0.000677020931275412,nan,nan,nan,0,0
2,105,0.2559366524219513,0.24968388676643372,0.06148805469274521,5.7165807447745465e-06,0.0,0.012505531311035156,0.03817187622189522,0.04925860971590084,0.04925861209630966,0.04113670438528061,0.013198494911193848,0.014989539049565792,0.00240648677572608,0.0021725406404584646,0.018021779134869576,1.545036792755127,0.000679946170198226,nan,nan,nan,0,0
2,106,0.27303647994995117,0.2670789361000061,0.07100673764944077,5.548808076127898e-06,0.0,0.011915086768567562,0.04084375500679016,0.061718522987894,0.061718523502349854,0.05148198455572128,0.015576763078570366,0.017849907279014587,0.0026603317819535732,0.002668584929779172,0.024152182042598724,1.5450371503829956,0.0006828770935711987,nan,nan,nan,0,0
2,107,0.23717549443244934,0.230693519115448,0.05273587256669998,0.000854735029861331,0.0,0.012963959947228432,0.036140624433755875,0.017432834443086635,0.017432833090424538,0.013626355677843094,0.0041982815600931644,0.004858667030930519,0.0005989858764223754,0.00041050920845009387,0.008744520135223866,1.5450373888015747,0.0006858136617311089,nan,nan,nan,0,0
2,108,0.39586782455444336,0.389750599861145,0.1543540060520172,5.538348432310158e-06,0.0,0.01223443541675806,0.039390627294778824,0.009692092008076,0.009692092426121235,0.008851910009980202,0.002712775021791458,0.0015757059445604682,0.00044091997551731765,0.0006778297247365117,0.002254878170788288,1.5450376272201538,0.0006887558349383479,nan,nan,nan,0,0
2,109,0.3270123302936554,0.3207787573337555,0.10310391336679459,5.4796219046693295e-06,0.0,0.012467119842767715,0.038343749940395355,0.01858503362755595,0.01858503371477127,0.011196347884833813,0.005146984476596117,0.0058660609647631645,0.0012196532916277647,0.0011585465399548411,0.012502534314990044,1.545037865638733,0.0006917035733774533,nan,nan,nan,0,0
2,110,0.268536776304245,0.26264727115631104,0.06986089050769806,6.068571110517951e-06,0.0,0.01177903264760971,0.04146875441074371,0.05953377424979486,0.05953377112746239,0.0415412038564682,0.015078503638505936,0.016397586092352867,0.003107901196926832,0.004621679894626141,0.035935185849666595,1.545038104057312,0.0006946568371576521,nan,nan,nan,0,0
2,111,0.31943774223327637,0.3133075535297394,0.09998296946287155,5.540476195164956e-06,0.0,0.012260371819138527,0.03927343711256981,0.012464595523547362,0.012464595958590508,0.011461284011602402,0.003311167238280177,0.002261541783809662,0.0007114963955245912,0.0007836385047994554,0.0026089067105203867,1.5450383424758911,0.0006976155863133975,nan,nan,nan,0,0
2,112,0.231100395321846,0.22499613463878632,0.05018552392721176,5.519477781490423e-06,0.0,0.012208524160087109,0.03950781375169754,0.020399238842689883,0.020399238914251328,0.016989627853035927,0.006150929722934961,0.004534926265478134,0.0006668370333500206,0.0006795159424655139,0.008256850764155388,1.5450384616851807,0.000700579780804912,nan,nan,nan,0,0
2,113,0.2422970086336136,0.23611220717430115,0.05660179257392883,5.452911409520311e-06,0.0,0.012369610369205475,0.03878125175833702,0.0419080260858657,0.04190802574157715,0.035340066999197006,0.01069427840411663,0.011975946836173534,0.0019123377278447151,0.0019159265793859959,0.015564177185297012,1.5450385808944702,0.0007035493805187278,nan,nan,nan,0,0
2,114,0.2222086638212204,0.21602559089660645,0.04621386155486107,5.431867521110689e-06,0.0,0.012366137467324734,0.03879687562584877,0.0762311690346254,0.07623116672039032,0.05767904594540596,0.02139415219426155,0.024400316178798676,0.0031974127050489187,0.0034468122757971287,0.037538375705480576,1.5450387001037598,0.0007065243452682288,nan,nan,nan,0,0
2,115,0.3145427107810974,0.308176726102829,0.09491909295320511,8.058118510234635e-06,0.0,0.012731949798762798,0.03716406226158142,0.017427312851032155,0.017427314072847366,0.014884477481245995,0.005059605464339256,0.004851858597248793,0.0012545043136924505,0.001167358597740531,0.00548515422269702,1.5450388193130493,0.0007095046347941978,nan,nan,nan,0,0
2,116,0.19378715753555298,0.18716026842594147,0.03534700721502304,5.453181074699387e-06,0.0,0.013253767043352127,0.03487499803304672,0.06922845224944137,0.06922845542430878,0.057370416820049286,0.01759723387658596,0.019854048267006874,0.003048910526558757,0.0026937145739793777,0.027943085879087448,1.5450389385223389,0.0007124902087653573,nan,nan,nan,0,0
2,117,0.3347039818763733,0.3282681703567505,0.10796520859003067,5.428064923762577e-06,0.0,0.01287161372601986,0.03654687479138374,0.10710074131083204,0.10710074007511139,0.08149905502796173,0.028466634452342987,0.03254669904708862,0.0042959097772836685,0.004513661377131939,0.054037097841501236,1.5450390577316284,0.0007154810267789185,nan,nan,nan,0,0
2,118,0.2944616377353668,0.2883037328720093,0.08325052261352539,5.751226126449183e-06,0.0,0.012315798550844193,0.03902343660593033,0.15906150506051925,0.1590615063905716,0.12578243017196655,0.04113972187042236,0.048070237040519714,0.006241962779313326,0.005888181272894144,0.0735016018152237,1.545039176940918,0.0007184770483611254,nan,nan,nan,0,0
2,119,0.317568838596344,0.31135183572769165,0.09611440449953079,5.614714154944522e-06,0.0,0.012433993630111217,0.03849218785762787,0.026764007186274953,0.026764007285237312,0.02149207331240177,0.006992073263972998,0.00823268759995699,0.0017242799513041973,0.002088650595396757,0.0114193269982934,1.545039176940918,0.000721478232967805,nan,nan,nan,0,0
2,120,0.39661112427711487,0.3905172049999237,0.151295006275177,5.441759185487172e-06,0.0,0.012187816202640533,0.03960156440734863,0.024402362015302593,0.02440236136317253,0.020655997097492218,0.006753083784133196,0.006723469588905573,0.0013452863786369562,0.0013697304530069232,0.00862031988799572,1.545039176940918,0.000724484539984914,nan,nan,nan,0,0
2,121,0.30629032850265503,0.29958316683769226,0.08829553425312042,5.487312591867521e-06,0.0,0.013414346612989902,0.0341796875,0.0347274390848388,0.034727439284324646,0.027920713648200035,0.008558846078813076,0.009877643547952175,0.0009807043243199587,0.0007761825690977275,0.01593872159719467,1.545039176940918,0.0007274959287290896,nan,nan,nan,0,0
2,122,0.2386574000120163,0.2326631247997284,0.05420735478401184,5.457567112898687e-06,0.0,0.01198854111135006,0.040507812052965164,0.17803636599891814,0.1780363768339157,0.1377282738685608,0.046279363334178925,0.053573574870824814,0.007194503676146269,0.007538974285125732,0.0872202143073082,1.545039176940918,0.0007305123584481995,nan,nan,nan,0,0
2,123,0.25734826922416687,0.2509213089942932,0.06376560032367706,1.0237407877866644e-05,0.0,0.012853892520070076,0.03662500157952309,0.034259037004835347,0.03425903618335724,0.027302110567688942,0.008248139172792435,0.008267056196928024,0.0009071938111446798,0.0009010423091240227,0.017037179321050644,1.545039176940918,0.0007335337883218936,nan,nan,nan,0,0
2,124,0.31773075461387634,0.31160402297973633,0.09793733805418015,5.912574579269858e-06,0.0,0.012253453023731709,0.039304688572883606,0.016726215679821316,0.016726216301321983,0.015247204340994358,0.0037047313526272774,0.003313015680760145,0.0003595429298002273,0.000645668595097959,0.004694867879152298,1.545039176940918,0.0007365601774621563,nan,nan,nan,0,0
2,125,0.32559964060783386,0.3199384808540344,0.10236062854528427,5.714785402233247e-06,0.0,0.011322291567921638,0.04359374940395355,0.041136987206557646,0.04113698750734329,0.0325019471347332,0.011033793911337852,0.011852769181132317,0.0020183324813842773,0.002293068217113614,0.019086921587586403,1.545039176940918,0.0007395914849138601,nan,nan,nan,0,0
2,126,0.25012001395225525,0.24400193989276886,0.05940473452210426,5.530153430299833e-06,0.0,0.012236163020133972,0.03938281163573265,0.04775857246649012,0.047758571803569794,0.040393803268671036,0.012427916750311852,0.013408739119768143,0.002208075486123562,0.002165586454793811,0.017475958913564682,1.545039176940918,0.0007426276696553193,nan,nan,nan,0,0
2,127,0.24184651672840118,0.2354867160320282,0.05466704070568085,5.55196902496391e-06,0.0,0.012719611637294292,0.03721875324845314,0.11689463326295356,0.11689463257789612,0.09162779897451401,0.0300825797021389,0.034972213208675385,0.004478394985198975,0.004347109701484442,0.055693186819553375,1.545039176940918,0.0007456686905988458,nan,nan,nan,0,0
2,128,0.22519953548908234,0.21920441091060638,0.04799451678991318,5.561481430049753e-06,0.0,0.011990251019597054,0.04050000011920929,0.025165004018085024,0.025165002793073654,0.018805036321282387,0.006255656946450472,0.007328720763325691,0.0007377737783826888,0.000834979466162622,0.013622156344354153,1.545039176940918,0.0007487145065913042,nan,nan,nan,0,0
2,129,0.2579543888568878,0.2518561780452728,0.0643363669514656,5.505069111677585e-06,0.0,0.012196442112326622,0.03956250101327896,0.021919653961392418,0.021919654682278633,0.014159300364553928,0.005526416469365358,0.006693006027489901,0.0007598210358992219,0.0012924890033900738,0.014226734638214111,1.545039176940918,0.0007517650764146699,nan,nan,nan,0,0
2,130,0.34265780448913574,0.3364041745662689,0.11553087085485458,5.692365448339842e-06,0.0,0.01250727754086256,0.03816406428813934,0.11772155085956484,0.1177215501666069,0.09384278953075409,0.029716745018959045,0.0353812649846077,0.004403077997267246,0.004236224107444286,0.05366230383515358,1.545039176940918,0.0007548203587865857,nan,nan,nan,0,0
2,131,0.23918147385120392,0.23311083018779755,0.05389492213726044,5.474828412843635e-06,0.0,0.012141285464167595,0.03981250151991844,0.060952839521074734,0.06095283851027489,0.04577064886689186,0.015260390937328339,0.017749140039086342,0.0021359259262681007,0.0024125822819769382,0.032588373869657516,1.545039176940918,0.0007578803123609215,nan,nan,nan,0,0
2,132,0.3032127618789673,0.2976821959018707,0.08916033804416656,5.426797542895656e-06,0.0,0.011061124503612518,0.04482812434434891,0.08340385825528819,0.08340386301279068,0.06367555260658264,0.02236180566251278,0.025722820311784744,0.003362420480698347,0.0035459077917039394,0.04142504557967186,1.545039176940918,0.0007609448957283335,nan,nan,nan,0,0
2,133,0.3982892334461212,0.3918072581291199,0.15213218331336975,5.464411515276879e-06,0.0,0.012963958084583282,0.03614062815904617,0.17138129926178777,0.17138129472732544,0.13740170001983643,0.04360847547650337,0.051133960485458374,0.0064828419126570225,0.006453904788941145,0.07676106691360474,1.5450390577316284,0.0007640140674168238,nan,nan,nan,0,0
2,134,0.40972021222114563,0.4036727845668793,0.16262662410736084,5.476707883644849e-06,0.0,0.012094846926629543,0.04002343490719795,0.04751344942103448,0.0475134514272213,0.039474621415138245,0.012779549695551395,0.013600088655948639,0.002153667388483882,0.002006501890718937,0.01850239187479019,1.5450389385223389,0.0007670877858923025,nan,nan,nan,0,0
2,135,0.24214483797550201,0.23532317578792572,0.055038198828697205,6.197175935085397e-06,0.0,0.013643335551023483,0.033195313066244125,0.14827180532489131,0.14827179908752441,0.11872789263725281,0.03750878572463989,0.04463969171047211,0.0056062256917357445,0.005551884416490793,0.06653083115816116,1.5450388193130493,0.0007701660095591496,nan,nan,nan,0,0
2,136,0.2856824994087219,0.27947160601615906,0.07749238610267639,5.54692633158993e-06,0.0,0.012421800754964352,0.03854687511920929,0.11070229623637995,0.11070229113101959,0.08945167809724808,0.027745114639401436,0.03236289694905281,0.003994201775640249,0.003853721311315894,0.04904530942440033,1.5450387001037598,0.0007732486967607784,nan,nan,nan,0,0
2,137,0.2136741429567337,0.20756728947162628,0.043066225945949554,5.544982741412241e-06,0.0,0.012213705107569695,0.03948437422513962,0.06747761427042759,0.06747761368751526,0.04799918457865715,0.018154168501496315,0.021038174629211426,0.0028537458274513483,0.003235431155189872,0.03819052502512932,1.5450385808944702,0.0007763358057801977,nan,nan,nan,0,0
2,138,0.2902487516403198,0.2846926748752594,0.08050500601530075,5.440256245492492e-06,0.0,0.011112124659121037,0.0445859432220459,0.05944913039320509,0.05944913253188133,0.045860253274440765,0.015401434153318405,0.016796225681900978,0.00281885894946754,0.0032514105550944805,0.02988647297024727,1.5450384616851807,0.0007794272948405776,nan,nan,nan,0,0
2,139,0.2749418020248413,0.2687552571296692,0.07175516337156296,7.837085831852164e-06,0.0,0.012373087927699089,0.03876562416553497,0.13137618935329906,0.13137619197368622,0.09837163239717484,0.03485795855522156,0.04002368822693825,0.006475497968494892,0.007289521861821413,0.06834239512681961,1.5450383424758911,0.0007825231221058146,nan,nan,nan,0,0
2,140,0.44337737560272217,0.437669575214386,0.18963821232318878,5.464780315378448e-06,0.0,0.011415587738156319,0.043156251311302185,0.016796768083871885,0.016796767711639404,0.012910405173897743,0.004170839674770832,0.004533886909484863,0.0003042766184080392,0.0003888716164510697,0.00878959707915783,1.5450382232666016,0.0007856232456810981,nan,nan,nan,0,0
2,141,0.2564244866371155,0.2504139542579651,0.06392791122198105,5.57955763724749e-06,0.0,0.012021067552268505,0.04035937786102295,0.12386751989358383,0.12386751919984818,0.09889866411685944,0.030284084379673004,0.036868855357170105,0.004507317207753658,0.003994162194430828,0.05700446665287018,1.545038104057312,0.0007887276236134765,nan,nan,nan,0,0
2,142,0.27569082379341125,0.2692921757698059,0.07258547842502594,8.330604941875208e-06,0.0,0.012797268107533455,0.03687499836087227,0.02370731323509261,0.02370731346309185,0.014242101460695267,0.005425320938229561,0.006226682104170322,0.0012978604063391685,0.0010732997907325625,0.016975192353129387,1.5450379848480225,0.0007918362138924252,nan,nan,nan,0,0
2,143,0.26363617181777954,0.25716930627822876,0.06518054753541946,5.511038580152672e-06,0.0,0.012933732941746712,0.03627343475818634,0.0988236083474649,0.09882360696792603,0.07902398705482483,0.025207573547959328,0.02903289534151554,0.004434365313500166,0.004766204860061407,0.0447281114757061,1.545037865638733,0.0007949489744504157,nan,nan,nan,0,0
2,144,0.2081652134656906,0.2016734480857849,0.04061366990208626,5.558215889323037e-06,0.0,0.012983536347746849,0.036054689437150955,0.01416187565019549,0.01416187547147274,0.011006315238773823,0.0032027310226112604,0.0038041425868868828,0.0005992749356664717,0.0005017470102757215,0.007353902328759432,1.5450377464294434,0.0007980658631634848,nan,nan,nan,0,0
2,145,0.2632368505001068,0.25703465938568115,0.07100830227136612,7.271068170666695e-06,0.0,0.012404391542077065,0.038624998182058334,0.06433506916357296,0.06433507055044174,0.0498693510890007,0.016012554988265038,0.01962149515748024,0.0023439417127519846,0.0020475012715905905,0.03163791447877884,1.5450376272201538,0.0008011868378518035,nan,nan,nan,0,0
2,146,0.29359179735183716,0.28802749514579773,0.0820777416229248,5.494379820447648e-06,0.0,0.011128601618111134,0.04450781270861626,0.019728094950718086,0.019728094339370728,0.014180094003677368,0.004909834358841181,0.00579982390627265,0.0005930887418799102,0.0005091055063530803,0.011391544714570045,1.5450375080108643,0.0008043118562802488,nan,nan,nan,0,0
2,147,0.305988073348999,0.2996326684951782,0.08915632963180542,5.498293376149377e-06,0.0,0.012710802257061005,0.03725781291723251,0.046265995643993925,0.046265993267297745,0.03523877263069153,0.011749688535928726,0.01291684340685606,0.002378965262323618,0.002872179029509425,0.024082407355308533,1.5450373888015747,0.0008074408761589756,nan,nan,nan,0,0
2,148,0.25430142879486084,0.2479715496301651,0.0629115179181099,5.679150035575731e-06,0.0,0.012659766711294651,0.03748437389731407,0.07707404178970732,0.07707404345273972,0.06514464318752289,0.01848551258444786,0.02109215408563614,0.0030261853244155645,0.002982365433126688,0.029865330085158348,1.5450372695922852,0.0008105738551439886,nan,nan,nan,0,0
2,149,0.22025492787361145,0.21394436061382294,0.04594075307250023,5.468621566251386e-06,0.0,0.012621119618415833,0.03765625134110451,0.05269720673611244,0.052697207778692245,0.03917738050222397,0.013138293288648129,0.0152776213362813,0.0018841290147975087,0.002160280477255583,0.028773099184036255,1.5450371503829956,0.0008137107508377145,nan,nan,nan,0,0
2,150,0.31070005893707275,0.30474933981895447,0.09215030074119568,5.477850663737627e-06,0.0,0.011901447549462318,0.04090624675154686,0.05957270086383186,0.05957270413637161,0.04321541264653206,0.01485144067555666,0.017575806006789207,0.002190834144130349,0.002522677881643176,0.033774204552173615,1.545037031173706,0.000816851520789577,nan,nan,nan,0,0
2,151,0.212943434715271,0.20689429342746735,0.04303012788295746,5.944573331362335e-06,0.0,0.0120982825756073,0.0400078147649765,0.08842881388678701,0.0884288102388382,0.0657808855175972,0.02311657927930355,0.026447249576449394,0.0035704770125448704,0.004603314679116011,0.0471673421561718,1.5450369119644165,0.0008199961224965701,nan,nan,nan,0,0
2,152,0.23365387320518494,0.22727642953395844,0.051942378282547,5.630597570416285e-06,0.0,0.01275488082319498,0.037062499672174454,0.020568580018338452,0.02056857943534851,0.017081866040825844,0.00479780463501811,0.00476082181558013,0.001209499780088663,0.0020297644659876823,0.008944783359766006,1.545036792755127,0.0008231445134038349,nan,nan,nan,0,0
2,153,0.2928932309150696,0.2862357199192047,0.08160394430160522,6.5595518208283465e-06,0.0,0.013314996846020222,0.03460937365889549,0.03174122491471727,0.03174122795462608,0.025139395147562027,0.00782580953091383,0.008576118387281895,0.0016129222931340337,0.001622065668925643,0.015345698222517967,1.5450366735458374,0.0008262966509052338,nan,nan,nan,0,0
2,154,0.34858980774879456,0.3421024978160858,0.11499548703432083,5.468477411341155e-06,0.0,0.0129746338352561,0.036093756556510925,0.023850573034638996,0.02385057508945465,0.021128099411725998,0.004568638280034065,0.006193285807967186,0.0007312955567613244,0.0005968837067484856,0.007895121350884438,1.5450365543365479,0.0008294524923439283,nan,nan,nan,0,0
2,155,0.2873624861240387,0.2810755968093872,0.07842268794775009,5.4933079809416085e-06,0.0,0.012573768384754658,0.037867192178964615,0.051690178110425145,0.051690176129341125,0.044765837490558624,0.011629302985966206,0.014618420973420143,0.0015533603727817535,0.0011464187409728765,0.01775466650724411,1.5450364351272583,0.0008326119950129549,nan,nan,nan,0,0
2,156,0.15211857855319977,0.14613541960716248,0.020913302898406982,5.604862053587567e-06,0.0,0.011966310441493988,0.04060937464237213,0.06147073830032857,0.06147073954343796,0.05082221329212189,0.014910821802914143,0.01709580048918724,0.002638304140418768,0.003107423661276698,0.025778645649552345,1.5450363159179688,0.0008357751161558043,nan,nan,nan,0,0
2,157,0.29332610964775085,0.28642940521240234,0.08204999566078186,5.761025022366084e-06,0.0,0.013793403282761574,0.032554689794778824,0.06250300548914266,0.06250300258398056,0.04559295251965523,0.014889075420796871,0.017990482971072197,0.0023457948118448257,0.002668321831151843,0.03563626855611801,1.5450361967086792,0.0008389418129670001,nan,nan,nan,0,0
2,158,0.36416247487068176,0.3576600253582001,0.1272982358932495,5.432516445580404e-06,0.0,0.013004908338189125,0.03596093878149986,0.2475008236376115,0.24750083684921265,0.19738738238811493,0.06047503277659416,0.07248802483081818,0.010124393738806248,0.010699975304305553,0.11474381387233734,1.5450360774993896,0.0008421120425926771,nan,nan,nan,0,0
2,159,0.27612796425819397,0.2698156535625458,0.07328979671001434,5.4270881264528725e-06,0.0,0.012624630704522133,0.03764062374830246,0.053560451473569255,0.05356045067310333,0.03885236755013466,0.013413676992058754,0.016185680404305458,0.0020879851654171944,0.0023676783312112093,0.030122200027108192,1.5450359582901,0.0008452857621311612,nan,nan,nan,0,0
2,160,0.25288617610931396,0.2468232810497284,0.06050829961895943,5.578498530667275e-06,0.0,0.012125796638429165,0.03988281264901161,0.22203366194178872,0.22203366458415985,0.1720821112394333,0.05552775785326958,0.06590373069047928,0.009631291031837463,0.010527933947741985,0.10980191826820374,1.5450358390808105,0.0008484629286335515,nan,nan,nan,0,0
2,161,0.32089439034461975,0.3141591250896454,0.09731628745794296,5.72600629311637e-06,0.0,0.013470505364239216,0.03393750265240669,0.020786230942677193,0.020786231383681297,0.018647244200110435,0.0044456664472818375,0.0046163215301930904,0.0006628934643231332,0.000443139870185405,0.006529740057885647,1.545035719871521,0.0008516434991042998,nan,nan,nan,0,0
2,162,0.2424216866493225,0.23574253916740417,0.05480277165770531,5.483661880134605e-06,0.0,0.013358304277062416,0.034421876072883606,0.1529160616662523,0.1529160588979721,0.12288437783718109,0.037159379571676254,0.04387594386935234,0.006391795817762613,0.006309937220066786,0.06997258961200714,1.5450356006622314,0.0008548274305017931,nan,nan,nan,0,0
2,163,0.29530349373817444,0.2887474596500397,0.0829022228717804,5.928551217948552e-06,0.0,0.013112042099237442,0.0354921855032444,0.07110541411811536,0.07110541313886642,0.05860305204987526,0.017488164827227592,0.020619483664631844,0.0023607516195625067,0.0021014860831201077,0.029676148667931557,1.545035481452942,0.0008580146797389364,nan,nan,nan,0,0
2,164,0.20824703574180603,0.20199863612651825,0.04005824029445648,5.603393674391555e-06,0.0,0.012496796436607838,0.03821093589067459,0.032450296883786894,0.032450299710035324,0.02416313998401165,0.007946105673909187,0.007880332879722118,0.0015263271052390337,0.001888041035272181,0.018385587260127068,1.5450353622436523,0.0008612052036837353,nan,nan,nan,0,0
2,165,0.21200470626354218,0.20536252856254578,0.041693314909935,5.5087725741032045e-06,0.0,0.01328436378389597,0.03474218770861626,0.04717532652438427,0.0471753254532814,0.040397994220256805,0.011573455296456814,0.012978971004486084,0.002087121596559882,0.0020034590270370245,0.016815023496747017,1.5450352430343628,0.0008643989591598797,nan,nan,nan,0,0
2,166,0.24722906947135925,0.24073730409145355,0.05851441249251366,5.610384505416732e-06,0.0,0.012983536347746849,0.03605468571186066,0.08538861622483535,0.08538861572742462,0.06657835096120834,0.02211274579167366,0.0250068511813879,0.0038827448152005672,0.004544811323285103,0.04133390635251999,1.5450351238250732,0.0008675959029473285,nan,nan,nan,0,0
2,167,0.20431044697761536,0.19769704341888428,0.03905963525176048,5.486141162691638e-06,0.0,0.013226797804236412,0.03499218821525574,0.09318235028221983,0.09318234771490097,0.07405859977006912,0.024493640288710594,0.02819233573973179,0.004414194263517857,0.004559515044093132,0.04199111461639404,1.5450350046157837,0.0008707959917828943,nan,nan,nan,0,0
2,168,0.2574034035205841,0.25137144327163696,0.06293127685785294,5.428258646134054e-06,0.0,0.012063934467732906,0.04016406089067459,0.08882095669974018,0.08882095664739609,0.06841094046831131,0.023562146350741386,0.026849141344428062,0.00431168032810092,0.005130020901560783,0.04345281049609184,1.5450348854064941,0.0008739991823608283,nan,nan,nan,0,0
2,169,0.2588960826396942,0.2531464695930481,0.06395769119262695,5.529925601877039e-06,0.0,0.011499211192131042,0.042765628546476364,0.045927492703146895,0.045927491039037704,0.033255334943532944,0.010204778984189034,0.011170700192451477,0.002777363173663616,0.004449015017598867,0.027331076562404633,1.5450347661972046,0.0008772054313334076,nan,nan,nan,0,0
2,170,0.2996070683002472,0.2929351329803467,0.08481369912624359,5.564153525483562e-06,0.0,0.013343862257897854,0.0344843715429306,0.04429478195053737,0.04429478198289871,0.03871835395693779,0.00927133858203888,0.011913293041288853,0.0012426775647327304,0.0006610234268009663,0.015266017988324165,1.545034646987915,0.0008804146953115203,nan,nan,nan,0,0
2,171,0.31352514028549194,0.30786481499671936,0.0941970944404602,5.532923751161434e-06,0.0,0.011320630088448524,0.04360156133770943,0.24721475137947732,0.24721476435661316,0.19581173360347748,0.06349336355924606,0.07446543127298355,0.010581951588392258,0.010888360440731049,0.11386771500110626,1.5450345277786255,0.000883626930865254,nan,nan,nan,0,0
2,172,0.28665587306022644,0.2807145118713379,0.07846485078334808,5.455600330606103e-06,0.0,0.011882704682648182,0.040992189198732376,0.1101453168054774,0.11014532297849655,0.08732954412698746,0.02836741879582405,0.03279472142457962,0.004930146038532257,0.005467758048325777,0.05070635676383972,1.545034408569336,0.0008868420945244827,nan,nan,nan,0,0
2,173,0.2999074459075928,0.29430434107780457,0.0859379991889,5.569255336013157e-06,0.0,0.011206208728253841,0.04414062574505806,0.017764965621999414,0.017764965072274208,0.013878571800887585,0.0036225931253284216,0.0040277838706970215,0.0008102463907562196,0.0007640591938979924,0.009612114168703556,1.5450342893600464,0.0008900601427794552,nan,nan,nan,0,0
2,174,0.2853040397167206,0.27948299050331116,0.0776817798614502,5.479238097905181e-06,0.0,0.011642074212431908,0.04210156574845314,0.07910119261865738,0.07910119742155075,0.063321053981781,0.0208685752004385,0.023843536153435707,0.003660396905615926,0.00386291672475636,0.03485843539237976,1.5450341701507568,0.0008932810320813839,nan,nan,nan,0,0
2,175,0.2265893965959549,0.21989759802818298,0.048398394137620926,5.4941215239523444e-06,0.0,0.013383598998188972,0.034312501549720764,0.04500191249628574,0.045001912862062454,0.03863455355167389,0.011006421409547329,0.012457079254090786,0.00195978838019073,0.0019912756979465485,0.01576125994324684,1.5450340509414673,0.0008965047188430352,nan,nan,nan,0,0
2,176,0.2636754810810089,0.2567199468612671,0.06669273227453232,8.761848221183755e-06,0.0,0.013911097310483456,0.03205469250679016,0.0746047001464025,0.07460469752550125,0.06095510348677635,0.01831759326159954,0.0216946043074131,0.002638864330947399,0.002209257334470749,0.03212945908308029,1.5450338125228882,0.0008997311594393172,nan,nan,nan,0,0
2,177,0.27705666422843933,0.27079516649246216,0.07608160376548767,5.566403160628397e-06,0.0,0.012523011304438114,0.038093749433755875,0.04150535287446189,0.0415053516626358,0.029264219105243683,0.01142737828195095,0.01328953541815281,0.0017940220423042774,0.001459360821172595,0.023531995713710785,1.545033574104309,0.0009029603102078713,nan,nan,nan,0,0
2,178,0.23784148693084717,0.23165059089660645,0.05314837396144867,5.483648692461429e-06,0.0,0.012381778098642826,0.0387265644967556,0.06981323185433669,0.06981323659420013,0.05949290096759796,0.015155777335166931,0.019464028999209404,0.0021878392435610294,0.001483490807004273,0.026813218370079994,1.54503333568573,0.0009061921274496646,nan,nan,nan,0,0
2,179,0.27861711382865906,0.2719884216785431,0.07329856604337692,5.851351033925312e-06,0.0,0.013257364742457867,0.03485937416553497,0.02185780469212855,0.02185780555009842,0.01897258870303631,0.003856525057926774,0.005730598699301481,0.0007018611067906022,0.00040921015897765756,0.008332580327987671,1.5450330972671509,0.000909426567429578,nan,nan,nan,0,0
2,180,0.25001269578933716,0.2438383251428604,0.05923280119895935,7.414134597638622e-05,0.0,0.01234876736998558,0.038874998688697815,0.0381456139031413,0.03814561292529106,0.026609601452946663,0.00984108541160822,0.013220826163887978,0.0017863365355879068,0.0025062754284590483,0.0215848870575428,1.5450328588485718,0.0009126635863769997,nan,nan,nan,0,0
2,181,0.21560071408748627,0.2090473771095276,0.04407051205635071,5.545055955735734e-06,0.0,0.013106673024594784,0.03551562875509262,0.11282645581179322,0.11282645165920258,0.08629637211561203,0.03043314628303051,0.03614548221230507,0.005611245054751635,0.0060372562147676945,0.05460895970463753,1.5450326204299927,0.0009159031404864192,nan,nan,nan,0,0
2,182,0.2276086062192917,0.22159206867218018,0.04942004382610321,5.764857633039355e-06,0.0,0.012033063918352127,0.04030468314886093,0.13087385445985944,0.13087385892868042,0.09834931790828705,0.03453864902257919,0.04061972349882126,0.005348838400095701,0.006009241566061974,0.06743720173835754,1.5450323820114136,0.000919145185918017,nan,nan,nan,0,0
2,183,0.24745579063892365,0.24139031767845154,0.058109983801841736,5.6493154261261225e-06,0.0,0.012130958028137684,0.03985937684774399,0.031255606511081994,0.031255606561899185,0.02179330587387085,0.00880736019462347,0.009335949085652828,0.0020810395944863558,0.0028908217791467905,0.01801520586013794,1.5450321435928345,0.0009223896787982602,nan,nan,nan,0,0
2,184,0.4983886778354645,0.4921725392341614,0.2395932525396347,5.584073733189143e-06,0.0,0.012432252056896687,0.03849999979138374,0.012084259270084025,0.01208425872027874,0.011111867614090443,0.0030986089259386063,0.0018878048285841942,0.0006339559913612902,0.0007109697326086462,0.0029125860892236233,1.5450319051742554,0.0009256365752204944,nan,nan,nan,0,0
2,185,0.28232064843177795,0.27723199129104614,0.07612357288599014,5.563053946389118e-06,0.0,0.010177342221140862,0.04911718890070915,0.09408361339063603,0.09408361464738846,0.0723322257399559,0.024445699527859688,0.027666747570037842,0.0036297887563705444,0.00392497144639492,0.047203321009874344,1.5450316667556763,0.00092888583124554,nan,nan,nan,0,0
2,186,0.36180010437965393,0.3558604419231415,0.12521463632583618,5.548278750211466e-06,0.0,0.011879296973347664,0.041007813066244125,0.14234470178247327,0.14234471321105957,0.10582353174686432,0.037685610353946686,0.04390902817249298,0.006040451116859913,0.007187185809016228,0.07501362264156342,1.5450314283370972,0.0009321374029022851,nan,nan,nan,0,0
2,187,0.24231688678264618,0.23611904680728912,0.05494562163949013,5.494743618328357e-06,0.0,0.012395692057907581,0.038664065301418304,0.1231005709342191,0.12310057878494263,0.09453734755516052,0.032430849969387054,0.037944722920656204,0.004991518333554268,0.005513990297913551,0.06057688593864441,1.545031189918518,0.0009353912461882807,nan,nan,nan,0,0
2,188,0.32273250818252563,0.31598183512687683,0.10022804886102676,6.044113433745224e-06,0.0,0.01350135263055563,0.03380468860268593,0.03244818180944859,0.0324481800198555,0.02379089966416359,0.009579536505043507,0.010125572793185711,0.002020011655986309,0.0024673566222190857,0.016805194318294525,1.545030951499939,0.000938647317070338,nan,nan,nan,0,0
2,189,0.19743065536022186,0.19149015843868256,0.03697352856397629,5.5752811931597535e-06,0.0,0.011881002224981785,0.04099999740719795,0.11211548477480131,0.11211548000574112,0.08414896577596664,0.02999134734272957,0.03515978530049324,0.004782629664987326,0.005488517694175243,0.057446885854005814,1.5450307130813599,0.0009419055714851212,nan,nan,nan,0,0
2,190,0.3357560932636261,0.32890427112579346,0.10822465270757675,6.3828974816715345e-06,0.0,0.01370362937450409,0.03293750435113907,0.1020811025459545,0.10208110511302948,0.08489658683538437,0.02424764446914196,0.029544539749622345,0.0035143347922712564,0.0029376461170613766,0.04160904511809349,1.5450304746627808,0.0009451659653397465,nan,nan,nan,0,0
3,1,0.27106261253356934,0.2645637094974518,0.07026830315589905,5.793909622298088e-06,0.0,0.012997781857848167,0.03599219024181366,0.048087199003016945,0.04808719828724861,0.04085415601730347,0.012490472756326199,0.01380887534469366,0.0022848579101264477,0.0021080479491502047,0.01693975366652012,1.5450302362442017,0.0009484284545123772,nan,nan,nan,0,0
3,2,0.25953301787376404,0.25326627492904663,0.0643254742026329,5.533693183679134e-06,0.0,0.012533503584563732,0.03804687410593033,0.015469510351464393,0.015469510108232498,0.010313987731933594,0.003993998281657696,0.0033825510181486607,0.0006442501908168197,0.000537696061655879,0.010238630697131157,1.5450299978256226,0.0009516929948528219,nan,nan,nan,0,0
3,3,0.31940391659736633,0.3132477402687073,0.09856948256492615,5.577766842179699e-06,0.0,0.012312331236898899,0.039039064198732376,0.10126584019152428,0.10126583278179169,0.06901935487985611,0.026447519659996033,0.030909480527043343,0.0055640204809606075,0.0069413199089467525,0.06129511818289757,1.5450297594070435,0.0009549595421831315,nan,nan,nan,0,0
3,4,0.26505687832832336,0.2589586675167084,0.0665934681892395,7.894099326222204e-06,0.0,0.012196442112326622,0.03956250101327896,0.1013268164077771,0.10132681578397751,0.0838245302438736,0.02375621721148491,0.029302092269062996,0.0035386753734201193,0.002988578053191304,0.042380981147289276,1.5450295209884644,0.0009582280522981957,nan,nan,nan,0,0
3,5,0.28944775462150574,0.28320983052253723,0.07931628823280334,5.461543423734838e-06,0.0,0.012475844472646713,0.03830469027161598,0.01584619762614254,0.015846198424696922,0.012426388449966908,0.004536061082035303,0.004255037754774094,0.0010655771475285292,0.0016148643335327506,0.00736630242317915,1.5450292825698853,0.0009614984809663443,nan,nan,nan,0,0
3,6,0.20335087180137634,0.1974901556968689,0.03935803472995758,5.550421974476194e-06,0.0,0.011721447110176086,0.041734375059604645,0.021313749247402557,0.021313749253749847,0.015223017893731594,0.004438953008502722,0.0052642906084656715,0.000742254254873842,0.0009499964071437716,0.013178206980228424,1.5450290441513062,0.0009647707839299429,nan,nan,nan,0,0
3,7,0.3609004616737366,0.35473474860191345,0.12518499791622162,5.461648470372893e-06,0.0,0.012331409379839897,0.03895312920212746,0.044987186812565715,0.044987186789512634,0.035427965223789215,0.010601981543004513,0.012577831745147705,0.0013592884643003345,0.0011974135413765907,0.022244570776820183,1.545028805732727,0.0009680449169059925,nan,nan,nan,0,0
3,8,0.20682862401008606,0.20029762387275696,0.03947795554995537,7.3453716140647884e-06,0.0,0.013061990961432457,0.03571093827486038,0.07434066206764141,0.07434066385030746,0.0618317574262619,0.018238460645079613,0.02140701189637184,0.002472449094057083,0.0020960925612598658,0.03003264218568802,1.545028567314148,0.0009713208355867299,nan,nan,nan,0,0
3,9,0.2515324652194977,0.2457105964422226,0.06020893529057503,6.11828454566421e-06,0.0,0.011643758974969387,0.04209375008940697,0.19991809997349894,0.19991810619831085,0.14927257597446442,0.05180651694536209,0.06029863655567169,0.008477833122015,0.009184678085148335,0.10587196052074432,1.5450283288955688,0.0009745984956402267,nan,nan,nan,0,0
3,10,0.21727102994918823,0.21107666194438934,0.044308945536613464,5.869530014024349e-06,0.0,0.012388735078275204,0.0386953130364418,0.1456741029965507,0.14567410945892334,0.10982559621334076,0.0377361960709095,0.043573491275310516,0.006088001187890768,0.006662847474217415,0.07586274296045303,1.5450280904769897,0.0009778778527109885,nan,nan,nan,0,0
3,11,0.34117749333381653,0.3349474370479584,0.11118033528327942,4.19100615545176e-05,0.0,0.012460140511393547,0.03837500140070915,0.02014284477980703,0.020142845809459686,0.01704651303589344,0.004978175740689039,0.0052114007994532585,0.001229149173013866,0.0010841503972187638,0.007779682986438274,1.5450278520584106,0.0009811588624205555,nan,nan,nan,0,0
3,12,0.42376449704170227,0.4176861047744751,0.17754876613616943,5.682055416400544e-06,0.0,0.012156786397099495,0.03974218666553497,0.02100034908811955,0.021000348031520844,0.014636927284300327,0.0055283447727561,0.004869282711297274,0.0007186285802163184,0.000678923272062093,0.013096760958433151,1.5450276136398315,0.0009844414803681042,nan,nan,nan,0,0
3,13,0.24248099327087402,0.23624829947948456,0.05656110867857933,6.034141279087635e-06,0.0,0.012465374544262886,0.03835156559944153,0.07751653718980801,0.07751654088497162,0.06475891917943954,0.01796329952776432,0.020770587027072906,0.002321603475138545,0.0021849742624908686,0.03241657838225365,1.5450273752212524,0.0009877256621310467,nan,nan,nan,0,0
3,14,0.2996959686279297,0.2930564880371094,0.0854409784078598,5.625867743219715e-06,0.0,0.013278963044285774,0.03476562350988388,0.10111388718150698,0.10111388564109802,0.08082133531570435,0.025615572929382324,0.029277680441737175,0.004481148906052113,0.004789853002876043,0.04621218889951706,1.5450271368026733,0.0009910113632656326,nan,nan,nan,0,0
3,15,0.35514315962791443,0.34873390197753906,0.1206018328666687,5.574288024945417e-06,0.0,0.01281848642975092,0.036781251430511475,0.06667051346546188,0.06667051464319229,0.05772486329078674,0.014425269328057766,0.017243098467588425,0.0019111019792035222,0.0012860001297667623,0.024537289515137672,1.5450268983840942,0.0009942985393075507,nan,nan,nan,0,0
3,16,0.22811274230480194,0.2215101271867752,0.04881647229194641,6.014233349560527e-06,0.0,0.013205244205892086,0.03508593514561653,0.039412389513191586,0.03941239044070244,0.031460538506507874,0.010596713982522488,0.011301469057798386,0.0019587266724556684,0.0024829076137393713,0.01770751178264618,1.5450266599655151,0.0009975871457725298,nan,nan,nan,0,0
3,17,0.25541555881500244,0.24943923950195312,0.06105666980147362,5.585952749243006e-06,0.0,0.011952639557421207,0.040671877562999725,0.1451206476047128,0.14512065052986145,0.10992506891489029,0.03762229159474373,0.04107779636979103,0.0058418624103069305,0.005786210298538208,0.07619745284318924,1.545026421546936,0.0010008771381569415,nan,nan,nan,0,0
3,18,0.2554122507572174,0.2497619092464447,0.06310248374938965,5.5954596973606385e-06,0.0,0.011300686746835709,0.04369531571865082,0.09349765711354673,0.09349765628576279,0.067943274974823,0.023849807679653168,0.02758963406085968,0.0038022110238671303,0.004319617059081793,0.052558597177267075,1.545026183128357,0.0010041684719384021,nan,nan,nan,0,0
3,19,0.21515925228595734,0.20908860862255096,0.04352901875972748,5.553903974941932e-06,0.0,0.012141287326812744,0.03981249779462814,0.01655088351074909,0.016550883650779724,0.014538053423166275,0.003561386140063405,0.003160534193739295,0.0008601252338849008,0.0003564154903870076,0.006247995886951685,1.5450259447097778,0.0010074611025763756,nan,nan,nan,0,0
3,20,0.3233588933944702,0.31734150648117065,0.10061921179294586,5.521992534340825e-06,0.0,0.01203477568924427,0.040296878665685654,0.07575409356774095,0.0757540911436081,0.059821583330631256,0.018803052604198456,0.021562546491622925,0.00269112060777843,0.002724680118262768,0.036426592618227005,1.5450257062911987,0.001010754985512776,nan,nan,nan,0,0
3,21,0.24949496984481812,0.24353572726249695,0.05867595970630646,5.453524408949306e-06,0.0,0.011918500065803528,0.04082812741398811,0.13589535546584333,0.13589535653591156,0.10658938437700272,0.03424149379134178,0.03893153741955757,0.005083938594907522,0.005030598025768995,0.0660829246044159,1.5450254678726196,0.0010140500761725694,nan,nan,nan,0,0
3,22,0.30660149455070496,0.30055493116378784,0.09034759551286697,5.5775622058718e-06,0.0,0.012093126773834229,0.040031250566244125,0.023130022332661565,0.0231300238519907,0.01923513039946556,0.005077838432043791,0.005923332646489143,0.001288371509872377,0.0013266617897897959,0.010035808198153973,1.5450252294540405,0.0010173463299643797,nan,nan,nan,0,0
3,23,0.34259381890296936,0.33681318163871765,0.11344487965106964,5.4734578043280635e-06,0.0,0.011561290360987186,0.04247656837105751,0.015722238917751062,0.015722239390015602,0.01149135734885931,0.004316619597375393,0.003964476753026247,0.0006479239673353732,0.0006039026193320751,0.008944423869252205,1.5450249910354614,0.0010206437022810897,nan,nan,nan,0,0
3,24,0.22597724199295044,0.2195378839969635,0.048876382410526276,0.00024418983957730234,0.0,0.012878704816102982,0.036515627056360245,0.020766276767794703,0.020766276866197586,0.014819792471826077,0.0050577763468027115,0.004779501352459192,0.0005714999279007316,0.0006631139549426734,0.012744447216391563,1.5450247526168823,0.0010239421485004451,nan,nan,nan,0,0
3,25,0.2747611701488495,0.26883769035339355,0.07177828997373581,5.507770310941851e-06,0.0,0.011846964247524738,0.04115624725818634,0.06674416245708628,0.06674416363239288,0.05146142095327377,0.01758955977857113,0.018842272460460663,0.003298022784292698,0.0035784353967756033,0.033442478626966476,1.5450245141983032,0.0010272416239856597,nan,nan,nan,0,0
3,26,0.389874666929245,0.3832387924194336,0.1471225619316101,5.4763895604992285e-06,0.0,0.013271760195493698,0.034796878695487976,0.03098541141479663,0.030985413119196892,0.025815971195697784,0.007626709528267384,0.008002684451639652,0.000796373060438782,0.0006796050583943725,0.013050885871052742,1.5450242757797241,0.0010305420840860183,nan,nan,nan,0,0
3,27,0.276259183883667,0.27012208104133606,0.07195553183555603,6.294000286288792e-06,0.0,0.012274217791855335,0.03921093791723251,0.09025136931861387,0.0902513712644577,0.07058704644441605,0.022128555923700333,0.0232712272554636,0.003885880345478654,0.00414243433624506,0.04581807181239128,1.545024037361145,0.001033843484137481,nan,nan,nan,0,0
3,28,0.1926315873861313,0.1864476501941681,0.03435920178890228,5.425031304184813e-06,0.0,0.012367873452603817,0.038789063692092896,0.029470419814057233,0.029470419511198997,0.021447129547595978,0.007744714617729187,0.007822500541806221,0.0017133537912741303,0.0022408743388950825,0.016715174540877342,1.545023798942566,0.0010371457794632884,nan,nan,nan,0,0
3,29,0.2444075345993042,0.2379104197025299,0.05630537122488022,5.808701644127723e-06,0.0,0.012994221411645412,0.03600781038403511,0.06376335831439821,0.06376335769891739,0.049947336316108704,0.015565812587738037,0.01632758229970932,0.0021241020876914263,0.0019595492631196976,0.03246218338608742,1.5450235605239868,0.0010404489253745648,nan,nan,nan,0,0
3,30,0.19228948652744293,0.18614718317985535,0.03424389660358429,5.511742983799195e-06,0.0,0.012284605763852596,0.039164066314697266,0.06430582388386191,0.06430582702159882,0.047482818365097046,0.01564621366560459,0.015765931457281113,0.002320376457646489,0.002392880152910948,0.03709639236330986,1.5450233221054077,0.0010437528771709247,nan,nan,nan,0,0
3,31,0.2341746836900711,0.22775836288928986,0.051530588418245316,5.604375019174768e-06,0.0,0.01283264346420765,0.03671874850988388,0.049651496361810085,0.04965149611234665,0.04146987199783325,0.010386909358203411,0.00984189473092556,0.0011034092167392373,0.0006853567319922149,0.02321815676987171,1.5450230836868286,0.0010470575901410759,nan,nan,nan,0,0
3,32,0.21751198172569275,0.21129150688648224,0.044885262846946716,1.1772834113799036e-05,0.0,0.01244096364825964,0.03846094012260437,0.05720552179669876,0.05720552057027817,0.04420780390501022,0.014887794852256775,0.01500390563160181,0.001911864965222776,0.0021081899758428335,0.02938160113990307,1.5450228452682495,0.0010503630195634263,nan,nan,nan,0,0
3,33,0.30901145935058594,0.30242228507995605,0.09114913642406464,6.040850621502614e-06,0.0,0.013178324326872826,0.03520312160253525,0.05014114286440303,0.050141144543886185,0.038628559559583664,0.012029377743601799,0.011888415552675724,0.0025764680467545986,0.002507659373804927,0.026888690888881683,1.5450226068496704,0.0010536691207066883,nan,nan,nan,0,0
3,34,0.2582838535308838,0.251575767993927,0.0629025548696518,7.451445526385214e-06,0.0,0.013416155241429806,0.034171875566244125,0.015243264092322815,0.01524326391518116,0.012195206247270107,0.0034029013477265835,0.003043127479031682,0.0006619474152103066,0.000729155377484858,0.007862813770771027,1.5450223684310913,0.001056975848830483,nan,nan,nan,0,0
3,35,0.3090919852256775,0.30261534452438354,0.09064959734678268,1.1196085324627347e-05,0.0,0.012953286990523338,0.03618749976158142,0.06440115776601998,0.06440115720033646,0.05238093435764313,0.015841394662857056,0.016690924763679504,0.002851230790838599,0.0028204137925058603,0.029293784871697426,1.5450221300125122,0.0010602831591859482,nan,nan,nan,0,0
3,36,0.21486859023571014,0.2086837887763977,0.04333421587944031,5.7997508520202246e-06,0.0,0.012369612231850624,0.03878124803304672,0.17529389182416227,0.17529389262199402,0.13524264097213745,0.04213961586356163,0.0447373241186142,0.006687605753540993,0.006751591339707375,0.09257371723651886,1.545021891593933,0.0010635910070163415,nan,nan,nan,0,0
3,37,0.234914168715477,0.22856757044792175,0.052125994116067886,5.487113867275184e-06,0.0,0.0126931918784976,0.03733593970537186,0.05665415262861371,0.056654151529073715,0.04201870039105415,0.013108269311487675,0.016320951282978058,0.002170745749026537,0.002700064331293106,0.031526483595371246,1.545021653175354,0.001066899347557648,nan,nan,nan,0,0
3,38,0.27883192896842957,0.2727518081665039,0.07502546161413193,0.0001811110705602914,0.0,0.012160232290625572,0.039726562798023224,0.1947859429977192,0.194785937666893,0.15723098814487457,0.045383013784885406,0.04813479259610176,0.006717056501656771,0.006894646678119898,0.09354543685913086,1.545021414756775,0.0010702081360391845,nan,nan,nan,0,0
3,39,0.3199763000011444,0.31306490302085876,0.09830914437770844,5.4394245125877205e-06,0.0,0.01382277999073267,0.032429687678813934,0.06860225268209295,0.06860224902629852,0.055270567536354065,0.01593068800866604,0.016982436180114746,0.002118841977789998,0.0019233552739024162,0.03318214416503906,1.5450211763381958,0.0010735173276842053,nan,nan,nan,0,0
3,40,0.2898702621459961,0.2832127511501312,0.07937903702259064,5.454551228467608e-06,0.0,0.013314996846020222,0.03460937738418579,0.03123847301761258,0.03123847395181656,0.02562345191836357,0.007889638654887676,0.008630398660898209,0.0017067467560991645,0.0017306640511378646,0.01329069398343563,1.5450209379196167,0.00107682687771051,nan,nan,nan,0,0
3,41,0.3211609721183777,0.3145197033882141,0.0980822965502739,8.56233418744523e-06,0.0,0.013282563537359238,0.03474999964237213,0.010387147261916243,0.010387147776782513,0.008702314458787441,0.002497215522453189,0.0013770066434517503,0.00040880212327465415,0.0006040118169039488,0.004847511649131775,1.5450206995010376,0.0010801367413310486,nan,nan,nan,0,0
3,42,0.27846962213516235,0.27203381061553955,0.07355266809463501,5.432691068563145e-06,0.0,0.01287161372601986,0.03654687479138374,0.10876733083153217,0.10876733064651489,0.09120551496744156,0.024643011391162872,0.027903497219085693,0.004253093618899584,0.003916450776159763,0.04574467986822128,1.5450204610824585,0.0010834468737545254,nan,nan,nan,0,0
3,43,0.35095569491386414,0.3444300591945648,0.12021307647228241,5.4917782108532265e-06,0.0,0.013051279820501804,0.03575781360268593,0.018068451724617185,0.018068451434373856,0.015835415571928024,0.004445457831025124,0.003965207375586033,0.0009785087313503027,0.0007951055304147303,0.0062156193889677525,1.5450202226638794,0.001086757230186009,nan,nan,nan,0,0
3,44,0.2955375909805298,0.2890680730342865,0.0822034552693367,5.444391717901453e-06,0.0,0.012939064763486385,0.036249998956918716,0.09369475664570477,0.09369475394487381,0.07879222929477692,0.020802078768610954,0.023011278361082077,0.002736196154728532,0.0022016747388988733,0.03994887322187424,1.5450199842453003,0.001090067765827536,nan,nan,nan,0,0
3,45,0.2770167291164398,0.27058976888656616,0.07207975536584854,5.476055775943678e-06,0.0,0.012853892520070076,0.03662499785423279,0.02169545050657161,0.021695449948310852,0.012606804259121418,0.004813412204384804,0.004645573440939188,0.001306212623603642,0.0010292561491951346,0.01625562086701393,1.5450197458267212,0.0010933784358787173,nan,nan,nan,0,0
3,46,0.3133682906627655,0.306165486574173,0.09290322661399841,5.488616352522513e-06,0.0,0.014405626803636551,0.029976561665534973,0.12516070255256995,0.12516070902347565,0.10527476668357849,0.026252150535583496,0.026652636006474495,0.003429085249081254,0.003142784582450986,0.0562250018119812,1.545019507408142,0.0010966891955373453,nan,nan,nan,0,0
3,47,0.2540082037448883,0.24756886065006256,0.06153590604662895,5.449663149192929e-06,0.0,0.012878704816102982,0.036515627056360245,0.027482978276063826,0.027482977136969566,0.022673310711979866,0.00640204967930913,0.005728029180318117,0.0006855402607470751,0.0005883544217795134,0.012908229604363441,1.545019268989563,0.0011,nan,nan,nan,0,0
3,48,0.2586672902107239,0.2527760863304138,0.06297476589679718,5.470598352985689e-06,0.0,0.011782425455749035,0.041453126817941666,0.2698591799897282,0.2698591947555542,0.2138475626707077,0.06255196779966354,0.06616213917732239,0.010343781672418118,0.011074935086071491,0.13628415763378143,1.5450190305709839,0.0011033108044626546,nan,nan,nan,0,0
3,49,0.25927484035491943,0.25284436345100403,0.0648920089006424,5.428688837127993e-06,0.0,0.012860978953540325,0.03659375011920929,0.0265710743769352,0.02657107450067997,0.020139219239354134,0.005272773560136557,0.006097015459090471,0.0014491698238998652,0.0018570087850093842,0.015162767842411995,1.5450187921524048,0.0011066215641212828,nan,nan,nan,0,0
3,50,0.31566181778907776,0.3091816306114197,0.0957048237323761,5.479491392179625e-06,0.0,0.012960400432348251,0.036156248301267624,0.060663995508565896,0.06066399812698364,0.047090303152799606,0.013884169049561024,0.014837413094937801,0.0027218994218856096,0.002576354658231139,0.032181646674871445,1.54502272605896,0.001109932234172464,nan,nan,nan,0,0
3,51,0.27352190017700195,0.26694798469543457,0.07142649590969086,5.4701972658222076e-06,0.0,0.013147847726941109,0.03533593937754631,0.11662303252495239,0.11662303656339645,0.09070181846618652,0.027452103793621063,0.02781447395682335,0.004190233536064625,0.004264812916517258,0.06173412501811981,1.5450338125228882,0.001113242769813991,nan,nan,nan,0,0
3,52,0.2583589553833008,0.2515637278556824,0.06347476691007614,6.655639026575955e-06,0.0,0.013590460643172264,0.03342187777161598,0.049252056343127626,0.04925205558538437,0.04251285269856453,0.010291222482919693,0.011275652796030045,0.0012565054930746555,0.001298591261729598,0.01954757422208786,1.5450438261032104,0.0011165531262454747,nan,nan,nan,0,0
3,53,0.299632728099823,0.29308298230171204,0.08667819947004318,5.428633357951185e-06,0.0,0.013099520467221737,0.03554687276482582,0.18872445968087836,0.18872445821762085,0.14617156982421875,0.04403093457221985,0.04678201675415039,0.007697608787566423,0.007792543154209852,0.10001768171787262,1.5450528860092163,0.0011198632586689513,nan,nan,nan,0,0
3,54,0.2945612370967865,0.2878114581108093,0.08085951209068298,2.4446182578685693e-05,0.0,0.01349953655153513,0.0338125005364418,0.07040255107936251,0.07040254771709442,0.058304980397224426,0.015528295189142227,0.017411667853593826,0.0020553660579025745,0.002048107562586665,0.03169124573469162,1.5450609922409058,0.0011231731222894896,nan,nan,nan,0,0
3,55,0.29324212670326233,0.2865891456604004,0.08234678953886032,5.459870862978278e-06,0.0,0.013305985368788242,0.034648437052965164,0.10674034961741669,0.10674034804105759,0.08792796730995178,0.02345837466418743,0.025252891704440117,0.0031532072462141514,0.0033108298666775227,0.04953046143054962,1.5450682640075684,0.0011264826723157949,nan,nan,nan,0,0
3,56,0.2560015320777893,0.24960553646087646,0.06429141759872437,5.426710231404286e-06,0.0,0.012791965156793594,0.03689843788743019,0.09431162615856152,0.09431162476539612,0.07048586755990982,0.0233016274869442,0.023214882239699364,0.0038042597007006407,0.004371144808828831,0.05301838740706444,1.5450748205184937,0.0011297918639608154,nan,nan,nan,0,0
3,57,0.3205362558364868,0.3138715326786041,0.09802660346031189,5.443233021651395e-06,0.0,0.01332942582666874,0.0345468744635582,0.022664787209217056,0.022664787247776985,0.02068193070590496,0.004877822007983923,0.004214584361761808,0.0005677918088622391,0.0008882746915332973,0.0065789842046797276,1.5450807809829712,0.0011331006524423518,nan,nan,nan,0,0
3,58,0.3091416358947754,0.3028275668621063,0.09095807373523712,5.4368169912777375e-06,0.0,0.012628141790628433,0.03762500360608101,0.09555770245374016,0.09555770456790924,0.07557125389575958,0.02262052521109581,0.023868519812822342,0.004015677608549595,0.003976008389145136,0.04803052544593811,1.545086145401001,0.0011364089929836584,nan,nan,nan,0,0
3,59,0.3570672273635864,0.3507750928401947,0.12245358526706696,5.4282741075439844e-06,0.0,0.012584283947944641,0.03782031312584877,0.046452356319271006,0.0464523546397686,0.03497897833585739,0.011660163290798664,0.011296956799924374,0.0016814464470371604,0.0018533567199483514,0.025776920840144157,1.545090913772583,0.0011397168408140519,nan,nan,nan,0,0
3,60,0.2049553394317627,0.19883640110492706,0.04064133018255234,5.434164904727368e-06,0.0,0.012237891554832458,0.039374999701976776,0.025843115806490412,0.025843117386102676,0.01916426233947277,0.006266715005040169,0.005920544266700745,0.0009022051235660911,0.0009131182450801134,0.014987506903707981,1.5450952053070068,0.001143024151169517,nan,nan,nan,0,0
3,61,0.19236275553703308,0.1858852207660675,0.03456461802124977,5.632204192806967e-06,0.0,0.012955063953995705,0.036179687827825546,0.12027518314562399,0.12027517706155777,0.0920468345284462,0.027751654386520386,0.02853800170123577,0.004224818665534258,0.004631753079593182,0.06610314548015594,1.5450990200042725,0.0011463308792933119,nan,nan,nan,0,0
3,62,0.3051694929599762,0.29865097999572754,0.0896100103855133,5.441957910079509e-06,0.0,0.0130370007827878,0.03582031652331352,0.10265048124495096,0.1026504784822464,0.07376305758953094,0.023477694019675255,0.024612896144390106,0.00467883562669158,0.005822577513754368,0.06231646612286568,1.5451024770736694,0.0011496369804365738,nan,nan,nan,0,0
3,63,0.21366432309150696,0.20681890845298767,0.0424785390496254,6.60241403238615e-06,0.0,0.013690830208361149,0.03299218788743019,0.16867533343667188,0.16867533326148987,0.14068172872066498,0.03530087321996689,0.039708733558654785,0.005642841104418039,0.005780696868896484,0.0759725347161293,1.5451055765151978,0.001152942409858924,nan,nan,nan,0,0
3,64,0.23605994880199432,0.2296055108308792,0.05247193202376366,5.588507519860286e-06,0.0,0.012908867560327053,0.03638280928134918,0.18984911538328217,0.1898491084575653,0.14974234998226166,0.043366819620132446,0.04553409293293953,0.0065567330457270145,0.006484827026724815,0.0978817492723465,1.5451083183288574,0.0011562471228290755,nan,nan,nan,0,0
3,65,0.2382863312959671,0.2323925793170929,0.05361935496330261,9.758944361237809e-05,0.0,0.011787515133619308,0.04142968729138374,0.11656300901681027,0.11656300723552704,0.09146388620138168,0.026893017813563347,0.024680830538272858,0.004118962679058313,0.0036042260471731424,0.06212051585316658,1.5451107025146484,0.0011595510746254354,nan,nan,nan,0,0
3,66,0.2036873996257782,0.19751909375190735,0.03844451531767845,5.538794994208729e-06,0.0,0.012336616404354572,0.038929689675569534,0.023192397724468083,0.023192396387457848,0.01890711858868599,0.0041110157035291195,0.0034653220791369677,0.0013608821900561452,0.0020655354019254446,0.01205739751458168,1.5453712940216064,0.0011628542205367118,nan,nan,nan,0,0
3,67,0.22985497117042542,0.223527729511261,0.05035938695073128,5.568258984567365e-06,0.0,0.012654492631554604,0.037507813423871994,0.09750476526639011,0.09750476479530334,0.07388243079185486,0.022853458300232887,0.024679049849510193,0.004385366570204496,0.004574315156787634,0.053638361394405365,1.5456058979034424,0.001166156515862519,nan,nan,nan,0,0
3,68,0.2632262110710144,0.2569856643676758,0.06544464081525803,5.5124937716755085e-06,0.0,0.012481081299483776,0.03828125074505806,0.1518976742191624,0.15189766883850098,0.1220891922712326,0.03459807112812996,0.03758254274725914,0.0060605620965361595,0.0060556791722774506,0.07405576854944229,1.5458170175552368,0.0011694579159139819,nan,nan,nan,0,0
3,69,0.23988309502601624,0.23397405445575714,0.054231319576501846,5.51029370399192e-06,0.0,0.011818069033324718,0.041289061307907104,0.02244772492563295,0.022447723895311356,0.01744605414569378,0.00564101617783308,0.004866788163781166,0.0007687456673011184,0.0008808590355329216,0.01194411888718605,1.5460070371627808,0.0011727583760143406,nan,nan,nan,0,0
3,70,0.36730682849884033,0.3610374629497528,0.12897145748138428,5.556499218073441e-06,0.0,0.012538750655949116,0.038023438304662704,0.06413318911588103,0.0641331896185875,0.05192914232611656,0.014770583249628544,0.01519172266125679,0.0019374240655452013,0.0019109640270471573,0.03098493441939354,1.5461779832839966,0.0011760578514995552,nan,nan,nan,0,0
3,71,0.25255170464515686,0.24553705751895905,0.06173573434352875,6.4463497437827755e-06,0.0,0.01402929425239563,0.0315546877682209,0.016402266213859214,0.016402266919612885,0.013155411928892136,0.003646559314802289,0.002816153923049569,0.00102848035749048,0.0006936557474546134,0.008555841632187366,1.546331763267517,0.0011793562977189106,nan,nan,nan,0,0
3,72,0.2802408039569855,0.27393639087677,0.07782883942127228,5.619189778371947e-06,0.0,0.012608835473656654,0.03771093860268593,0.08237631155551198,0.08237631618976593,0.06286995857954025,0.019916731864213943,0.019528992474079132,0.0030767563730478287,0.003344715805724263,0.04510558396577835,1.546470046043396,0.0011826536700356204,nan,nan,nan,0,0
3,73,0.33307313919067383,0.32691437005996704,0.10567092895507812,1.2646674804273061e-05,0.0,0.012317531742155552,0.03901562839746475,0.017538464200215504,0.017538463696837425,0.015726720914244652,0.004351891111582518,0.0026946477591991425,0.0007251577917486429,0.0006807797471992671,0.005751397926360369,1.546594262123108,0.0011859499238274305,nan,nan,nan,0,0
3,74,0.22591149806976318,0.21933667361736298,0.04860038310289383,5.587927262240555e-06,0.0,0.013149641454219818,0.03532812371850014,0.20577394941565388,0.2057739496231079,0.15874913334846497,0.0486990287899971,0.0517992340028286,0.00864376686513424,0.009103687480092049,0.10922125726938248,1.546705961227417,0.0011892450144872242,nan,nan,nan,0,0
3,75,0.26786962151527405,0.2616482675075531,0.07036134600639343,5.427904397947714e-06,0.0,0.01244270522147417,0.038453131914138794,0.03954445658972869,0.03954445570707321,0.02784218266606331,0.009263893589377403,0.010195421986281872,0.0022469537798315287,0.0030380943790078163,0.02417709119617939,1.5471469163894653,0.0011925388974236245,nan,nan,nan,0,0
3,76,0.2272954136133194,0.22124111652374268,0.04821622371673584,5.481165317178238e-06,0.0,0.012108596973121166,0.039960939437150955,0.04833012892310491,0.04833012819290161,0.039369966834783554,0.010828441940248013,0.01153079979121685,0.0020046262070536613,0.0017726308433339,0.022987645119428635,1.547577142715454,0.001195831528061598,nan,nan,nan,0,0
3,77,0.3210633397102356,0.31464526057243347,0.09901826083660126,5.5088726185203996e-06,0.0,0.012836183421313763,0.03670312464237213,0.015074677734632213,0.01507467869669199,0.013755911961197853,0.0038869238924235106,0.0037021308671683073,0.0008583766175433993,0.0008131818613037467,0.002794417552649975,1.5479636192321777,0.0011991228618430587,nan,nan,nan,0,0
3,78,0.24025003612041473,0.2340921312570572,0.05401824787259102,9.514968951407354e-06,0.0,0.012315798550844193,0.03902343660593033,0.01720721020470128,0.017207210883498192,0.013082336634397507,0.0042910524643957615,0.00362624553963542,0.001213394571095705,0.0014437425415962934,0.009477396495640278,1.5483107566833496,0.0012024128542274704,nan,nan,nan,0,0
3,79,0.2937961220741272,0.2869470417499542,0.0819978266954422,7.328286301344633e-06,0.0,0.013698143884539604,0.032960936427116394,0.06555816462238045,0.06555816531181335,0.053194768726825714,0.0160120390355587,0.016357315704226494,0.0025864422786980867,0.0021732000168412924,0.030542263761162758,1.548622488975525,0.0012057014606924495,nan,nan,nan,0,0
3,80,0.27338075637817383,0.2668202519416809,0.07282067835330963,0.0011006463319063187,0.0,0.013120987452566624,0.03545312583446503,0.08270767328773646,0.08270767331123352,0.06820331513881683,0.014866107143461704,0.012439081445336342,0.003702876390889287,0.0035324813798069954,0.04227227717638016,1.5489022731781006,0.0012089886367343673,nan,nan,nan,0,0
3,81,0.24303728342056274,0.23687158524990082,0.056931670755147934,5.437707386590773e-06,0.0,0.012331409379839897,0.03895312175154686,0.1133235329529345,0.11332353204488754,0.08717569708824158,0.02736770547926426,0.028358716517686844,0.004167649429291487,0.004150576889514923,0.0604550763964653,1.549153447151184,0.0012122743378689535,nan,nan,nan,0,0
3,82,0.3626652657985687,0.35608774423599243,0.1257578432559967,6.6270631577936e-06,0.0,0.013155016116797924,0.03530468791723251,0.15178369959861127,0.15178370475769043,0.121863953769207,0.03589681535959244,0.03710545226931572,0.005349359475076199,0.005232646595686674,0.07393291592597961,1.549378752708435,0.001215558519631896,nan,nan,nan,0,0
3,83,0.28903070092201233,0.28233617544174194,0.0826081782579422,5.506204161065398e-06,0.0,0.013389022089540958,0.03428906574845314,0.1232227017346278,0.1232227012515068,0.09277328848838806,0.029589662328362465,0.03059336170554161,0.004739932715892792,0.004868438467383385,0.0686970204114914,1.5495809316635132,0.0012188411375794448,nan,nan,nan,0,0
3,84,0.22713108360767365,0.22148239612579346,0.04883477836847305,5.469020834425464e-06,0.0,0.011297367513179779,0.04371093586087227,0.1424174433342601,0.14241744577884674,0.10896390676498413,0.034148555248975754,0.03596588969230652,0.0054824757389724255,0.005693808663636446,0.07672971487045288,1.54976224899292,0.001222122147289012,nan,nan,nan,0,0
3,85,0.48670658469200134,0.48029202222824097,0.2272246927022934,5.4708261814084835e-06,0.0,0.012829101644456387,0.03673437982797623,0.01306002558930499,0.013060025870800018,0.009490897879004478,0.0031512181740254164,0.002023060107603669,0.00044380672625266016,0.00054346420802176,0.008122306317090988,1.5499248504638672,0.0012254015043597737,nan,nan,nan,0,0
3,86,0.1753295212984085,0.169014573097229,0.02868248149752617,5.659981070493814e-06,0.0,0.012629897333681583,0.037617187947034836,0.03735796629376365,0.03735796734690666,0.029871972277760506,0.008601801469922066,0.00907560158520937,0.0018960459856316447,0.002333278302103281,0.01838168129324913,1.5500706434249878,0.0012286791644132702,nan,nan,nan,0,0
3,87,0.20854587852954865,0.2025061845779419,0.041349831968545914,5.537952802114887e-06,0.0,0.012079383246600628,0.04009375721216202,0.028350733386321568,0.02835073322057724,0.023644065484404564,0.006682440638542175,0.007294805254787207,0.0016070902347564697,0.0017739656614139676,0.011879535391926765,1.5502012968063354,0.0012319550830940077,nan,nan,nan,0,0
3,88,0.25179100036621094,0.24529121816158295,0.06015583127737045,5.478515049617272e-06,0.0,0.012999564409255981,0.03598437458276749,0.12584143581038826,0.1258414387702942,0.09709097445011139,0.029847880825400352,0.031583271920681,0.004373267758637667,0.004206517711281776,0.06696409732103348,1.5503183603286743,0.0012352292160700575,nan,nan,nan,0,0
3,89,0.1971401423215866,0.1901809126138687,0.036254897713661194,5.500755833054427e-06,0.0,0.013918468728661537,0.032023441046476364,0.17141950636005968,0.17141950130462646,0.13572537899017334,0.04050527513027191,0.04245486110448837,0.005665794480592012,0.006245903670787811,0.08630795776844025,1.550423264503479,0.0012385015190336558,nan,nan,nan,0,0
3,90,0.2655862271785736,0.25886911153793335,0.06595811992883682,5.579488060902804e-06,0.0,0.013434259220957756,0.03409375250339508,0.0949754439984329,0.09497544169425964,0.07450871169567108,0.022043410688638687,0.02239164337515831,0.003021654672920704,0.003595308866351843,0.04959266632795334,1.5504850149154663,0.001241771947701804,nan,nan,nan,0,0
3,91,0.3365177810192108,0.32982417941093445,0.1071983128786087,5.677470198861556e-06,0.0,0.013387213461101055,0.034296877682209015,0.036416752057636025,0.03641675040125847,0.029236484318971634,0.008715986274182796,0.007924674078822136,0.0016546363476663828,0.002228163881227374,0.018025992438197136,1.5505403280258179,0.0012450404578168684,nan,nan,nan,0,0
3,92,0.2432764321565628,0.2368166744709015,0.058595724403858185,6.005633167660562e-06,0.0,0.01291951909661293,0.03633594140410423,0.041198387192414865,0.04119838774204254,0.030247632414102554,0.009606696665287018,0.008214482106268406,0.0010169498855248094,0.0014158902922645211,0.024891415610909462,1.5505897998809814,0.0012483070051471778,nan,nan,nan,0,0
3,93,0.24238595366477966,0.23587459325790405,0.05572193115949631,5.430924829852302e-06,0.0,0.01302273292094469,0.03588281571865082,0.029314932384664802,0.029314933344721794,0.02381688356399536,0.005838632583618164,0.0038167955353856087,0.001579952659085393,0.0012384025612846017,0.015473650768399239,1.5506340265274048,0.0012515715454876227,nan,nan,nan,0,0
3,94,0.3054696023464203,0.2989813983440399,0.0900016576051712,5.519864771486027e-06,0.0,0.012976414524018764,0.03608594089746475,0.11263017125109868,0.11263016611337662,0.09258077293634415,0.024230938404798508,0.026644090190529823,0.004248211160302162,0.004311893135309219,0.052732061594724655,1.5506736040115356,0.0012548340346602536,nan,nan,nan,0,0
3,95,0.23428480327129364,0.22749048471450806,0.05170656368136406,5.688461897079833e-06,0.0,0.01358863990753889,0.03342968598008156,0.05002979483375505,0.05002979561686516,0.03564082086086273,0.010702207684516907,0.009266326203942299,0.0032073338516056538,0.003312031738460064,0.03179707005620003,1.5508248805999756,0.0012580944285148787,nan,nan,nan,0,0
3,96,0.22779910266399384,0.22126007080078125,0.049636710435152054,6.097169261920499e-06,0.0,0.01307806745171547,0.03564062714576721,0.1193879896184173,0.11938798427581787,0.09299911558628082,0.026934295892715454,0.028750646859407425,0.004449103493243456,0.004514977801591158,0.06334367394447327,1.5509601831436157,0.001261352682929662,nan,nan,nan,0,0
3,97,0.289338618516922,0.28268831968307495,0.07971558719873428,5.5097139011195395e-06,0.0,0.013300578109920025,0.03467187657952309,0.0720810010937625,0.07208099961280823,0.059527236968278885,0.015524927526712418,0.016712430864572525,0.0019427803345024586,0.001705124625004828,0.033543527126312256,1.5510811805725098,0.0012646087538117192,nan,nan,nan,0,0
3,98,0.2536557614803314,0.24702976644039154,0.06314598768949509,5.48812749912031e-06,0.0,0.01325196772813797,0.034882813692092896,0.10084677985228323,0.1008467748761177,0.07838136702775955,0.023778799921274185,0.024555079638957977,0.004012976307421923,0.004177751950919628,0.053145963698625565,1.5511894226074219,0.0012678625970977148,nan,nan,nan,0,0
3,99,0.20363937318325043,0.1968986839056015,0.03835751861333847,5.425185008789413e-06,0.0,0.013481389731168747,0.03389062359929085,0.025462768893511227,0.025462768971920013,0.021157918497920036,0.005475950427353382,0.0023995907977223396,0.0011487324954941869,0.0007193402270786464,0.01277160830795765,1.551286220550537,0.00127111416875446,nan,nan,nan,0,0
3,100,0.352710485458374,0.34621959924697876,0.11956338584423065,5.660333499690751e-06,0.0,0.012981756590306759,0.03606249764561653,0.054074049000054254,0.05407404899597168,0.03796206787228584,0.012088470160961151,0.01256602257490158,0.0028372872620821,0.0028069487307220697,0.03410159796476364,1.5513726472854614,0.0012743634247795056,nan,nan,nan,0,0
3,101,0.21991558372974396,0.21311216056346893,0.04485630989074707,6.053755896573421e-06,0.0,0.013606859371066093,0.03335156291723251,0.15434383042780933,0.15434382855892181,0.12359639257192612,0.03413490578532219,0.029922733083367348,0.00444764131680131,0.005639023147523403,0.08021102100610733,1.5514498949050903,0.0012776103212017399,nan,nan,nan,0,0
3,102,0.2588663697242737,0.25236570835113525,0.06357321888208389,5.488695478561567e-06,0.0,0.013001345098018646,0.03597656637430191,0.03673894759325281,0.03673894703388214,0.0286337211728096,0.008019338361918926,0.004409806337207556,0.0015951271634548903,0.0015863230219110847,0.021001029759645462,1.5515189170837402,0.0012808548140819827,nan,nan,nan,0,0
3,103,0.17377294600009918,0.16761158406734467,0.027954811230301857,5.48045818504761e-06,0.0,0.012322735041379929,0.03899218887090683,0.06608671108988605,0.06608670949935913,0.05295853316783905,0.01439213939011097,0.013922515325248241,0.0022831042297184467,0.0012768348678946495,0.033985793590545654,1.551580548286438,0.0012840968595135807,nan,nan,nan,0,0
3,104,0.3232426345348358,0.31677043437957764,0.09977619349956512,5.572948793997057e-06,0.0,0.012944396585226059,0.03622656315565109,0.07561865265770955,0.07561865448951721,0.060278113931417465,0.01692356914281845,0.009839086793363094,0.0026618028059601784,0.00207038433291018,0.04111135005950928,1.551635503768921,0.001287336413623,nan,nan,nan,0,0
3,105,0.28834328055381775,0.281940221786499,0.07885351777076721,5.558603334065992e-06,0.0,0.012806106358766556,0.036835938692092896,0.023146259035797034,0.023146258667111397,0.01615043543279171,0.005396754015237093,0.00328552583232522,0.001291233696974814,0.0022620356176048517,0.01510658860206604,1.5516846179962158,0.001290573432570422,nan,nan,nan,0,0
3,106,0.2892735004425049,0.2822819650173187,0.0790892094373703,1.3340280929696746e-05,0.0,0.013983063399791718,0.03175000101327896,0.09930535632726592,0.09930535405874252,0.08105027675628662,0.021632691845297813,0.014376146718859673,0.0024589765816926956,0.0028670106548815966,0.051024436950683594,1.5517284870147705,0.0012938078725503353,nan,nan,nan,0,0
3,107,0.3659510612487793,0.359573632478714,0.13141050934791565,5.537449396797456e-06,0.0,0.012754879891872406,0.03706250339746475,0.0818069179482992,0.08180692046880722,0.05979263409972191,0.01851397193968296,0.01017659343779087,0.003924006130546331,0.004791243001818657,0.051308173686265945,1.5517675876617432,0.0012970396897921282,nan,nan,nan,0,0
3,108,0.29057496786117554,0.28415510058403015,0.08086133003234863,5.673013220075518e-06,0.0,0.012839725241065025,0.036687497049570084,0.18420514670055635,0.18420514464378357,0.1532296985387802,0.04239056259393692,0.038367222994565964,0.005032054148614407,0.005827830173075199,0.08440323919057846,1.5517975091934204,0.001300268840560683,nan,nan,nan,0,0
3,109,0.2356112003326416,0.22907395660877228,0.05187584459781647,5.591862645815127e-06,0.0,0.01307449396699667,0.03565625101327896,0.061129441879760764,0.06112943962216377,0.04942933842539787,0.013593487441539764,0.007400021888315678,0.001141811371780932,0.0019641953986138105,0.03238586336374283,1.5518242120742798,0.001303495281156965,nan,nan,nan,0,0
3,110,0.31946608424186707,0.3128894865512848,0.09723043441772461,5.552652055484941e-06,0.0,0.01315322332084179,0.03531249985098839,0.0804036716183923,0.08040367066860199,0.06238691136240959,0.01829974725842476,0.01872672699391842,0.00254571670666337,0.0025598194915801287,0.043289944529533386,1.5518479347229004,0.001306718967918616,nan,nan,nan,0,0
3,111,0.26875996589660645,0.2622939944267273,0.06881878525018692,5.6569574553577695e-06,0.0,0.01293195504695177,0.03628125041723251,0.33541002854074714,0.3354100286960602,0.26424866914749146,0.07703163474798203,0.08088186383247375,0.011559734120965004,0.01300782896578312,0.17289866507053375,1.552632451057434,0.001309939857220545,nan,nan,nan,0,0
3,112,0.20770417153835297,0.20105569064617157,0.041240144520998,6.475722784671234e-06,0.0,0.013296972960233688,0.034687504172325134,0.1182619665744258,0.11826196312904358,0.08757644146680832,0.028793424367904663,0.028469817712903023,0.00460673775523901,0.006298932246863842,0.06793945282697678,1.553331971168518,0.0013131579054755172,nan,nan,nan,0,0
3,113,0.18408983945846558,0.17779244482517242,0.03129192814230919,5.485729161591735e-06,0.0,0.012594802305102348,0.037773437798023224,0.06409272617626006,0.0640927255153656,0.04960162565112114,0.015569470822811127,0.015107743442058563,0.0028610408771783113,0.0024749478325247765,0.034096818417310715,1.5539555549621582,0.001316373069134746,nan,nan,nan,0,0
3,114,0.29228541254997253,0.28592735528945923,0.08344844728708267,5.602712008112576e-06,0.0,0.012716087512671947,0.03723437339067459,0.2374378119937281,0.23743779957294464,0.18238474428653717,0.05597342550754547,0.041599202901124954,0.01106580626219511,0.009212909266352654,0.13431929051876068,1.5545358657836914,0.0013195853046884796,nan,nan,nan,0,0
3,115,0.3849824070930481,0.37832581996917725,0.14164510369300842,5.640441031573573e-06,0.0,0.013313195668160915,0.03461718559265137,0.2731366192248881,0.27313661575317383,0.21763063967227936,0.06310383230447769,0.048761993646621704,0.007428265176713467,0.01004139706492424,0.14396069943904877,1.5550529956817627,0.0013227945686665925,nan,nan,nan,0,0
3,116,0.2606830894947052,0.2544991672039032,0.06407009810209274,5.528178917302284e-06,0.0,0.012367873452603817,0.038789063692092896,0.12017441143792262,0.12017441540956497,0.08891656249761581,0.02857990935444832,0.024943407624959946,0.003660274436697364,0.004975917283445597,0.07112377882003784,1.5554141998291016,0.0013260008176391716,nan,nan,nan,0,0
3,117,0.3514552712440491,0.34490999579429626,0.12010278552770615,5.457553925225511e-06,0.0,0.013090578839182854,0.03558593615889549,0.03331599748608756,0.0333159975707531,0.026076272130012512,0.007347123231738806,0.0029028221033513546,0.0016127125127241015,0.0017849068390205503,0.019020788371562958,1.5557359457015991,0.0013292040082171059,nan,nan,nan,0,0
3,118,0.22047121822834015,0.21376042068004608,0.04542083293199539,5.520088052435312e-06,0.0,0.013421585783362389,0.0341484397649765,0.142313674223528,0.14231367409229279,0.12140391021966934,0.0316462516784668,0.0345320887863636,0.0050113084726035595,0.004699435085058212,0.05721122398972511,1.5560224056243896,0.0013324040970526716,nan,nan,nan,0,0
3,119,0.26592209935188293,0.2600190043449402,0.0667991191148758,5.449334821605589e-06,0.0,0.011806182563304901,0.041343752294778824,0.13417551641453077,0.13417552411556244,0.10797086358070374,0.03132845461368561,0.03381044790148735,0.005181941669434309,0.005121581722050905,0.06455741822719574,1.5562992095947266,0.0013356010408401204,nan,nan,nan,0,0
3,120,0.1906202882528305,0.18369971215724945,0.033024612814188004,5.502401108969934e-06,0.0,0.013841154985129833,0.03235156461596489,0.018481073954683423,0.018481073901057243,0.013406410813331604,0.004161697346717119,0.00269103329628706,0.0002885177673306316,0.0003791626077145338,0.011705975048244,1.556545615196228,0.0013387947963162648,nan,nan,nan,0,0
3,121,0.42498448491096497,0.41826915740966797,0.17389677464962006,5.544268333323998e-06,0.0,0.0134306401014328,0.03410937264561653,0.034978321145645135,0.034978318959474564,0.030020887032151222,0.00878592487424612,0.008421658538281918,0.00141366315074265,0.001772862276993692,0.012998884543776512,1.556764841079712,0.0013419853202610637,nan,nan,nan,0,0
3,122,0.308222234249115,0.3011389374732971,0.08954793214797974,6.7737200879491866e-06,0.0,0.014166579581797123,0.030976559966802597,0.12032120568646718,0.12032120674848557,0.0954723134636879,0.027772322297096252,0.029043350368738174,0.003967541269958019,0.004061462357640266,0.060952235013246536,1.556959867477417,0.0013451725694982068,nan,nan,nan,0,0
3,123,0.1643335372209549,0.15804578363895416,0.025090569630265236,5.554165454668691e-06,0.0,0.01257552020251751,0.03785937651991844,0.04254480750377151,0.042544808238744736,0.03218912333250046,0.010244932025671005,0.011375904083251953,0.0024644238874316216,0.0025960193015635014,0.022950783371925354,1.557133436203003,0.0013483565008957001,nan,nan,nan,0,0
3,124,0.24517565965652466,0.23823852837085724,0.05653422325849533,5.595754373644013e-06,0.0,0.013874264433979988,0.03221093863248825,0.11685052078899505,0.11685052514076233,0.09610720723867416,0.02692040614783764,0.026556987315416336,0.003826664760708809,0.0044423118233680725,0.05434233695268631,1.5572876930236816,0.0013515370713664487,nan,nan,nan,0,0
3,125,0.28026798367500305,0.2742428779602051,0.07542382925748825,6.051210220903158e-06,0.0,0.012050208635628223,0.040226563811302185,0.03299325056314214,0.03299324959516525,0.026427559554576874,0.006576126907020807,0.0027455193921923637,0.0011596964905038476,0.0019215362844988704,0.018284369260072708,1.5574249029159546,0.001354714237868839,nan,nan,nan,0,0
3,126,0.19444458186626434,0.1883092075586319,0.034872859716415405,5.493679964274634e-06,0.0,0.01227075606584549,0.03922656551003456,0.09217880949450274,0.09217880666255951,0.07357608526945114,0.022261394187808037,0.024967700242996216,0.003929172642529011,0.003722412046045065,0.04399138689041138,1.557546854019165,0.001357887957407323,nan,nan,nan,0,0
3,127,0.32233819365501404,0.31570950150489807,0.09883107990026474,5.5480008995800745e-06,0.0,0.013257364742457867,0.03485937416553497,0.11880144998741377,0.11880145221948624,0.09731829166412354,0.027735987678170204,0.009989222511649132,0.0024836088996380568,0.0022150357253849506,0.06134158745408058,1.5576552152633667,0.0013610581870329998,nan,nan,nan,0,0
3,128,0.2528620660305023,0.24708563089370728,0.06045427918434143,5.507593414222356e-06,0.0,0.011552893556654453,0.042515624314546585,0.11186581392077447,0.1118658185005188,0.09454664587974548,0.026904627680778503,0.011987564153969288,0.0020257653668522835,0.0018396317027509212,0.051960017532110214,1.5577515363693237,0.001364224883844196,nan,nan,nan,0,0
3,129,0.4078158140182495,0.40128660202026367,0.15927377343177795,5.5063092077034526e-06,0.0,0.013058420270681381,0.03572656586766243,0.14296476577000447,0.14296476542949677,0.11509409546852112,0.03551178425550461,0.020296314731240273,0.003831789828836918,0.00475181732326746,0.07404042035341263,1.5578370094299316,0.0013673880049870453,nan,nan,nan,0,0
3,130,0.27029913663864136,0.26428690552711487,0.06983186304569244,5.472672455653083e-06,0.0,0.012024492025375366,0.0403437577188015,0.06550027465115461,0.06550027430057526,0.05105412006378174,0.016292063519358635,0.010749615728855133,0.0013799393782392144,0.0018834788352251053,0.036018405109643936,1.5582201480865479,0.0013705475076560719,nan,nan,nan,0,0
3,131,0.18145795166492462,0.17483825981616974,0.030805101618170738,5.4711790653527714e-06,0.0,0.013239379972219467,0.03493749722838402,0.13961117263994763,0.1396111696958542,0.1134791225194931,0.03359575569629669,0.02987397275865078,0.006077655125409365,0.005276968237012625,0.067289337515831,1.5585603713989258,0.001373703349094766,nan,nan,nan,0,0
3,132,0.13714422285556793,0.1307561844587326,0.017062585800886154,5.449512173072435e-06,0.0,0.01277606375515461,0.03696875274181366,0.02001312312612647,0.020013121888041496,0.016012491658329964,0.0053689382039010525,0.005735615734010935,0.0013430058024823666,0.0016572108725085855,0.008823401294648647,1.5588624477386475,0.0013768554865961652,nan,nan,nan,0,0
3,133,0.3499108552932739,0.34386342763900757,0.11708948016166687,5.459842213895172e-06,0.0,0.012094846926629543,0.04002343490719795,0.05334372170351657,0.053343720734119415,0.042861226946115494,0.01368110440671444,0.015181767754256725,0.0026052326429635286,0.002521868795156479,0.02403460256755352,1.5591306686401367,0.0013800038775034298,nan,nan,nan,0,0
3,134,0.261019229888916,0.25471919775009155,0.06482882797718048,5.499090548255481e-06,0.0,0.012600064277648926,0.0377499982714653,0.04600712947113043,0.04600713029503822,0.03701402619481087,0.010667914524674416,0.011331970803439617,0.0019122763769701123,0.0020230270456522703,0.02228565514087677,1.559414267539978,0.0013831484792104231,nan,nan,nan,0,0
3,135,0.21189528703689575,0.20554956793785095,0.042738061398267746,5.461320142785553e-06,0.0,0.012691430747509003,0.03734375163912773,0.04104155232262712,0.041041553020477295,0.03300099819898605,0.010275447741150856,0.003255337243899703,0.0006742835976183414,0.0004958080826327205,0.02187374234199524,1.5596659183502197,0.0013862892491622856,nan,nan,nan,0,0
3,136,0.20478910207748413,0.1985083520412445,0.03956253081560135,5.4492534218297806e-06,0.0,0.012561507523059845,0.03792187571525574,0.09664245957012353,0.09664245694875717,0.07361004501581192,0.024411100894212723,0.027346713468432426,0.004496061243116856,0.005020623095333576,0.0503205768764019,1.5598891973495483,0.0013894261448560113,nan,nan,nan,0,0
3,137,0.3187931776046753,0.312611848115921,0.09678299725055695,5.582264293479966e-06,0.0,0.012362660840153694,0.03881250321865082,0.028709049979331342,0.02870904840528965,0.023114148527383804,0.007849862799048424,0.007187901996076107,0.0012735200580209494,0.001527802087366581,0.013141665607690811,1.5600872039794922,0.0013925591238410243,nan,nan,nan,0,0
3,138,0.2645726203918457,0.25825679302215576,0.06599710881710052,9.482747373112943e-06,0.0,0.012631653808057308,0.03760937601327896,0.0178884361784659,0.01788843609392643,0.01365229394286871,0.004342003259807825,0.0025117367040365934,0.0006439366261474788,0.0005579637945629656,0.010378980077803135,1.5602627992630005,0.0013956881437197513,nan,nan,nan,0,0
3,139,0.38114458322525024,0.3746705949306488,0.1392495185136795,5.556194082600996e-06,0.0,0.012947951443493366,0.03621093928813934,0.0662143482678775,0.06621434539556503,0.05370757356286049,0.01601349376142025,0.010720749385654926,0.0011969449697062373,0.0012651840224862099,0.033547528088092804,1.5604184865951538,0.0013988131621481968,nan,nan,nan,0,0
3,140,0.1956431120634079,0.18985742330551147,0.03620167821645737,5.458263785840245e-06,0.0,0.011571373790502548,0.04242968559265137,0.11344838615599165,0.11344838887453079,0.08505494892597198,0.027741052210330963,0.03032522089779377,0.004062579944729805,0.004364225547760725,0.06254163384437561,1.560476541519165,0.0014019341368365153,nan,nan,nan,0,0
3,141,0.18180960416793823,0.17597845196723938,0.0307927243411541,5.453200628835475e-06,0.0,0.0116623155772686,0.04200780764222145,0.0998702381704573,0.0998702347278595,0.06883175671100616,0.02572755515575409,0.029042882844805717,0.0055515700951218605,0.006368376314640045,0.060493648052215576,1.5605279207229614,0.0014050510255495842,nan,nan,nan,0,0
3,142,0.195113405585289,0.18886588513851166,0.03606657311320305,5.449508535093628e-06,0.0,0.012495049275457859,0.038218751549720764,0.18864437407416332,0.18864436447620392,0.1403828114271164,0.0481422021985054,0.04889565706253052,0.006744373124092817,0.008308167569339275,0.10514940321445465,1.5605734586715698,0.001408163786107575,nan,nan,nan,0,0
3,143,0.2298136204481125,0.22421713173389435,0.05070275440812111,5.463078650791431e-06,0.0,0.011192980222404003,0.044203124940395355,0.04538593930907979,0.0453859381377697,0.03612174093723297,0.012004055082798004,0.01278995256870985,0.002376322168856859,0.0023647139314562082,0.020885026082396507,1.560613751411438,0.0014112723763865234,nan,nan,nan,0,0
3,144,0.1906806081533432,0.1848021149635315,0.034172073006629944,5.45547572983196e-06,0.0,0.011756996624171734,0.04157031700015068,0.016708607852960352,0.016708606854081154,0.013784876093268394,0.004676729906350374,0.004172510001808405,0.0011642337776720524,0.0011811463627964258,0.006864588707685471,1.5606493949890137,0.0014143767543189018,nan,nan,nan,0,0
3,145,0.2831099033355713,0.2769155502319336,0.07583978772163391,5.546301963477163e-06,0.0,0.012388735078275204,0.0386953130364418,0.15332647553852102,0.15332648158073425,0.12573657929897308,0.03861721232533455,0.03949838876724243,0.005452398210763931,0.00626478111371398,0.06766781210899353,1.5605655908584595,0.0014174768778941853,nan,nan,nan,0,0
3,146,0.336747407913208,0.32990655303001404,0.11095339059829712,5.579489879892208e-06,0.0,0.013681690208613873,0.033031247556209564,0.04654678770574179,0.04654678702354431,0.03936546668410301,0.011481567285954952,0.012365669012069702,0.0018681938527151942,0.001818538294173777,0.018039681017398834,1.5604914426803589,0.0014205727051594223,nan,nan,nan,0,0
3,147,0.25446611642837524,0.24839891493320465,0.06286761164665222,5.54745975023252e-06,0.0,0.012134400196373463,0.03984374925494194,0.01773065143817152,0.017730651423335075,0.012081213295459747,0.004506131634116173,0.0034112639259546995,0.0008619613945484161,0.0008463639533147216,0.011619769036769867,1.5604257583618164,0.0014236641942198024,nan,nan,nan,0,0
3,148,0.36771684885025024,0.3617456555366516,0.13114629685878754,5.528416750166798e-06,0.0,0.011942393146455288,0.040718745440244675,0.07922486959175495,0.07922486960887909,0.05997268483042717,0.02012941800057888,0.022189395502209663,0.00398201122879982,0.0041758655570447445,0.04182104766368866,1.5603675842285156,0.0014267513032392215,nan,nan,nan,0,0
3,149,0.2247307151556015,0.2184017151594162,0.04702518507838249,6.047478564141784e-06,0.0,0.012658009305596352,0.037492185831069946,0.08790290808483543,0.08790291100740433,0.06751890480518341,0.022012896835803986,0.0234511811286211,0.0031978776678442955,0.003405286930501461,0.045954007655382156,1.5603160858154297,0.0014298339904408504,nan,nan,nan,0,0
3,150,0.25044944882392883,0.2439514547586441,0.05915987864136696,5.556819814955816e-06,0.0,0.012996002100408077,0.036000002175569534,0.1326500090606965,0.1326500028371811,0.1053900346159935,0.03346996754407883,0.0345781110227108,0.005009399261325598,0.005766884423792362,0.06414616107940674,1.5602705478668213,0.0014329122141076974,nan,nan,nan,0,0
3,151,0.1947789043188095,0.18949289619922638,0.035552699118852615,5.480790605361108e-06,0.0,0.010572019033133984,0.0471796877682209,0.09944485340076982,0.09944485127925873,0.07901320606470108,0.026125576347112656,0.028629695996642113,0.004372081253677607,0.004085177555680275,0.04591495543718338,1.5602301359176636,0.0014359859325831763,nan,nan,nan,0,0
3,152,0.23654064536094666,0.23124901950359344,0.052946317940950394,5.426551069831476e-06,0.0,0.01058326568454504,0.04712500423192978,0.12311339355515113,0.12311339378356934,0.09057562053203583,0.03173670172691345,0.03350314497947693,0.004627890884876251,0.005613888148218393,0.06906773895025253,1.5601943731307983,0.0014390551042716667,nan,nan,nan,0,0
3,153,0.18739725649356842,0.18176931142807007,0.03256215155124664,5.800979124614969e-06,0.0,0.011255885474383831,0.04390624910593033,0.13538219196547593,0.13538219034671783,0.10003941506147385,0.03560487926006317,0.03513459861278534,0.004825010430067778,0.006339681800454855,0.07586061954498291,1.560218334197998,0.0014421196876390784,nan,nan,nan,0,0
3,154,0.34550461173057556,0.3390199542045593,0.11504986137151718,6.1075238591001835e-06,0.0,0.012969296425580978,0.03611718863248825,0.06451945356236975,0.06451945006847382,0.0500534251332283,0.016652654856443405,0.017357483506202698,0.0020930266473442316,0.002213594038039446,0.03270383179187775,1.5602394342422485,0.0014451796412134144,nan,nan,nan,0,0
3,155,0.18500113487243652,0.17911246418952942,0.031712356954813004,5.452579898701515e-06,0.0,0.01177733764052391,0.04147656261920929,0.15842028742061778,0.15842029452323914,0.12257072329521179,0.040248557925224304,0.04149014875292778,0.005404624622315168,0.005787840578705072,0.08166588842868805,1.5602580308914185,0.0014482349235853305,nan,nan,nan,0,0
3,156,0.26673853397369385,0.2608676552772522,0.06824979931116104,5.890880402148468e-06,0.0,0.011741755530238152,0.04164062440395355,0.031162750470082424,0.031162749975919724,0.02787558175623417,0.0073994523845613,0.007824749685823917,0.0015937514835968614,0.0012915886472910643,0.00859547033905983,1.5602744817733765,0.001451285493408696,nan,nan,nan,0,0
3,157,0.31010958552360535,0.30371007323265076,0.09182264655828476,5.513129053724697e-06,0.0,0.0127990348264575,0.036867186427116394,0.03211736204394885,0.032117363065481186,0.027341675013303757,0.007656133733689785,0.002820513444021344,0.001095524406991899,0.0008941178093664348,0.014676050283014774,1.5602890253067017,0.0014543313094011543,nan,nan,nan,0,0
3,158,0.2321181297302246,0.22599485516548157,0.0505150705575943,5.516628789337119e-06,0.0,0.01224653609097004,0.039335936307907104,0.055767602138589806,0.05576760321855545,0.04303240776062012,0.01475441362708807,0.015627747401595116,0.0027033188380301,0.0031503678765147924,0.02791210077702999,1.5603017807006836,0.0014573723303446806,nan,nan,nan,0,0
3,159,0.2944432497024536,0.2884814441204071,0.08386823534965515,5.502332896867301e-06,0.0,0.011923618614673615,0.04080468788743019,0.07153749320391657,0.07153749465942383,0.05445571616292,0.018812449648976326,0.02054283581674099,0.0034099111799150705,0.0036577885039150715,0.036759551614522934,1.5603129863739014,0.00146040851508614,nan,nan,nan,0,0
3,160,0.22730329632759094,0.221640482544899,0.04895180091261864,5.474039880937198e-06,0.0,0.011325615458190441,0.0435781292617321,0.06315736608010619,0.06315736472606659,0.04446927458047867,0.016354959458112717,0.016374779865145683,0.002329188631847501,0.0029108587186783552,0.03823375701904297,1.5604168176651,0.0014634398225378438,nan,nan,nan,0,0
3,161,0.2830716371536255,0.27718213200569153,0.07700955122709274,6.049447165423771e-06,0.0,0.01177903264760971,0.04146875441074371,0.10182338879846903,0.10182338953018188,0.07821375876665115,0.026467949151992798,0.026742491871118546,0.004093800205737352,0.005305522121489048,0.0528203509747982,1.5604239702224731,0.0014664662116781065,nan,nan,nan,0,0
3,162,0.21696051955223083,0.21069201827049255,0.04487251117825508,6.31176908427733e-06,0.0,0.012537002563476562,0.03803125023841858,0.05968637751250197,0.05968637391924858,0.048284679651260376,0.015790585428476334,0.016764916479587555,0.0027466013561934233,0.002654504729434848,0.026192711666226387,1.5604853630065918,0.0014694876415518006,nan,nan,nan,0,0
3,163,0.3103834390640259,0.3043033182621002,0.09566208720207214,5.531965598493116e-06,0.0,0.012160230427980423,0.03972656652331352,0.06129678876654398,0.06129678711295128,0.052522871643304825,0.014717471785843372,0.013094961643218994,0.00208472041413188,0.002408779924735427,0.024503346532583237,1.5602660179138184,0.0014725040712709105,nan,nan,nan,0,0
3,164,0.2980736792087555,0.29223746061325073,0.08449877798557281,5.42669204151025e-06,0.0,0.011672439984977245,0.0419609360396862,0.024179983011504733,0.024179982021450996,0.01872074417769909,0.006885319482535124,0.006899357307702303,0.0014653693651780486,0.0018959317822009325,0.01155225932598114,1.5600610971450806,0.0014755154600150863,nan,nan,nan,0,0
3,165,0.3251957595348358,0.3184768259525299,0.10098355263471603,5.5313184930128045e-06,0.0,0.013437882997095585,0.034078121185302734,0.10112872991053246,0.1011287271976471,0.08512459695339203,0.02287794090807438,0.023151835426688194,0.0038917020428925753,0.0026466865092515945,0.0435805581510067,1.5598803758621216,0.0014785217670321951,nan,nan,nan,0,0
3,166,0.31723856925964355,0.31166931986808777,0.09948665648698807,5.45963621334522e-06,0.0,0.011138495057821274,0.04446094110608101,0.06058594992879706,0.06058594956994057,0.04532746225595474,0.01568162813782692,0.01475946418941021,0.0019474377622827888,0.0020202386658638716,0.0338297113776207,1.5597209930419922,0.0014815229516388746,nan,nan,nan,0,0
3,167,0.33899033069610596,0.33288002014160156,0.1095922440290451,5.537091055884957e-06,0.0,0.012220614589750767,0.03945312276482582,0.13287951971853187,0.13287952542304993,0.09446433186531067,0.034218139946460724,0.0290964525192976,0.004488543141633272,0.00584434112533927,0.08161904662847519,1.5595804452896118,0.0014845189732210818,nan,nan,nan,0,0
3,168,0.3488158881664276,0.34239867329597473,0.11642370373010635,6.39500194665743e-06,0.0,0.012834412045776844,0.036710940301418304,0.11198695663548192,0.11198695749044418,0.08930741250514984,0.028217406943440437,0.031062938272953033,0.004819816909730434,0.004874549340456724,0.05250851809978485,1.559456467628479,0.0014875097912346426,nan,nan,nan,0,0
3,169,0.2105771154165268,0.2047172337770462,0.04179935157299042,5.4840197662997525e-06,0.0,0.01171975489705801,0.04174218699336052,0.03252370777436958,0.032523706555366516,0.021311528980731964,0.008050783537328243,0.005165496841073036,0.0012740377569571137,0.001636291272006929,0.0225346889346838,1.559341311454773,0.0014904953652058023,nan,nan,nan,0,0
3,170,0.4644451141357422,0.45883870124816895,0.20727598667144775,5.504106866283109e-06,0.0,0.011212825775146484,0.04410937801003456,0.014023774028934047,0.014023774303495884,0.01263154111802578,0.004085994325578213,0.003575508249923587,0.0009028470958583057,0.0009618979529477656,0.0024270182475447655,1.5592397451400757,0.0014934756547317716,nan,nan,nan,0,0
3,171,0.2829263210296631,0.27633535861968994,0.07663916796445847,5.4998686209728476e-06,0.0,0.013181911781430244,0.0351875014603138,0.06495185548896541,0.06495185941457748,0.053864236921072006,0.014949265867471695,0.012766589410603046,0.0015230042627081275,0.0010271085193380713,0.03045565076172352,1.5591474771499634,0.0014964506194812726,nan,nan,nan,0,0
3,172,0.3672558665275574,0.3616965115070343,0.13143505156040192,5.433867954707239e-06,0.0,0.011118713766336441,0.0445546917617321,0.022757770234925975,0.022757770493626595,0.018878977745771408,0.005716645624488592,0.003346965881064534,0.0002668351517058909,0.00045471108751371503,0.010832364670932293,1.5590661764144897,0.0014994202191950879,nan,nan,nan,0,0
3,173,0.298439085483551,0.2932561933994293,0.09405268728733063,5.480649633682333e-06,0.0,0.010365787893533707,0.0481874942779541,0.12485770533264465,0.12485770136117935,0.09509862214326859,0.03306923061609268,0.03289491683244705,0.005105696152895689,0.006022933404892683,0.06563311070203781,1.5586516857147217,0.0015023844136866026,nan,nan,nan,0,0
3,174,0.2344389706850052,0.2282341569662094,0.05249462276697159,5.567308562604012e-06,0.0,0.012409613467752934,0.03860156238079071,0.21776179114932842,0.2177617996931076,0.16385124623775482,0.05752917751669884,0.05391625687479973,0.007818668149411678,0.009441290982067585,0.11918946355581284,1.5582866668701172,0.0015053431628423482,nan,nan,nan,0,0
3,175,0.2323739230632782,0.22556684911251068,0.05033280700445175,1.2447441804397386e-05,0.0,0.013614151626825333,0.033320311456918716,0.05653925993347975,0.05653925612568855,0.047738414257764816,0.013964328914880753,0.01486948411911726,0.00241365865804255,0.002282925881445408,0.02214927040040493,1.5579653978347778,0.0015082964266225469,nan,nan,nan,0,0
3,176,0.28046974539756775,0.2740984857082367,0.07470344007015228,5.506392881216016e-06,0.0,0.01274252962321043,0.03711719065904617,0.10148210089139166,0.1014821007847786,0.07640664279460907,0.02584639936685562,0.02565358206629753,0.0037180637009441853,0.004050909541547298,0.055715933442115784,1.5576826333999634,0.001511244165061652,nan,nan,nan,0,0
3,177,0.22489401698112488,0.218699648976326,0.04752268269658089,5.492480340762995e-06,0.0,0.012388735078275204,0.0386953130364418,0.02958784711043334,0.029587846249341965,0.025763800367712975,0.005944572854787111,0.004622169304639101,0.0016779587604105473,0.0021557838190346956,0.01214503776282072,1.5569723844528198,0.0015141863382688906,nan,nan,nan,0,0
3,178,0.24924461543560028,0.24334491789340973,0.059046972543001175,5.473879355122335e-06,0.0,0.011799391359090805,0.04137500375509262,0.06662395535921586,0.06662395596504211,0.04792794585227966,0.01746262237429619,0.01897813193500042,0.003492816584184766,0.004382196813821793,0.03801509365439415,1.5560047626495361,0.0015171229064288015,nan,nan,nan,0,0
3,179,0.29088354110717773,0.28470829129219055,0.08000189810991287,5.478219463839196e-06,0.0,0.012350502423942089,0.03886719048023224,0.11677368755407745,0.11677368730306625,0.09503576904535294,0.029185298830270767,0.02743379957973957,0.0035174761433154345,0.0033584381453692913,0.0545550175011158,1.5551536083221436,0.0015200538298017741,nan,nan,nan,0,0
3,180,0.22019168734550476,0.21411846578121185,0.04508749023079872,6.021774879627628e-06,0.0,0.012146451510488987,0.03978906199336052,0.13835874249855884,0.13835874199867249,0.10423822700977325,0.03523040935397148,0.03340143710374832,0.004610928241163492,0.005164328031241894,0.07663396745920181,1.5544050931930542,0.0015229790687245877,nan,nan,nan,0,0
3,181,0.3664169907569885,0.36059680581092834,0.13046205043792725,5.479103037941968e-06,0.0,0.011640389449894428,0.042109373956918716,0.023682759687547995,0.023682760074734688,0.0179462730884552,0.005932744592428207,0.005515650380402803,0.0011719418689608574,0.0014646515483036637,0.013025585561990738,1.5536824464797974,0.0015258985836109481,nan,nan,nan,0,0
3,182,0.2850278317928314,0.27920088171958923,0.07889975607395172,5.466019047162263e-06,0.0,0.011653878726065159,0.04204687476158142,0.029179678188422944,0.029179679229855537,0.0226918775588274,0.007115114945918322,0.006259306333959103,0.0010896064341068268,0.0010893347207456827,0.015631847083568573,1.5530471801757812,0.0015288123349520202,nan,nan,nan,0,0
3,183,0.29168108105659485,0.28547191619873047,0.08046026527881622,5.493426215252839e-06,0.0,0.01241831760853529,0.03856249898672104,0.08924626108292291,0.08924625813961029,0.06783867627382278,0.022116757929325104,0.02108827233314514,0.0029513207264244556,0.003235878422856331,0.04908932372927666,1.5524888038635254,0.0015317202833169676,nan,nan,nan,0,0
3,184,0.25809887051582336,0.25235846638679504,0.06315422803163528,5.53789277546457e-06,0.0,0.011480787768959999,0.042851563543081284,0.23051993972461518,0.23051993548870087,0.16699936985969543,0.05895772948861122,0.058646708726882935,0.009717684239149094,0.012486758641898632,0.13447992503643036,1.5515480041503906,0.0015346223893534829,nan,nan,nan,0,0
3,185,0.24812649190425873,0.241993710398674,0.05797132849693298,5.485555448103696e-06,0.0,0.012265563942492008,0.03924999758601189,0.1300206908613132,0.13002069294452667,0.09918998181819916,0.03365039825439453,0.03399602696299553,0.0054748631082475185,0.006452511064708233,0.0686078667640686,1.5501717329025269,0.0015375186137883197,nan,nan,nan,0,0
3,186,0.3049337565898895,0.29962924122810364,0.0889120101928711,5.452557616081322e-06,0.0,0.010609001852571964,0.04699999839067459,0.02320491605202328,0.02320491522550583,0.018646279349923134,0.00620611384510994,0.002991687972098589,0.000367707631085068,0.0005579753778874874,0.011952899396419525,1.5486054420471191,0.0015404089174278273,nan,nan,nan,0,0
3,187,0.36864015460014343,0.3627098798751831,0.12992314994335175,5.494737251865445e-06,0.0,0.011860571801662445,0.04109375178813934,0.029426551208468377,0.02942655049264431,0.02073327638208866,0.007183334324508905,0.006083942949771881,0.0009246733388863504,0.0011281149927526712,0.0185825414955616,1.5472298860549927,0.001543293261158478,nan,nan,nan,0,0
3,188,0.3049805462360382,0.29899653792381287,0.08855144679546356,5.474113550008042e-06,0.0,0.011968018487095833,0.04060156270861626,0.03053006924824198,0.030530069023370743,0.02252458967268467,0.007871278561651707,0.006559941917657852,0.0010558089707046747,0.001415784819982946,0.017793789505958557,1.5463531017303467,0.0015461716059473976,nan,nan,nan,0,0
3,189,0.32360920310020447,0.3174235224723816,0.10063596814870834,5.448669526231242e-06,0.0,0.012371349148452282,0.038773439824581146,0.06788596252310555,0.06788596510887146,0.05487662926316261,0.0174923837184906,0.018645795062184334,0.0029955885838717222,0.0031817080453038216,0.030402524396777153,1.5455833673477173,0.0015490439128428945,nan,nan,nan,0,0
3,190,0.2709621489048004,0.2649712860584259,0.06985396146774292,5.438842435978586e-06,0.0,0.011981697753071785,0.04053906351327896,0.14688276676028295,0.1468827724456787,0.11157068610191345,0.03840717673301697,0.03862418234348297,0.006138839293271303,0.007158420979976654,0.07791445404291153,1.5450358390808105,0.0015519101429749846,nan,nan,nan,0,0
4,1,0.23366621136665344,0.22752131521701813,0.05160244554281235,2.8283282517804764e-05,0.0,0.012289801612496376,0.03914062678813934,0.1150282380855321,0.11502823978662491,0.08822910487651825,0.030217014253139496,0.031084751710295677,0.004951899871230125,0.0054922751151025295,0.059271447360515594,1.5450414419174194,0.0015547702575559195,nan,nan,nan,0,0
4,2,0.38720759749412537,0.38099756836891174,0.15313521027565002,5.484780103870435e-06,0.0,0.012420060113072395,0.038554687052965164,0.03178983530503337,0.031789835542440414,0.021622199565172195,0.008388333953917027,0.0060996911488473415,0.0014393264427781105,0.0014392455341294408,0.02076922357082367,1.545046329498291,0.0015576242178807114,nan,nan,nan,0,0
4,3,0.2649902403354645,0.2588089108467102,0.0681200921535492,5.491140200319933e-06,0.0,0.012362660840153694,0.03881250321865082,0.04990077305161132,0.04990077391266823,0.039811763912439346,0.012834031134843826,0.013257031328976154,0.0022328703198581934,0.002311967546120286,0.02354396879673004,1.5450505018234253,0.0015604719853276536,nan,nan,nan,0,0
4,4,0.23169256746768951,0.22574184834957123,0.05082359164953232,5.452850928122643e-06,0.0,0.011901447549462318,0.04090624675154686,0.027009616291609775,0.027009617537260056,0.022372670471668243,0.006274707615375519,0.00569637818261981,0.0017814812017604709,0.0028498717583715916,0.01207753550261259,1.5450541973114014,0.0015633135213588474,nan,nan,nan,0,0
4,5,0.24887512624263763,0.24289539456367493,0.05894440785050392,5.5153536777652334e-06,0.0,0.01195947453379631,0.04064062610268593,0.013147277150836849,0.01314727682620287,0.011215435341000557,0.0037522679194808006,0.0016305737663060427,0.0005569803179241717,0.0005009053857065737,0.005455775652080774,1.5450574159622192,0.001566148787520722,nan,nan,nan,0,0
4,6,0.22410257160663605,0.2181510031223297,0.04825692996382713,5.973112820356619e-06,0.0,0.01190315093845129,0.04089844226837158,0.2424234321401411,0.2424234300851822,0.18210627138614655,0.06344164907932281,0.06574419885873795,0.01014088187366724,0.012021658942103386,0.13042977452278137,1.545060157775879,0.0015689777454445534,nan,nan,nan,0,0
4,7,0.22063153982162476,0.21452036499977112,0.046034034341573715,5.4721317610528786e-06,0.0,0.01222234033048153,0.039445310831069946,0.0517081772571611,0.05170817673206329,0.03909621387720108,0.013905256986618042,0.015386912971735,0.002725546946749091,0.0030781717505306005,0.026423562318086624,1.54506254196167,0.0015718003568469857,nan,nan,nan,0,0
4,8,0.33290526270866394,0.327022522687912,0.1055007204413414,5.537131983146537e-06,0.0,0.01176547072827816,0.04153125360608101,0.041860446330813914,0.04186044633388519,0.0330357551574707,0.01036296971142292,0.010039890184998512,0.0012944304617121816,0.0010543032549321651,0.021212218329310417,1.5450645685195923,0.0015746165835305488,nan,nan,nan,0,0
4,9,0.2791987359523773,0.27401822805404663,0.07434358447790146,5.45271086593857e-06,0.0,0.010361013934016228,0.04821094125509262,0.1300781877727735,0.13007819652557373,0.09860345721244812,0.03607270494103432,0.03629949316382408,0.005686889868229628,0.006950911600142717,0.0670682042837143,1.5450663566589355,0.0015774263873841734,nan,nan,nan,0,0
4,10,0.30225759744644165,0.29684877395629883,0.08938135206699371,5.526260338228894e-06,0.0,0.010817626491189003,0.04599218815565109,0.04289895174633728,0.04289895296096802,0.0372198261320591,0.01106651034206152,0.012190576642751694,0.002009485848248005,0.001745444256812334,0.01329820230603218,1.5450679063796997,0.00158022973038371,nan,nan,nan,0,0
4,11,0.30544549226760864,0.30017712712287903,0.09292979538440704,5.426638836070197e-06,0.0,0.010536701418459415,0.047351568937301636,0.018326831862674635,0.018326831981539726,0.012483487837016582,0.005191916134208441,0.0024363400880247355,0.0006220632349140942,0.0007981689414009452,0.012087990529835224,1.5450692176818848,0.0015830265745924404,nan,nan,nan,0,0
4,12,0.20504388213157654,0.19995126128196716,0.040137190371751785,5.426400093710981e-06,0.0,0.010185226798057556,0.04907812550663948,0.09192514084036842,0.09192514419555664,0.06849219650030136,0.02595064602792263,0.024632280692458153,0.003187156980857253,0.004006786271929741,0.04952426627278328,1.5450702905654907,0.001585816882161593,nan,nan,nan,0,0
4,13,0.26244500279426575,0.256634920835495,0.06547266244888306,6.5921394707402214e-06,0.0,0.011620168574154377,0.04220312088727951,0.06829307961231718,0.06829307973384857,0.054813165217638016,0.017370669171214104,0.0203511044383049,0.0028827888891100883,0.0018050163052976131,0.030528437346220016,1.5450712442398071,0.0015886006153308548,nan,nan,nan,0,0
4,14,0.30101004242897034,0.29528722167015076,0.08684518933296204,5.448810952657368e-06,0.0,0.011445657350122929,0.043015629053115845,0.07373417835477612,0.07373417913913727,0.05621752887964249,0.01998760923743248,0.020193399861454964,0.0025318970438092947,0.0025586222764104605,0.038158662617206573,1.545072078704834,0.0015913777364288805,nan,nan,nan,0,0
4,15,0.2899343967437744,0.28490230441093445,0.08044730871915817,5.452391633298248e-06,0.0,0.01006416603922844,0.04967968910932541,0.05244548587984927,0.05244548246264458,0.040332358330488205,0.014808611944317818,0.013386035338044167,0.0016048148972913623,0.0019555871840566397,0.02681322768330574,1.5450727939605713,0.0015941482078738055,nan,nan,nan,0,0
4,16,0.2514577805995941,0.24611538648605347,0.06363432109355927,5.521823368326295e-06,0.0,0.010684777051210403,0.04663281515240669,0.025414543298175607,0.025414543226361275,0.022291207686066628,0.007358234841376543,0.007720847614109516,0.0014342688955366611,0.001664804294705391,0.005515184719115496,1.5450735092163086,0.001596911992173752,nan,nan,nan,0,0
4,17,0.3333623707294464,0.3278449475765228,0.10694020986557007,5.453948688227683e-06,0.0,0.011034847237169743,0.0449531264603138,0.08596861003518295,0.08596861362457275,0.06789397448301315,0.023745380342006683,0.022772086784243584,0.002959736855700612,0.003006452228873968,0.04099756479263306,1.5450741052627563,0.0015996690519273367,nan,nan,nan,0,0
4,18,0.2812151610851288,0.2752414047718048,0.07557597011327744,5.4601400734100025e-06,0.0,0.011947516351938248,0.04069531336426735,0.08852799602211309,0.08852799981832504,0.07039672881364822,0.025077415630221367,0.02651320770382881,0.003973717801272869,0.004417366813868284,0.038914985954761505,1.5450745820999146,0.0016024193498241782,nan,nan,nan,0,0
4,19,0.3134949207305908,0.30713072419166565,0.09359796345233917,5.452513505588286e-06,0.0,0.01272842288017273,0.03717968985438347,0.05168942935604452,0.051689427345991135,0.04187764227390289,0.01477403286844492,0.015598421916365623,0.002457462018355727,0.002793828956782818,0.0210388395935297,1.5450749397277832,0.001605162848645401,nan,nan,nan,0,0
4,20,0.26398876309394836,0.2580958604812622,0.0673544853925705,5.477520062413532e-06,0.0,0.01178581640124321,0.041437502950429916,0.06924660857215258,0.06924661248922348,0.05676942318677902,0.018557332456111908,0.020753255113959312,0.0036230043042451143,0.003127170028164983,0.027827106416225433,1.5450752973556519,0.001607899511264138,nan,nan,nan,0,0
4,21,0.2904290556907654,0.2848886251449585,0.08089552819728851,5.455284281197237e-06,0.0,0.011080853641033173,0.04473437741398811,0.04823612250251161,0.048236120492219925,0.03927140310406685,0.013781817629933357,0.01390066184103489,0.0021164638455957174,0.0026086464058607817,0.019749153405427933,1.545075535774231,0.001610629300646036,nan,nan,nan,0,0
4,22,0.27415087819099426,0.2689870595932007,0.07220305502414703,5.428018084785435e-06,0.0,0.010327642783522606,0.04837499558925629,0.09552900580666462,0.09552900493144989,0.07827353477478027,0.02631950005888939,0.0284857377409935,0.0042388904839754105,0.0041987160220742226,0.038200706243515015,1.5450756549835205,0.001613352179849754,nan,nan,nan,0,0
4,23,0.24046914279460907,0.23537810146808624,0.055064842104911804,5.45413695363095e-06,0.0,0.010182071477174759,0.04909375309944153,0.035861767433997375,0.03586176782846451,0.0246487595140934,0.010736167430877686,0.00881477352231741,0.001379756024107337,0.0019546253606677055,0.021904684603214264,1.54507577419281,0.0016160681120274641,nan,nan,nan,0,0
4,24,0.26639336347579956,0.26132121682167053,0.06917453557252884,5.434271770354826e-06,0.0,0.010144267231225967,0.049281250685453415,0.1682785223122622,0.1682785302400589,0.12601043283939362,0.04890454187989235,0.05073446407914162,0.007726624608039856,0.00946582667529583,0.08558089286088943,1.5450758934020996,0.0016187770604253508,nan,nan,nan,0,0
4,25,0.33767378330230713,0.3326244354248047,0.1090407446026802,5.4926031225477345e-06,0.0,0.010098680853843689,0.04950781166553497,0.06215881685191569,0.062158819288015366,0.04549352824687958,0.018901679664850235,0.019993092864751816,0.003417911706492305,0.004101975355297327,0.03175770491361618,1.5450758934020996,0.0016214789883841074,nan,nan,nan,0,0
4,26,0.19414854049682617,0.18855948746204376,0.035585056990385056,5.59866657567909e-06,0.0,0.011178107932209969,0.044273439794778824,0.03545393131761743,0.035453930497169495,0.03196654096245766,0.00879997294396162,0.0037161139771342278,0.0012077458668500185,0.0014195309486240149,0.011848998256027699,1.5450758934020996,0.001624173859339432,nan,nan,nan,0,0
4,27,0.2495632767677307,0.24387383460998535,0.058750975877046585,5.467391929414589e-06,0.0,0.011378888972103596,0.04332812875509262,0.07758855765364324,0.07758855074644089,0.06431534886360168,0.021681707352399826,0.023792069405317307,0.003487585810944438,0.0037192313466221094,0.02865947037935257,1.5450758934020996,0.0016268616368225245,nan,nan,nan,0,0
4,28,0.23375505208969116,0.22818909585475922,0.05223633721470833,5.449521268019453e-06,0.0,0.011131898500025272,0.044492192566394806,0.027248472877950188,0.027248473837971687,0.022029545158147812,0.00861528143286705,0.00917995534837246,0.0016918829642236233,0.001935127074830234,0.009595653973519802,1.5450758934020996,0.001629542284460576,nan,nan,nan,0,0
4,29,0.33872345089912415,0.33259499073028564,0.11183038353919983,5.47673380424385e-06,0.0,0.012256912887096405,0.03928906470537186,0.030495022319001593,0.030495023354887962,0.0229304451495409,0.00880068726837635,0.003455597907304764,0.00041358472662977874,0.00048016104847192764,0.017729811370372772,1.54507577419281,0.0016322157659772656,nan,nan,nan,0,0
4,30,0.3775809705257416,0.3731364905834198,0.13770203292369843,5.428188615042018e-06,0.0,0.008888954296708107,0.05571875721216202,0.03666182786099368,0.03666182979941368,0.029588937759399414,0.010232459753751755,0.008587269112467766,0.0009566619410179555,0.0011183233000338078,0.016969799995422363,1.545075535774231,0.0016348820451932483,nan,nan,nan,0,0
4,31,0.25725796818733215,0.25243911147117615,0.06328514218330383,5.448157025966793e-06,0.0,0.00963771715760231,0.05182812735438347,0.027172679802831293,0.02717268094420433,0.022296147421002388,0.008710438385605812,0.009883937425911427,0.001625019940547645,0.0018138440791517496,0.00785758625715971,1.5450752973556519,0.0016375410860266447,nan,nan,nan,0,0
4,32,0.2539311349391937,0.24873629212379456,0.06120787188410759,5.437202162283938e-06,0.0,0.010389662347733974,0.04807031527161598,0.09060206747144792,0.09060207009315491,0.06958162039518356,0.027521304786205292,0.031064579263329506,0.0048552704975008965,0.005552767310291529,0.03987850993871689,1.5450751781463623,0.0016401928524935314,nan,nan,nan,0,0
4,33,0.2759096324443817,0.27070683240890503,0.07366922497749329,5.468329618452117e-06,0.0,0.010405595414340496,0.04799218475818634,0.03674731106621729,0.03674731031060219,0.029278233647346497,0.011495381593704224,0.013167168945074081,0.0021960267331451178,0.0025368696078658104,0.013280569575726986,1.5450750589370728,0.001642837308708426,nan,nan,nan,0,0
4,34,0.1669643372297287,0.16125737130641937,0.026028312742710114,5.4569241001445334e-06,0.0,0.011413919739425182,0.04316406324505806,0.06765382990702232,0.0676538273692131,0.05071202293038368,0.020207971334457397,0.01978890784084797,0.0025081969797611237,0.0030005881562829018,0.034497447311878204,1.5450749397277832,0.0016454744188847729,nan,nan,nan,0,0
4,35,0.37510228157043457,0.37015214562416077,0.1360240876674652,5.478307230077917e-06,0.0,0.009900250472128391,0.05050000175833702,0.025187247840548908,0.02518724836409092,0.01965997740626335,0.008197106420993805,0.005723737645894289,0.0005952237406745553,0.0010385329369455576,0.012103560380637646,1.5450748205184937,0.001648104147335429,nan,nan,nan,0,0
4,36,0.19613397121429443,0.19163629412651062,0.037390511482954025,5.452398454508511e-06,0.0,0.008995339274406433,0.055156245827674866,0.09766935655810784,0.09766935557126999,0.06991558521986008,0.03126741573214531,0.03411845117807388,0.005130389705300331,0.007313388865441084,0.04929084703326225,1.5450751781463623,0.0016507264584731452,nan,nan,nan,0,0
4,37,0.3010280728340149,0.29562899470329285,0.0864887461066246,5.49314472664264e-06,0.0,0.010798132978379726,0.046085938811302185,0.05101704825727073,0.051017049700021744,0.03893391042947769,0.01685788296163082,0.018844740465283394,0.0029458277858793736,0.00377022847533226,0.020607883110642433,1.5450754165649414,0.0016533413168110477,nan,nan,nan,0,0
4,38,0.2773800194263458,0.2719354033470154,0.07413531094789505,5.475247689901153e-06,0.0,0.010889248922467232,0.04564843699336052,0.12966107171823052,0.12966106832027435,0.10053052008152008,0.03920387849211693,0.04538280889391899,0.006225974299013615,0.007157239597290754,0.05494611710309982,1.5450756549835205,0.0016559486869631198,nan,nan,nan,0,0
4,39,0.3138013184070587,0.3090748190879822,0.09658095240592957,5.474106274050428e-06,0.0,0.009453007020056248,0.052773430943489075,0.08208030436137007,0.08208030462265015,0.062101107090711594,0.02542460709810257,0.027307327836751938,0.003346451325342059,0.0037798676639795303,0.03824973106384277,1.54507577419281,0.0016585485336446807,nan,nan,nan,0,0
4,40,0.28783491253852844,0.2823059856891632,0.07881949096918106,5.456806775328005e-06,0.0,0.011057838797569275,0.04484374821186066,0.09731637443382936,0.09731637686491013,0.06999418139457703,0.033619266003370285,0.037356529384851456,0.005500044208019972,0.007076554466038942,0.04433055222034454,1.5450758934020996,0.0016611408216728601,nan,nan,nan,0,0
4,41,0.2955678105354309,0.2905958890914917,0.08412876725196838,5.427119049272733e-06,0.0,0.009943830780684948,0.05028124898672104,0.035354191573167014,0.035354189574718475,0.025469977408647537,0.011219869367778301,0.011164912953972816,0.0012394206132739782,0.0012660977663472295,0.018641866743564606,1.5450760126113892,0.0016637255159670785,nan,nan,nan,0,0
4,42,0.32678136229515076,0.3231021463871002,0.10313903540372849,5.426473308034474e-06,0.0,0.007358423434197903,0.06421875208616257,0.026575146161946967,0.02657514624297619,0.020568527281284332,0.009906330145895481,0.010846205055713654,0.0017582530854269862,0.0024499245919287205,0.007635768037289381,1.5450760126113892,0.0016663025815495192,nan,nan,nan,0,0
4,43,0.2479713261127472,0.24358557164669037,0.059186264872550964,5.425967174232937e-06,0.0,0.008771494030952454,0.05634374916553497,0.03189690343204252,0.03189690411090851,0.0188277680426836,0.009363720193505287,0.0070651257410645485,0.001197706675156951,0.0024473846424371004,0.022757595404982567,1.5450760126113892,0.0016688719835456019,nan,nan,nan,0,0
4,44,0.2645740509033203,0.259960800409317,0.06802573055028915,5.435095317807281e-06,0.0,0.009226502850651741,0.05394531413912773,0.08930966591480725,0.08930967003107071,0.06427165120840073,0.03210151940584183,0.035893507301807404,0.005355014465749264,0.006885638926178217,0.03808453306555748,1.5450760126113892,0.001671433687184456,nan,nan,nan,0,0
4,45,0.21301525831222534,0.20837494730949402,0.04352559521794319,5.586775841948111e-06,0.0,0.009280613623559475,0.05366406589746475,0.04625185022592152,0.04625185206532478,0.03128106892108917,0.015278433449566364,0.016060570254921913,0.00212282408028841,0.0025812597014009953,0.025655148550868034,1.5450758934020996,0.0016739876577993888,nan,nan,nan,0,0
4,46,0.324237197637558,0.31992068886756897,0.10196466743946075,5.433808837551624e-06,0.0,0.00863302405923605,0.05708593875169754,0.04721450872783681,0.047214508056640625,0.032464973628520966,0.015037555247545242,0.016159962862730026,0.0020401859655976295,0.002516132313758135,0.02602824568748474,1.54507577419281,0.0016765338608283576,nan,nan,nan,0,0
4,47,0.31035199761390686,0.3064696788787842,0.09262336045503616,5.4992237892292906e-06,0.0,0.0077646393328905106,0.06188281625509262,0.07032913215472796,0.07032912969589233,0.05222085118293762,0.024972178041934967,0.028073938563466072,0.004149579908698797,0.005575919058173895,0.027551840990781784,1.5450756549835205,0.0016790722618144354,nan,nan,nan,0,0
4,48,0.31020596623420715,0.30556416511535645,0.09485988318920135,5.43142141395947e-06,0.0,0.009283623658120632,0.053648442029953,0.03406669767885285,0.03406669571995735,0.020628729835152626,0.013621171936392784,0.014996488578617573,0.0026374307926744223,0.0043014842085540295,0.017294669523835182,1.545075535774231,0.001681602826406277,nan,nan,nan,0,0
4,49,0.2619191110134125,0.25748714804649353,0.06590524315834045,5.461743512569228e-06,0.0,0.008863928727805614,0.05585156008601189,0.01595986225070658,0.015959862619638443,0.013397477567195892,0.00538909574970603,0.002894360339269042,0.0007228319882415235,0.0012800554977729917,0.005970267578959465,1.5450754165649414,0.0016841255203585853,nan,nan,nan,0,0
4,50,0.4355859160423279,0.4311414361000061,0.18294158577919006,5.431164481706219e-06,0.0,0.008888952434062958,0.055718760937452316,0.020457528188692394,0.02045752853155136,0.01353630144149065,0.006614175625145435,0.005672122817486525,0.0006366916932165623,0.0006555471336469054,0.012590615078806877,1.5450752973556519,0.0016866403095325742,nan,nan,nan,0,0
4,51,0.1988351196050644,0.19440756738185883,0.03759143501520157,5.438756488729268e-06,0.0,0.008855104446411133,0.05589843913912773,0.06061077734198767,0.060610778629779816,0.04329480975866318,0.020208517089486122,0.02328137494623661,0.0028680015821009874,0.003365728072822094,0.028796972706913948,1.5450751781463623,0.001689147159896429,nan,nan,nan,0,0
4,52,0.2724100351333618,0.2675188183784485,0.0714954361319542,5.445409897220088e-06,0.0,0.00978244747966528,0.051093749701976776,0.01234890116993895,0.012348901480436325,0.01016729325056076,0.00483121071010828,0.003527812659740448,0.0007122108363546431,0.000945091072935611,0.0034547080285847187,1.5450750589370728,0.0016916460375257698,nan,nan,nan,0,0
4,53,0.19587711989879608,0.19194991886615753,0.036737460643053055,5.434890226752032e-06,0.0,0.007854390889406204,0.061375003308057785,0.018627134710387874,0.018627135083079338,0.012009765952825546,0.006449359003454447,0.00505649670958519,0.0006255370681174099,0.0007708143093623221,0.011601199395954609,1.5450748205184937,0.0016941369086041088,nan,nan,nan,0,0
4,54,0.24391527473926544,0.23968973755836487,0.05688387528061867,5.4298279792419635e-06,0.0,0.008451070636510849,0.05807030573487282,0.065729429202581,0.06572943180799484,0.05068851262331009,0.023676764219999313,0.028447270393371582,0.004007106646895409,0.0044900220818817616,0.018573610112071037,1.5450745820999146,0.001696619739423307,nan,nan,nan,0,0
4,55,0.32087671756744385,0.3166065514087677,0.09986236691474915,5.462634362629615e-06,0.0,0.008540359325706959,0.0575859397649765,0.013590932117688628,0.01359093189239502,0.01116354949772358,0.004309525713324547,0.0027257055044174194,0.0005940574337728322,0.0012822787975892425,0.005664801225066185,1.5450743436813354,0.0016990944963840332,nan,nan,nan,0,0
4,56,0.3262740671634674,0.3224582374095917,0.10373380780220032,5.435429102362832e-06,0.0,0.0076316604390740395,0.06264062970876694,0.013644972730290318,0.013644972816109657,0.01032986305654049,0.004400269594043493,0.0020022967364639044,0.00032639160053804517,0.0006826826138421893,0.007452184800058603,1.5450741052627563,0.0017015611459962163,nan,nan,nan,0,0
4,57,0.319220632314682,0.3154591917991638,0.09828522801399231,5.453569428937044e-06,0.0,0.007522853557020426,0.06326562166213989,0.0216940318477877,0.021694030612707138,0.012092302553355694,0.007560891564935446,0.0068122623488307,0.0008765576058067381,0.0014555291272699833,0.014763005077838898,1.5450738668441772,0.0017040196548794991,nan,nan,nan,0,0
4,58,0.31237274408340454,0.3079986870288849,0.1006752997636795,5.4373458624468185e-06,0.0,0.008748096413910389,0.056468747556209564,0.029245269093477445,0.029245268553495407,0.023389367386698723,0.008528601378202438,0.0026846383698284626,0.00043301834375597537,0.0004479437484405935,0.01509605161845684,1.5450736284255981,0.0017064699897636904,nan,nan,nan,0,0
4,59,0.30031073093414307,0.2964208424091339,0.08686527609825134,5.4303086471918505e-06,0.0,0.007779792416840792,0.061796870082616806,0.03752079871484215,0.037520796060562134,0.02481706067919731,0.013742067851126194,0.014530434273183346,0.0018333030166104436,0.002132751513272524,0.019596843048930168,1.545073390007019,0.0017089121174892158,nan,nan,nan,0,0
4,60,0.20642490684986115,0.20247621834278107,0.041195228695869446,5.490652256412432e-06,0.0,0.00789737794548273,0.06113281100988388,0.04660320821894849,0.046603210270404816,0.03409562632441521,0.018604427576065063,0.02154354564845562,0.0030664922669529915,0.003942652139812708,0.013196602463722229,1.54507315158844,0.001711346005007564,nan,nan,nan,0,0
4,61,0.2582160532474518,0.2546630799770355,0.06425536423921585,5.4265356084215455e-06,0.0,0.007105964235961437,0.0657031238079071,0.058666440290543576,0.05866644158959389,0.043800003826618195,0.02254391275346279,0.026437625288963318,0.00370220048353076,0.004450568463653326,0.01681133545935154,1.5450729131698608,0.001713771619381737,nan,nan,nan,0,0
4,62,0.30431437492370605,0.2999498248100281,0.08952873945236206,5.443933787319111e-06,0.0,0.008729107677936554,0.05657031387090683,0.018957294546991472,0.018957294523715973,0.01521407812833786,0.007689821533858776,0.007962975651025772,0.0012769770110026002,0.0017000038642436266,0.0009207732509821653,1.5450726747512817,0.0017161889277866945,nan,nan,nan,0,0
4,63,0.2702220380306244,0.2671702802181244,0.07080260664224625,5.430640612757998e-06,0.0,0.006103517021983862,0.07187499850988388,0.03152050681746398,0.031520504504442215,0.021549634635448456,0.013178741559386253,0.014859452843666077,0.0022003911435604095,0.0037059246096760035,0.010774851776659489,1.5450724363327026,0.0017185978975097975,nan,nan,nan,0,0
4,64,0.33346423506736755,0.3302297592163086,0.10850110650062561,5.431304543890292e-06,0.0,0.0064689358696341515,0.06957031041383743,0.011824174891579851,0.011824174784123898,0.00900326855480671,0.0055366745218634605,0.00483782310038805,0.0008800329524092376,0.001558669377118349,0.001220271224156022,1.5450721979141235,0.0017209984959512523,nan,nan,nan,0,0
4,65,0.31926292181015015,0.316773384809494,0.09939441829919815,5.426580628409283e-06,0.0,0.004979067016392946,0.0794375017285347,0.02486261928379634,0.0248626209795475,0.01831916905939579,0.010526499710977077,0.012014704756438732,0.0017631622031331062,0.0024938045535236597,0.004250853322446346,1.5450719594955444,0.0017233906906245504,nan,nan,nan,0,0
4,66,0.17461690306663513,0.17104148864746094,0.028902685269713402,5.550678906729445e-06,0.0,0.007150816731154919,0.06543750315904617,0.013777546674620686,0.01377754658460617,0.008376672863960266,0.00499891908839345,0.001944424002431333,0.0005833304603584111,0.0008492359193041921,0.009477377869188786,1.5450717210769653,0.001725774449156909,nan,nan,nan,0,0
4,67,0.21211715042591095,0.2094108611345291,0.04365428909659386,5.736228558816947e-06,0.0,0.005412590689957142,0.07642969489097595,0.015763843860235167,0.015763843432068825,0.01153783593326807,0.007380908355116844,0.00742773013189435,0.0011958660325035453,0.0019047001842409372,0.0008186292252503335,1.5450714826583862,0.0017281497392897093,nan,nan,nan,0,0
4,68,0.38219448924064636,0.37984997034072876,0.1436568647623062,5.428484655567445e-06,0.0,0.004689040128141642,0.08152344077825546,0.010484670845719754,0.010484671220183372,0.007393948268145323,0.0037433975376188755,0.002781056333333254,0.000401694473112002,0.0009567080996930599,0.005695077124983072,1.5450712442398071,0.0017305165288789316,nan,nan,nan,0,0
4,69,0.24544662237167358,0.24283094704151154,0.059179168194532394,5.431226327345939e-06,0.0,0.005231358110904694,0.07767187803983688,0.03834474636820766,0.038344744592905045,0.02427813783288002,0.01460201758891344,0.01634172722697258,0.0018974285339936614,0.0022758578415960073,0.019794970750808716,1.545071005821228,0.0017328747858955918,nan,nan,nan,0,0
4,70,0.24031299352645874,0.23792764544487,0.057207368314266205,5.428822987596504e-06,0.0,0.0047707087360322475,0.08092968910932541,0.031121156531770684,0.031121157109737396,0.019055521115660667,0.011931311339139938,0.013058021664619446,0.0014830880099907517,0.0019304341403767467,0.016929833218455315,1.545070767402649,0.0017352244784261746,nan,nan,nan,0,0
4,71,0.2950918972492218,0.29344862699508667,0.08581385761499405,5.427136784419417e-06,0.0,0.0032865151297301054,0.09267187118530273,0.010478861165742624,0.010478860698640347,0.007664632983505726,0.005063784308731556,0.004119480960071087,0.0007599209784530103,0.0013482194626703858,0.002460228046402335,1.5450705289840698,0.001737565574673064,nan,nan,nan,0,0
4,72,0.41805189847946167,0.4153386950492859,0.1718345433473587,5.426666575658601e-06,0.0,0.00542639521881938,0.07633593678474426,0.009192069737334349,0.009192069992423058,0.006295579951256514,0.004280379507690668,0.0008530902559868991,0.0003909548104275018,0.0007286585750989616,0.005012645851820707,1.5450702905654907,0.0017398980429549763,nan,nan,nan,0,0
4,73,0.21112914383411407,0.2092456966638565,0.04417093098163605,5.428958047559718e-06,0.0,0.003766891546547413,0.0886249989271164,0.023033833211235335,0.023033833131194115,0.01218816451728344,0.008769693784415722,0.008222779259085655,0.0010415026918053627,0.0016635224455967546,0.015285040251910686,1.5450700521469116,0.0017422218517073858,nan,nan,nan,0,0
4,74,0.22704719007015228,0.22521233558654785,0.05106152594089508,5.427201358543243e-06,0.0,0.003669711761176586,0.08942186087369919,0.008119584475600355,0.008119584992527962,0.005316156428307295,0.004264988005161285,0.0025609759613871574,0.000598190410528332,0.0014702077023684978,0.003224603831768036,1.5450698137283325,0.0017445369694829539,nan,nan,nan,0,0
4,75,0.27577197551727295,0.27368074655532837,0.07588403671979904,5.429697466752259e-06,0.0,0.0041824523359537125,0.0853281244635582,0.017745251548155677,0.017745250836014748,0.010880064219236374,0.006936960853636265,0.006098908372223377,0.000654385716188699,0.0006316881044767797,0.01050584577023983,1.5450695753097534,0.0017468433649519542,nan,nan,nan,0,0
4,76,0.14409315586090088,0.14163823425769806,0.020050620660185814,5.435704679257469e-06,0.0,0.004909849725663662,0.07992968708276749,0.02801188443353895,0.028011884540319443,0.014843828044831753,0.01036337111145258,0.009817427024245262,0.0012635255698114634,0.00226160092279315,0.018810469657182693,1.5450693368911743,0.001749141006902696,nan,nan,nan,0,0
4,77,0.2547472417354584,0.2525142431259155,0.06353036314249039,5.427868472906994e-06,0.0,0.004465999081730843,0.08317187428474426,0.009177051050820772,0.009177050553262234,0.006714229937642813,0.004569482523947954,0.002191567560657859,0.0005632871179841459,0.0013691032072529197,0.0033559659495949745,1.5450690984725952,0.0017514298642419476,nan,nan,nan,0,0
4,78,0.4914102256298065,0.4895041882991791,0.24375095963478088,5.428863005363382e-06,0.0,0.0038120977114886045,0.0882578194141388,0.01612731385662723,0.016127314418554306,0.00845667440444231,0.006243390496820211,0.0033894425723701715,0.0005959297413937747,0.000903429405298084,0.011701937764883041,1.5450688600540161,0.0017537099059953566,nan,nan,nan,0,0
4,79,0.23888994753360748,0.23661866784095764,0.05543707311153412,5.426503776106983e-06,0.0,0.004542549140751362,0.08260156959295273,0.011566297642516987,0.01156629715114832,0.0071717314422130585,0.004790677223354578,0.0009277247008867562,0.00042009222670458257,0.0007197760278359056,0.007605241145938635,1.545068621635437,0.0017559811013078683,nan,nan,nan,0,0
4,80,0.24246153235435486,0.24001863598823547,0.05725551024079323,5.431993486126885e-06,0.0,0.004885792266577482,0.08010156452655792,0.014985630069240766,0.014985630288720131,0.008491000160574913,0.005945474840700626,0.003083667252212763,0.0007617935771122575,0.0011341737117618322,0.01028336863964796,1.545068383216858,0.0017582434194441444,nan,nan,nan,0,0
4,81,0.3502614200115204,0.3478895425796509,0.1212252601981163,5.4468823691422585e-06,0.0,0.004743766505271196,0.08112499862909317,0.02950290357625926,0.029502904042601585,0.015144520439207554,0.01153076533228159,0.0085262106731534,0.0013309817295521498,0.0019451986299827695,0.0207329373806715,1.5450681447982788,0.0017604968297889791,nan,nan,nan,0,0
4,82,0.23543919622898102,0.2333282232284546,0.05432162433862686,5.428975782706402e-06,0.0,0.004221953917294741,0.0850234404206276,0.012561478538161499,0.012561478652060032,0.008517153561115265,0.005800522398203611,0.004775578621774912,0.0008975501405075192,0.0014073012862354517,0.005100052338093519,1.5450679063796997,0.0017627413018477117,nan,nan,nan,0,0
4,83,0.2676008939743042,0.26541516184806824,0.06905409693717957,5.432068519439781e-06,0.0,0.004371482878923416,0.08388281613588333,0.016557513004473792,0.016557512804865837,0.010144337080419064,0.00582335889339447,0.0033091572113335133,0.0006377054960466921,0.0009883989114314318,0.011180251836776733,1.5450676679611206,0.0017649768052466412,nan,nan,nan,0,0
4,84,0.29280540347099304,0.29042112827301025,0.0839487761259079,5.426590178103652e-06,0.0,0.004768550395965576,0.08094531297683716,0.01651553485756478,0.01651553437113762,0.008974333293735981,0.006394554860889912,0.0020800898782908916,0.000653638388030231,0.0010097275953739882,0.012064838781952858,1.5450674295425415,0.0017672033097334357,nan,nan,nan,0,0
4,85,0.33231210708618164,0.3309142291545868,0.10825195908546448,5.428821623354452e-06,0.0,0.002795765409246087,0.09712500870227814,0.020880345705820143,0.02088034525513649,0.012976141646504402,0.00932238157838583,0.010135956108570099,0.0015404755249619484,0.0031725766602903605,0.008094805292785168,1.5450671911239624,0.0017694207851775435,nan,nan,nan,0,0
4,86,0.336719274520874,0.33504316210746765,0.11063507944345474,5.4278252719086595e-06,0.0,0.003352228319272399,0.0921015739440918,0.06381585963459319,0.06381586194038391,0.034430891275405884,0.02478855848312378,0.01946282759308815,0.0033444161526858807,0.00527948746457696,0.043065592646598816,1.5451656579971313,0.0017716292015706,nan,nan,nan,0,0
4,87,0.1793312430381775,0.1770128607749939,0.031964678317308426,5.428016265796032e-06,0.0,0.004636759404093027,0.08190625160932541,0.03921568869247593,0.03921568766236305,0.02812843583524227,0.016660500317811966,0.01871475763618946,0.0025568881537765265,0.003593778470531106,0.009969653561711311,1.5463461875915527,0.0017738285290268328,nan,nan,nan,0,0
4,88,0.24582409858703613,0.24299517273902893,0.05899454280734062,1.9643499399535358e-05,0.0,0.005657860543578863,0.07478125393390656,0.1256856683123701,0.1256856769323349,0.07732554525136948,0.053457144647836685,0.052635982632637024,0.007387715857475996,0.010596927255392075,0.06342366337776184,1.547366738319397,0.0017760187377834677,nan,nan,nan,0,0
4,89,0.3037268817424774,0.301492303609848,0.08989033848047256,5.4312940847012214e-06,0.0,0.004469131585210562,0.08314844220876694,0.08082714124740834,0.08082713931798935,0.046875033527612686,0.03488630801439285,0.03448476269841194,0.005119684152305126,0.007426430005580187,0.04299001768231392,1.5482488870620728,0.0017781997982011313,nan,nan,nan,0,0
4,90,0.2108166366815567,0.20945528149604797,0.04546448588371277,5.4302086027746554e-06,0.0,0.002722720382735133,0.09782031178474426,0.06020858847575295,0.06020858883857727,0.03640996292233467,0.027160657569766045,0.028485093265771866,0.003989323973655701,0.00509309396147728,0.026616396382451057,1.5528264045715332,0.0017803716807642507,nan,nan,nan,0,0
4,91,0.22890767455101013,0.2269638180732727,0.051363226026296616,5.515546490642009e-06,0.0,0.0038877183105796576,0.0876484364271164,0.013084180271466255,0.013084180653095245,0.007815418764948845,0.006176691502332687,0.004296055994927883,0.0010913077276200056,0.0023530267644673586,0.006839568726718426,1.5567820072174072,0.0017825343560814544,nan,nan,nan,0,0
4,92,0.3826259970664978,0.38122934103012085,0.14471378922462463,5.430328201327939e-06,0.0,0.0027932878583669662,0.09714844077825546,0.016253608955492403,0.016253609210252762,0.01044335588812828,0.008189328014850616,0.00887846015393734,0.0013587097637355328,0.002549772849306464,0.0009362371638417244,1.5598106384277344,0.0017846877948859698,nan,nan,nan,0,0
4,93,0.26140275597572327,0.2604593336582184,0.068880595266819,5.445097485790029e-06,0.0,0.0018868166953325272,0.10656250268220901,0.017539042219001957,0.017539042979478836,0.010372967459261417,0.007202204782515764,0.004681032616645098,0.0008258825982920825,0.001864776131696999,0.011048812419176102,1.5640828609466553,0.0017868319680360183,nan,nan,nan,0,0
4,94,0.3047381639480591,0.3040359318256378,0.0921255424618721,5.4313741202349775e-06,0.0,0.0014044938143342733,0.11252342909574509,0.05737232762583713,0.0573723278939724,0.024762997403740883,0.024047112092375755,0.019248994067311287,0.0029878218192607164,0.006505051162093878,0.04096764326095581,1.5676366090774536,0.0017889668465152107,nan,nan,nan,0,0
4,95,0.29286816716194153,0.2924151122570038,0.08503848314285278,5.4277970775729045e-06,0.0,0.0009061048040166497,0.11989843100309372,0.10798631793839582,0.10798631608486176,0.04905989021062851,0.047016095370054245,0.042194902896881104,0.005939824506640434,0.011617721058428288,0.07136522978544235,1.572129487991333,0.00179109240143294,nan,nan,nan,0,0
4,96,0.2940688133239746,0.29334741830825806,0.08574391156435013,5.428889380709734e-06,0.0,0.0014428129652515054,0.11201562732458115,0.02791957282097971,0.027919573709368706,0.011040954850614071,0.011620061472058296,0.006284456234425306,0.0015328559093177319,0.003991134464740753,0.02155924029648304,1.5774956941604614,0.0017932086040247709,nan,nan,nan,0,0
4,97,0.25828951597213745,0.25786036252975464,0.06627948582172394,5.428941221907735e-06,0.0,0.0008583073504269123,0.12070312350988388,0.02963404907240245,0.02963404916226864,0.012550265528261662,0.013023397885262966,0.00877606961876154,0.0015841096173971891,0.003931419458240271,0.0213558878749609,1.5822385549545288,0.0017953154256528307,nan,nan,nan,0,0
4,98,0.3129180371761322,0.31260260939598083,0.0970589816570282,5.445155238703592e-06,0.0,0.0006308735464699566,0.12488280981779099,0.05102268724767918,0.05102268606424332,0.024739786982536316,0.025218581780791283,0.026267709210515022,0.0033204646315425634,0.005421120207756758,0.02499748207628727,1.5876896381378174,0.0017974128378061966,nan,nan,nan,0,0
4,99,0.22263288497924805,0.22230175137519836,0.05039766803383827,5.429095836007036e-06,0.0,0.00066225795308128,0.1242656335234642,0.061356896009906875,0.06135689467191696,0.02563996985554695,0.026972696185112,0.024479176849126816,0.003480191109701991,0.007649157661944628,0.04135072976350784,1.592513918876648,0.0017995008121012798,nan,nan,nan,0,0
4,100,0.3591391444206238,0.3588559925556183,0.1278165876865387,5.427762971521588e-06,0.0,0.0005662910989485681,0.12620313465595245,0.0866068202157298,0.08660682290792465,0.03377782180905342,0.035028427839279175,0.0242204237729311,0.004734952002763748,0.015420649200677872,0.06546727567911148,1.5959227085113525,0.0018015793202822122,nan,nan,nan,0,0
4,101,0.23945336043834686,0.23917852342128754,0.05649951100349426,5.4265378821583e-06,0.0,0.0005496824742294848,0.1265546977519989,0.03383460278549885,0.03383460268378258,0.01692570373415947,0.017554668709635735,0.018501749262213707,0.002346558729186654,0.006018598098307848,0.012887587770819664,1.5960185527801514,0.0018036483342212268,nan,nan,nan,0,0
4,102,0.2308940887451172,0.23051121830940247,0.053370069712400436,5.428232725535054e-06,0.0,0.0007657321984879673,0.12232813984155655,0.12016760045288609,0.12016759812831879,0.046237073838710785,0.04928947240114212,0.033729128539562225,0.006828116253018379,0.02389480546116829,0.09009824693202972,1.5950546264648438,0.0018057078259190393,nan,nan,nan,0,0
4,103,0.21418088674545288,0.21415431797504425,0.0457548126578331,5.427762971521588e-06,0.0,5.313027941156179e-05,0.14271095395088196,0.019068613742868296,0.019068613648414612,0.007214751560240984,0.005738002248108387,0.005157757084816694,0.0016598562942817807,0.009507349692285061,0.012605056166648865,1.5911707878112793,0.001807757767505227,nan,nan,nan,0,0
4,104,0.1909346878528595,0.19078482687473297,0.03660513088107109,1.964297734957654e-05,0.0,0.0002997225383296609,0.132687509059906,0.03863508975972368,0.03863508999347687,0.012180483900010586,0.015033615753054619,0.012350406497716904,0.0021761234384030104,0.010332581587135792,0.029227830469608307,1.5876796245574951,0.001809798131238605,nan,nan,nan,0,0
4,105,0.48145580291748047,0.48133385181427,0.2320232391357422,5.442747806227999e-06,0.0,0.00024389667669311166,0.13438281416893005,0.015793487954540927,0.015793487429618835,0.00526704965159297,0.004498167894780636,0.0034067851956933737,0.001446435577236116,0.008938414044678211,0.01038582343608141,1.5835707187652588,0.001811828889507603,nan,nan,nan,0,0
4,106,0.42377912998199463,0.4237690269947052,0.1797787845134735,5.459948624775279e-06,0.0,2.0179802959319204e-05,0.1455078125,0.06035454272604038,0.06035454198718071,0.020712990313768387,0.024996420368552208,0.01758723147213459,0.0034832630772143602,0.015790022909641266,0.04492274671792984,1.5775758028030396,0.0018138500148306381,nan,nan,nan,0,0
4,107,0.28815361857414246,0.28814896941185,0.08522523939609528,5.4277893468679395e-06,0.0,9.28341796679888e-06,0.14695313572883606,0.24063662217365353,0.24063661694526672,0.07420212030410767,0.09271840751171112,0.055286992341279984,0.01514575257897377,0.08715561032295227,0.18144194781780243,1.5808002948760986,0.0018158614798564868,nan,nan,nan,0,0
4,108,0.29151055216789246,0.2914349436759949,0.0839238092303276,1.9642040570033714e-05,0.0,0.0001512133894721046,0.13770312070846558,0.10104901501669283,0.1010490134358406,0.03238430619239807,0.041453778743743896,0.02628043293952942,0.006259497255086899,0.033416569232940674,0.07481466978788376,1.5823578834533691,0.001817863257364655,nan,nan,nan,0,0
4,109,0.24254155158996582,0.24253492057323456,0.05883979797363281,5.427776613942115e-06,0.0,1.3254128134576604e-05,0.15364062786102295,0.10751231060247203,0.10751231014728546,0.03484277427196503,0.04046390578150749,0.02469349279999733,0.006341115105897188,0.03621853515505791,0.08213275671005249,1.5846134424209595,0.0018198553202657475,nan,nan,nan,0,0
4,110,0.18549983203411102,0.18549983203411102,0.0343867689371109,5.444193448056467e-06,0.0,1.0315716281183995e-08,0.15010157227516174,0.03976627693039722,0.039766278117895126,0.014230884611606598,0.01380582433193922,0.0056260814890265465,0.002087632892653346,0.011365791782736778,0.0319850854575634,1.5842225551605225,0.0018218376416018322,nan,nan,nan,0,0
4,111,0.1912926435470581,0.1912769079208374,0.03636477142572403,5.428224540082738e-06,0.0,3.14651224471163e-05,0.1556093841791153,0.20362037333688052,0.20362037420272827,0.059312403202056885,0.07167579978704453,0.03682296723127365,0.012533362954854965,0.08223029971122742,0.15662387013435364,1.5883668661117554,0.0018238101945468078,nan,nan,nan,0,0
4,112,0.21704217791557312,0.21704214811325073,0.04813180863857269,5.430193141364725e-06,0.0,5.493415500268384e-08,0.14976562559604645,0.08066870794890132,0.08066871017217636,0.027069970965385437,0.034814562648534775,0.026921743527054787,0.004254330415278673,0.016535598784685135,0.059550799429416656,1.5941581726074219,0.001825772952406765,nan,nan,nan,0,0
4,113,0.2706936001777649,0.270641952753067,0.0733988955616951,5.428865733847488e-06,0.0,0.00010330796067137271,0.16016405820846558,0.08975153887954428,0.08975154161453247,0.02511107549071312,0.03629957139492035,0.024438409134745598,0.004454629961401224,0.020226793363690376,0.07128050923347473,1.6004233360290527,0.0018277258886203473,nan,nan,nan,0,0
4,114,0.27682462334632874,0.2767653167247772,0.07856977730989456,5.426454208645737e-06,0.0,0.0001186058871098794,0.1608906388282776,0.12530260648196884,0.12530261278152466,0.04113990068435669,0.05339627340435982,0.0435621440410614,0.006168415769934654,0.020645739510655403,0.09378237277269363,1.6038627624511719,0.0018296689767591124,nan,nan,nan,0,0
4,115,0.3101429343223572,0.3101314604282379,0.09835430979728699,5.4442389227915555e-06,0.0,2.2935042579774745e-05,0.1547890603542328,0.11188575114530676,0.11188574880361557,0.03665849566459656,0.049534980207681656,0.04070513695478439,0.005628295708447695,0.018827736377716064,0.08171775937080383,1.605005145072937,0.0018316021905278887,nan,nan,nan,0,0
4,116,0.2575207054615021,0.25750190019607544,0.06542210280895233,5.443035206553759e-06,0.0,3.761137486435473e-05,0.15613281726837158,0.01259673852321586,0.012596738524734974,0.0037148231640458107,0.00412467448040843,0.004278029780834913,0.0010810891399160028,0.007332851644605398,0.007390802726149559,1.6059167385101318,0.0018335255037651302,nan,nan,nan,0,0
4,117,0.2963518500328064,0.29633980989456177,0.0870545506477356,5.4315742090693675e-06,0.0,2.407130887149833e-05,0.1549062579870224,0.08866420663311787,0.08866420388221741,0.02895345352590084,0.036109235137701035,0.026226503774523735,0.004538737703114748,0.019875543192029,0.0679389089345932,1.6047697067260742,0.0018354388904432727,nan,nan,nan,0,0
4,118,0.19645994901657104,0.19644416868686676,0.03863304480910301,5.43127271157573e-06,0.0,3.155278318445198e-05,0.15561719238758087,0.03619189139312496,0.03619189187884331,0.0136864073574543,0.01810358837246895,0.017229901626706123,0.002042509848251939,0.003952802624553442,0.021866168826818466,1.6024785041809082,0.001837342324669084,nan,nan,nan,0,0
4,119,0.2318073809146881,0.23176321387290955,0.05314704030752182,5.4264596656139474e-06,0.0,8.833049651002511e-05,0.15939843654632568,0.298635085560727,0.2986350953578949,0.09669671952724457,0.12685754895210266,0.09422901272773743,0.015260945074260235,0.05996913090348244,0.22590157389640808,1.605430245399475,0.0018392357806840155,nan,nan,nan,0,0
4,120,0.3813166618347168,0.3813154697418213,0.14507053792476654,1.9641835024231113e-05,0.0,2.3928673726913985e-06,0.14845311641693115,0.06534790175165431,0.06534790247678757,0.023184288293123245,0.029976680874824524,0.024832837283611298,0.0033565680496394634,0.00834139995276928,0.046224672347307205,1.606624960899353,0.0018411192328645508,nan,nan,nan,0,0
4,121,0.24261751770973206,0.2426173985004425,0.06014621630311012,5.429096745501738e-06,0.0,2.346212255588398e-07,0.14951562881469727,0.1979021879452385,0.19790218770503998,0.06647447496652603,0.09122369438409805,0.07384897023439407,0.010266907513141632,0.028497707098722458,0.14161023497581482,1.604886531829834,0.0018429926557225515,nan,nan,nan,0,0
4,122,0.38742005825042725,0.38741591572761536,0.1481512486934662,5.4291590458888095e-06,0.0,8.265540600405075e-06,0.1471250206232071,0.14550959269468644,0.14550958573818207,0.04846519976854324,0.06398753821849823,0.04936312511563301,0.00739139411598444,0.02427508495748043,0.10793113708496094,1.6016855239868164,0.0018448560239056027,nan,nan,nan,0,0
4,123,0.29842403531074524,0.2983925938606262,0.08797931671142578,5.427947144198697e-06,0.0,6.288010627031326e-05,0.14207030832767487,0.01839123580334369,0.018391236662864685,0.004941072780638933,0.007152491714805365,0.003783843480050564,0.0011362575460225344,0.005579500924795866,0.014694415032863617,1.5987308025360107,0.0018467093121973571,nan,nan,nan,0,0
4,124,0.26651376485824585,0.2664738893508911,0.06986598670482635,5.426789812190691e-06,0.0,7.973927131388336e-05,0.14107032120227814,0.10202525099939244,0.10202525556087494,0.03728397563099861,0.04302286356687546,0.029959790408611298,0.005399141926318407,0.018419960513710976,0.07682483643293381,1.5954740047454834,0.0018485524955178737,nan,nan,nan,0,0
4,125,0.2566244900226593,0.2565648555755615,0.06546393036842346,5.426541065389756e-06,0.0,0.00011928714957321063,0.13907814025878906,0.07966502847067447,0.07966502755880356,0.028512660413980484,0.032765328884124756,0.020272301509976387,0.0041486104018986225,0.016211580485105515,0.06139206513762474,1.592541217803955,0.00185038554892396,nan,nan,nan,0,0
4,126,0.26799747347831726,0.267801970243454,0.07161998003721237,5.426440111477859e-06,0.0,0.0003909888619091362,0.13022656738758087,0.02364090843381144,0.023640908300876617,0.009528660215437412,0.010345904156565666,0.00912100076675415,0.0013296675169840455,0.003082298906520009,0.016327835619449615,1.590121865272522,0.0018522084476095082,nan,nan,nan,0,0
4,127,0.23407521843910217,0.23393455147743225,0.05442308261990547,5.4266474762698635e-06,0.0,0.00028134803869761527,0.13322657346725464,0.2509708500108221,0.25097084045410156,0.09779617190361023,0.10298462957143784,0.07054789364337921,0.013570890761911869,0.04514263570308685,0.18872575461864471,1.589749813079834,0.00185402116690583,nan,nan,nan,0,0
4,128,0.23958776891231537,0.23908299207687378,0.0569891631603241,5.4339493544830475e-06,0.0,0.0010095520410686731,0.118226557970047,0.22916506722065919,0.22916507720947266,0.09286913275718689,0.10020478069782257,0.07482285052537918,0.012079770676791668,0.03306804597377777,0.1643565595149994,1.5897421836853027,0.0018558236822819923,nan,nan,nan,0,0
4,129,0.27185192704200745,0.2717609107494354,0.0735069289803505,5.426424195320578e-06,0.0,0.00018203938088845462,0.1365078091621399,0.09288949465556325,0.09288949519395828,0.03898846358060837,0.03805110231041908,0.025005677714943886,0.004959675949066877,0.015329902991652489,0.0691055953502655,1.588808298110962,0.0018576159693451484,nan,nan,nan,0,0
4,130,0.2596079707145691,0.2595275938510895,0.06722361594438553,5.426424195320578e-06,0.0,0.00016077431791927665,0.13732032477855682,0.04419261965848516,0.04419261962175369,0.018690556287765503,0.019331032410264015,0.01466797012835741,0.002375817857682705,0.008863965049386024,0.03050570748746395,1.5875564813613892,0.001859398003840867,nan,nan,nan,0,0
4,131,0.21010558307170868,0.21003198623657227,0.04393015056848526,5.426438292488456e-06,0.0,0.00014720504987053573,0.13786719739437103,0.10166956548001484,0.1016695648431778,0.0386359766125679,0.04165124148130417,0.029693182557821274,0.00544859329238534,0.016858771443367004,0.07689958065748215,1.5873943567276,0.0018611697616534627,nan,nan,nan,0,0
4,132,0.2588421702384949,0.25871315598487854,0.0671655610203743,5.432182661024854e-06,0.0,0.00025800385628826916,0.1339375078678131,0.018900882781137135,0.018900882452726364,0.009135992266237736,0.010510282590985298,0.01015395950525999,0.0013247326714918017,0.0042743980884552,0.006338981445878744,1.586928129196167,0.00186293121880632,nan,nan,nan,0,0
4,133,0.2789692282676697,0.2788243293762207,0.07908683270215988,5.428873919299804e-06,0.0,0.00028979763737879694,0.13297656178474426,0.15444594581339716,0.15444594621658325,0.057857394218444824,0.06582051515579224,0.044923871755599976,0.008239814080297947,0.02682320959866047,0.1156209260225296,1.5855571031570435,0.0018646823514622197,nan,nan,nan,0,0
4,134,0.2838625907897949,0.28358057141304016,0.07983227074146271,5.431526915344875e-06,0.0,0.0005640628514811397,0.1262499988079071,0.05597964320549142,0.055979643017053604,0.022390056401491165,0.024741368368268013,0.016294607892632484,0.0030219287145882845,0.00938545074313879,0.0407128669321537,1.5842690467834473,0.0018664231359236598,nan,nan,nan,0,0
4,135,0.3306547999382019,0.3305468261241913,0.10755454003810883,5.428031272458611e-06,0.0,0.00021595189173240215,0.13530470430850983,0.057308580065839373,0.057308584451675415,0.02297935076057911,0.02473352663218975,0.016426989808678627,0.0030924873426556587,0.009329534135758877,0.04216664284467697,1.5828415155410767,0.0018681535486331777,nan,nan,nan,0,0
4,136,0.32279402017593384,0.3227062523365021,0.10293439775705338,5.4296478992910124e-06,0.0,0.00017556232342030853,0.1367500126361847,0.012546449934171412,0.012546449899673462,0.005483731627464294,0.0065354411490261555,0.006584360729902983,0.0008692732662893832,0.0021452615037560463,0.005993205588310957,1.5817184448242188,0.0018698735661736676,nan,nan,nan,0,0
4,137,0.24117286503314972,0.24089820683002472,0.05778772756457329,1.96435212274082e-05,0.0,0.00054931640625,0.12656250596046448,0.06187388895950348,0.061873890459537506,0.023644952103495598,0.02596047706902027,0.014962354674935341,0.0034564032685011625,0.012942335568368435,0.04681906849145889,1.580641269683838,0.0018715831652686991,nan,nan,nan,0,0
4,138,0.2546544671058655,0.25464850664138794,0.06420550495386124,5.426692951004952e-06,0.0,1.1924042155442294e-05,0.1465468853712082,0.07451736448818855,0.07451736181974411,0.02480251155793667,0.02902798354625702,0.01797453500330448,0.004002685192972422,0.016438815742731094,0.0590398944914341,1.5792638063430786,0.0018732823227828304,nan,nan,nan,0,0
4,139,0.4115356504917145,0.41135141253471375,0.1681995987892151,5.427796622825554e-06,0.0,0.0003684602561406791,0.13080468773841858,0.04873599879679782,0.04873599857091904,0.016141878440976143,0.02278812974691391,0.014657990075647831,0.002738278592005372,0.009486839175224304,0.035818759351968765,1.5779656171798706,0.0018749710157219218,nan,nan,nan,0,0
4,140,0.2881394028663635,0.28793737292289734,0.08416002243757248,5.430547844298417e-06,0.0,0.00040407280903309584,0.12989844381809235,0.17105592806311992,0.17105592787265778,0.06569323688745499,0.07375845313072205,0.04863204434514046,0.008966024033725262,0.029786191880702972,0.12716735899448395,1.5758657455444336,0.0018766492212334489,nan,nan,nan,0,0
4,141,0.2908005714416504,0.29054516553878784,0.08394196629524231,5.427796622825554e-06,0.0,0.0005108311888761818,0.12739843130111694,0.03192012953557974,0.03192012757062912,0.014113438315689564,0.015057887881994247,0.00945401843637228,0.0018005610909312963,0.004227153025567532,0.02196534164249897,1.574160099029541,0.0018783169166068081,nan,nan,nan,0,0
4,142,0.29433903098106384,0.29399532079696655,0.0867534726858139,5.444073394755833e-06,0.0,0.0006874232203699648,0.1237812489271164,0.0507327375057757,0.05073273926973343,0.016275756061077118,0.019522884860634804,0.00794841069728136,0.00328942877240479,0.016474071890115738,0.03977907449007034,1.572952389717102,0.0018799740792736276,nan,nan,nan,0,0
4,143,0.21751528978347778,0.21692313253879547,0.046663399785757065,1.9641891412902623e-05,0.0,0.0011843281099572778,0.11558593809604645,0.0767445960717945,0.07674460113048553,0.044524986296892166,0.038068972527980804,0.03917934373021126,0.004705198109149933,0.013860151171684265,0.02662232704460621,1.5717779397964478,0.0018816206868080708,nan,nan,nan,0,0
4,144,0.20231026411056519,0.20195186138153076,0.04103054851293564,5.426781626738375e-06,0.0,0.0007168177980929613,0.12322655320167542,0.03731774658209073,0.03731774538755417,0.021311882883310318,0.01628154143691063,0.008778013288974762,0.001852312358096242,0.004101491998881102,0.024000467732548714,1.5700262784957886,0.0018832567169271399,nan,nan,nan,0,0
4,145,0.2493520975112915,0.24880553781986237,0.0617414265871048,5.428903932624962e-06,0.0,0.001093129045329988,0.11693750321865082,0.10492520006198983,0.10492520034313202,0.04435133561491966,0.040475402027368546,0.016569066792726517,0.006363747641444206,0.022615980356931686,0.08110169321298599,1.5678718090057373,0.0018848821474909778,nan,nan,nan,0,0
4,146,0.20833826065063477,0.20739687979221344,0.0432518869638443,5.436507763079135e-06,0.0,0.0018827469320967793,0.10660937428474426,0.1163102921114756,0.11631029099225998,0.05047686770558357,0.04965341463685036,0.03198256343603134,0.0062043434008955956,0.02140912599861622,0.08363599330186844,1.5660514831542969,0.0018864969565031686,nan,nan,nan,0,0
4,147,0.23227006196975708,0.23166681826114655,0.053835220634937286,5.430988494481426e-06,0.0,0.0012064763577654958,0.11526563763618469,0.03646652953318592,0.036466531455516815,0.02291698008775711,0.017003096640110016,0.00853563193231821,0.0019749130588024855,0.0024660355411469936,0.020800862461328506,1.564491629600525,0.0018881011221110332,nan,nan,nan,0,0
4,148,0.18644557893276215,0.18622541427612305,0.034834932535886765,5.431212684925413e-06,0.0,0.00044034363236278296,0.12901563942432404,0.6198601100597934,0.6198601126670837,0.25096988677978516,0.23732087016105652,0.09561822563409805,0.03814651072025299,0.1835368275642395,0.4697187542915344,1.5630340576171875,0.0018896946226059268,nan,nan,nan,0,0
4,149,0.30425143241882324,0.30386075377464294,0.09252101182937622,5.434353170130635e-06,0.0,0.000781377253588289,0.12204688042402267,0.06885403577691966,0.06885403394699097,0.02605375088751316,0.02739834226667881,0.013783367350697517,0.003907650709152222,0.018436744809150696,0.052595119923353195,1.5621362924575806,0.0018912774364235319,nan,nan,nan,0,0
4,150,0.34797877073287964,0.34778374433517456,0.12234729528427124,5.427767064247746e-06,0.0,0.0003900624578818679,0.1302500069141388,0.11407966293860941,0.11407966166734695,0.04305746406316757,0.04406429082155228,0.025813421234488487,0.006627557333558798,0.02653222344815731,0.08834221214056015,1.5624220371246338,0.0018928495421441502,nan,nan,nan,0,0
4,151,0.2764394283294678,0.2763376832008362,0.07629502564668655,5.42678435522248e-06,0.0,0.00020350853446871042,0.13573436439037323,0.2062259599514962,0.20622596144676208,0.07371167838573456,0.0764133483171463,0.037349384278059006,0.0116469981148839,0.05508306622505188,0.16337674856185913,1.5614492893218994,0.0018944109184929928,nan,nan,nan,0,0
4,152,0.24973398447036743,0.24960921704769135,0.0633714571595192,5.428912572824629e-06,0.0,0.00024954110267572105,0.13420313596725464,0.05815541975402438,0.058155421167612076,0.031512726098299026,0.01958397403359413,0.014494908042252064,0.0026064796838909388,0.007279460318386555,0.04166032001376152,1.5611058473587036,0.0018959615443404677,nan,nan,nan,0,0
4,153,0.2860336899757385,0.2858421802520752,0.08222996443510056,1.9642917322926223e-05,0.0,0.00038299686275422573,0.1304297000169754,0.26526416839464345,0.2652641534805298,0.0984787568449974,0.10995057225227356,0.07294579595327377,0.014346259646117687,0.05251177400350571,0.20073239505290985,1.5618385076522827,0.0018975013987024658,nan,nan,nan,0,0
4,154,0.2359466552734375,0.2359110563993454,0.05597444996237755,5.4267079576675314e-06,0.0,7.119139627320692e-05,0.14156250655651093,0.05721207894330064,0.05721207708120346,0.02175508253276348,0.02185947075486183,0.015030325390398502,0.0030385933350771666,0.010880029760301113,0.044368717819452286,1.5636038780212402,0.0018990304607406454,nan,nan,nan,0,0
4,155,0.22810830175876617,0.2280862033367157,0.052415527403354645,5.428849362942856e-06,0.0,4.420170444063842e-05,0.14335156977176666,0.13426346512637077,0.13426347076892853,0.049937427043914795,0.05626504868268967,0.038203611969947815,0.0071869827806949615,0.023861020803451538,0.10142316669225693,1.5639475584030151,0.0019005487097627132,nan,nan,nan,0,0
4,156,0.24535684287548065,0.24532830715179443,0.05967222526669502,5.427781616162974e-06,0.0,5.707341551897116e-05,0.14244531095027924,0.05672796600595433,0.05672796443104744,0.022314541041851044,0.02393367327749729,0.015921615064144135,0.003010496264323592,0.009286245331168175,0.042408812791109085,1.5634918212890625,0.0019020561252227049,nan,nan,nan,0,0
4,157,0.24096526205539703,0.24091999232769012,0.05901537463068962,5.428858003142523e-06,0.0,9.054718248080462e-05,0.14048437774181366,0.039777624472012336,0.03977762535214424,0.016298765316605568,0.018645036965608597,0.016042467206716537,0.002224734053015709,0.004028522875159979,0.02627609297633171,1.563818097114563,0.0019035526867212638,nan,nan,nan,0,0
4,158,0.2255837768316269,0.2255835235118866,0.05105607211589813,5.426426469057333e-06,0.0,4.943864269080223e-07,0.15070313215255737,0.11767764298184959,0.11767764389514923,0.04040580615401268,0.049482569098472595,0.03231843560934067,0.006183670833706856,0.02312478981912136,0.09027402102947235,1.5631121397018433,0.0019050383740059158,nan,nan,nan,0,0
4,159,0.19667986035346985,0.19665873050689697,0.039592429995536804,5.428856184153119e-06,0.0,4.2250074329786e-05,0.14350000023841858,0.049754253845063774,0.04975425451993942,0.0186292827129364,0.022042913362383842,0.015469277277588844,0.002732893219217658,0.007662477903068066,0.03656589612364769,1.5619702339172363,0.0019065131669713446,nan,nan,nan,0,0
4,160,0.3307605981826782,0.33071523904800415,0.11001314967870712,5.426528787211282e-06,0.0,9.069584484677762e-05,0.14047656953334808,0.08434786154852908,0.08434785902500153,0.03088017925620079,0.033336106687784195,0.022949479520320892,0.004461237695068121,0.015929965302348137,0.06518692523241043,1.5624449253082275,0.0019079770456596618,nan,nan,nan,0,0
4,161,0.19950483739376068,0.1994977444410324,0.039392367005348206,5.426424195320578e-06,0.0,1.4179951904225163e-05,0.14623437821865082,0.17880145426746305,0.17880146205425262,0.06413371860980988,0.06810226291418076,0.04294559732079506,0.009596616961061954,0.03785376250743866,0.1408885419368744,1.5647783279418945,0.0019094299902606795,nan,nan,nan,0,0
4,162,0.2518715262413025,0.2518709599971771,0.06350484490394592,5.426472853287123e-06,0.0,1.145586224993167e-06,0.1489296853542328,0.046300119114275694,0.046300120651721954,0.015690140426158905,0.017978843301534653,0.011492036283016205,0.0024200419429689646,0.009671336971223354,0.03664455562829971,1.5662202835083008,0.0019108719811121771,nan,nan,nan,0,0
4,163,0.2475176602602005,0.24751582741737366,0.06381157785654068,5.42781526746694e-06,0.0,3.6636033655668143e-06,0.14808595180511475,0.08326194922684942,0.08326195180416107,0.029467882588505745,0.03447827696800232,0.02397756837308407,0.00434634555131197,0.014843984507024288,0.0637282207608223,1.5662531852722168,0.0019123029987001671,nan,nan,nan,0,0
4,164,0.237047016620636,0.23704510927200317,0.05626234412193298,5.428863460110733e-06,0.0,3.814697265625e-06,0.14804688096046448,0.01823301275462804,0.018233012408018112,0.007454707287251949,0.0055290209129452705,0.001787074375897646,0.0009105514618568122,0.0045734308660030365,0.014878205955028534,1.5659974813461304,0.0019137230236591595,nan,nan,nan,0,0
4,165,0.23563145101070404,0.2356271892786026,0.056054215878248215,5.426453753898386e-06,0.0,8.537378562323283e-06,0.14707812666893005,0.0608105735270873,0.060810573399066925,0.020766977220773697,0.024530889466404915,0.016591213643550873,0.003119351575151086,0.012103595770895481,0.04725884273648262,1.5662776231765747,0.0019151320367724242,nan,nan,nan,0,0
4,166,0.1994551420211792,0.1994543969631195,0.03945206105709076,5.426424195320578e-06,0.0,1.485354232499958e-06,0.15121875703334808,0.041813149683636676,0.04181315004825592,0.014116997830569744,0.015916038304567337,0.009351941756904125,0.002153581939637661,0.008654766716063023,0.033596545457839966,1.5657970905303955,0.001916530018972251,nan,nan,nan,0,0
4,167,0.34661856293678284,0.34661704301834106,0.11937949806451797,5.426521056506317e-06,0.0,3.0624732971773483e-06,0.15174999833106995,0.05525606495171714,0.05525606498122215,0.019321581348776817,0.023581862449645996,0.017059562727808952,0.002965866355225444,0.009464789181947708,0.04164610058069229,1.5661671161651611,0.0019179169513402067,nan,nan,nan,0,0
4,168,0.2564725875854492,0.25646498799324036,0.066449835896492,5.426426469057333e-06,0.0,1.5197731954685878e-05,0.1538984328508377,0.04565332889166851,0.0456533282995224,0.015804149210453033,0.019375938922166824,0.014556368812918663,0.002328275004401803,0.007011692970991135,0.03453340008854866,1.565791130065918,0.0019192928151073928,nan,nan,nan,0,0
4,169,0.26879528164863586,0.26879528164863586,0.07118604332208633,5.445327133202227e-06,0.0,1.1962786317099017e-08,0.15010938048362732,0.07131490073096516,0.07131490111351013,0.025490012019872665,0.027759501710534096,0.018941683694720268,0.0036844389978796244,0.013288324698805809,0.05582600086927414,1.5666828155517578,0.0019206575916546973,nan,nan,nan,0,0
4,170,0.23698337376117706,0.23694315552711487,0.056369759142398834,1.9642979168565944e-05,0.0,8.043857815209776e-05,0.14103125035762787,0.017955522197232163,0.017955521121621132,0.007489579729735851,0.009438659995794296,0.008554023690521717,0.0009804184082895517,0.001298964605666697,0.010069698095321655,1.566981315612793,0.0019220112625130492,nan,nan,nan,0,0
4,171,0.23075227439403534,0.23071818053722382,0.05350678786635399,5.427782525657676e-06,0.0,6.81913661537692e-05,0.15825781226158142,0.04800853602513238,0.04800853505730629,0.015905385836958885,0.015501667745411396,0.0058591593988239765,0.0026877070777118206,0.014533335343003273,0.03948120027780533,1.567736268043518,0.0019233538093636664,nan,nan,nan,0,0
4,172,0.18277545273303986,0.18274301290512085,0.0331416092813015,5.426588359114248e-06,0.0,6.487801147159189e-05,0.15805469453334808,0.08479357272353927,0.0847935751080513,0.030174026265740395,0.03743632882833481,0.02963828667998314,0.0043809362687170506,0.011908314190804958,0.06195620074868202,1.5668597221374512,0.0019246852140383042,nan,nan,nan,0,0
4,173,0.29941970109939575,0.29941970109939575,0.08923506736755371,5.426746156445006e-06,0.0,2.4415179211700888e-08,0.1498437523841858,0.05744650243839139,0.05744650214910507,0.017683126032352448,0.024732569232583046,0.017770901322364807,0.0030195722356438637,0.010416998527944088,0.04407120496034622,1.56686532497406,0.0019260054585195018,nan,nan,nan,0,0
4,174,0.25216594338417053,0.2521651089191437,0.0635862872004509,5.428863460110733e-06,0.0,1.6617005940133822e-06,0.15128907561302185,0.04810871454756821,0.04810871556401253,0.01510542631149292,0.020573990419507027,0.014515380375087261,0.0025684689171612263,0.009053681045770645,0.03692862018942833,1.5661808252334595,0.0019273145249408253,nan,nan,nan,0,0
4,175,0.29989755153656006,0.299881249666214,0.09015172719955444,5.4282536439131945e-06,0.0,3.26148874592036e-05,0.15571095049381256,0.07391363123443061,0.07391363382339478,0.02557642199099064,0.03510084003210068,0.027870280668139458,0.003979699220508337,0.00917616207152605,0.05196354538202286,1.5664669275283813,0.0019286123955871098,nan,nan,nan,0,0
4,176,0.27480435371398926,0.274801105260849,0.07507094740867615,5.428858003142523e-06,0.0,6.526414836116601e-06,0.14744532108306885,0.11811917666348182,0.11811917275190353,0.04184673726558685,0.05173654109239578,0.03826240822672844,0.006273283157497644,0.019031934440135956,0.087514229118824,1.5678925514221191,0.0019298990528946994,nan,nan,nan,0,0
4,177,0.26302289962768555,0.2630009651184082,0.0678069144487381,5.449585387395928e-06,0.0,4.389058085507713e-05,0.14337500929832458,0.06559389838061915,0.0655938982963562,0.024087488651275635,0.029670214280486107,0.02241070382297039,0.0034573927987366915,0.008865328505635262,0.047426190227270126,1.5685793161392212,0.0019311744794516844,nan,nan,nan,0,0
4,178,0.36242273449897766,0.36240798234939575,0.13287097215652466,5.426424195320578e-06,0.0,2.9481641831807792e-05,0.14457030594348907,0.08929014362973837,0.08929014205932617,0.03387599065899849,0.040242016315460205,0.029920393601059914,0.004737538285553455,0.012173359282314777,0.06434176117181778,1.5687906742095947,0.001932438657998137,nan,nan,nan,0,0
4,179,0.2505255937576294,0.2503924071788788,0.06244015321135521,5.431465524452506e-06,0.0,0.000266352784819901,0.13367968797683716,0.019788884855607782,0.01978888548910618,0.007845631800591946,0.010798116214573383,0.01031946949660778,0.0013547901762649417,0.002442376222461462,0.009957640431821346,1.568992257118225,0.0019336915714263454,nan,nan,nan,0,0
4,180,0.22961273789405823,0.22958306968212128,0.05252014100551605,5.427762062026886e-06,0.0,5.9338140999898314e-05,0.14229688048362732,0.10321122711845189,0.10321122407913208,0.03884880617260933,0.04266315698623657,0.027777621522545815,0.005602266173809767,0.018152333796024323,0.07868096232414246,1.5691646337509155,0.0019349332027810448,nan,nan,nan,0,0
4,181,0.2773842215538025,0.2773452401161194,0.0771675556898117,5.42659927305067e-06,0.0,7.793593977112323e-05,0.1411718726158142,0.16998418702995718,0.16998419165611267,0.06147246062755585,0.06982307136058807,0.04285597428679466,0.009283604100346565,0.033334583044052124,0.1311734914779663,1.5693371295928955,0.0019361635352596468,nan,nan,nan,0,0
4,182,0.20543117821216583,0.20517133176326752,0.042033277451992035,5.4305287449096795e-06,0.0,0.0005196972633711994,0.12720313668251038,0.05387844878398415,0.05387844890356064,0.023655377328395844,0.023674828931689262,0.01842947117984295,0.0028373515233397484,0.005898577161133289,0.03742089867591858,1.5694799423217773,0.001937382552212467,nan,nan,nan,0,0
4,183,0.18566879630088806,0.18523941934108734,0.03426164388656616,3.3853273635031655e-05,0.0,0.0008587649208493531,0.1206953153014183,0.046114958208420195,0.0461149588227272,0.014962436631321907,0.01775275357067585,0.00510814692825079,0.002860290464013815,0.012398951686918736,0.03741050884127617,1.5696020126342773,0.0019385902371429507,nan,nan,nan,0,0
4,184,0.19117732346057892,0.19077008962631226,0.03668631613254547,5.427914402389433e-06,0.0,0.0008144784369505942,0.1214609369635582,0.011844976774840152,0.011844976805150509,0.006551384925842285,0.005446074530482292,0.0024170810356736183,0.0009326704312115908,0.0035540645476430655,0.006955542601644993,1.5697063207626343,0.0019397865737078952,nan,nan,nan,0,0
4,185,0.2174941897392273,0.21724943816661835,0.04768376052379608,5.428216809377773e-06,0.0,0.0004895158926956356,0.12787500023841858,0.013949746104946491,0.013949746266007423,0.005711114499717951,0.005092748906463385,0.0024166267830878496,0.0008862180402502418,0.005676866974681616,0.0098585095256567,1.5697953701019287,0.0019409715457176717,nan,nan,nan,0,0
4,186,0.2599213123321533,0.2592434585094452,0.06671545654535294,5.432624220702564e-06,0.0,0.0013557361671701074,0.11317968368530273,0.10189640679330941,0.10189640522003174,0.041352298110723495,0.042728547006845474,0.02732185833156109,0.005371638108044863,0.016630249097943306,0.07612642645835876,1.569871425628662,0.0019421451371364443,nan,nan,nan,0,0
4,187,0.23270376026630402,0.2319353222846985,0.05346865952014923,1.96610653802054e-05,0.0,0.0015368848107755184,0.11079688370227814,0.09350934092823109,0.09350933879613876,0.041786760091781616,0.03586037829518318,0.0260903500020504,0.004920432344079018,0.013729413039982319,0.06941529363393784,1.5699363946914673,0.0019433073320823866,nan,nan,nan,0,0
4,188,0.31332436203956604,0.3131314814090729,0.09708228707313538,5.426431016530842e-06,0.0,0.0003857541305478662,0.13035938143730164,0.12478575135425976,0.12478575110435486,0.04877302795648575,0.04993532970547676,0.02903519570827484,0.006729387678205967,0.0237154271453619,0.09616854786872864,1.569991946220398,0.0019444581148278974,nan,nan,nan,0,0
4,189,0.20420198142528534,0.20390185713768005,0.04111313819885254,5.428251824923791e-06,0.0,0.0006002498557791114,0.12550000846385956,0.11258971557333465,0.11258971691131592,0.05017237737774849,0.047892872244119644,0.03277366980910301,0.005689708050340414,0.014029128476977348,0.08100707828998566,1.5700393915176392,0.0019455974697998124,nan,nan,nan,0,0
4,190,0.3086056709289551,0.30838778614997864,0.09471846371889114,5.426449661172228e-06,0.0,0.00043576591997407377,0.12912499904632568,0.16986979658006937,0.1698697954416275,0.07091258466243744,0.06967240571975708,0.04396672174334526,0.009208319708704948,0.02702627144753933,0.12737591564655304,1.5700798034667969,0.0019467253815796165,nan,nan,nan,0,0
5,1,0.20186296105384827,0.20151658356189728,0.04029196873307228,5.430288183561061e-06,0.0,0.000692759407684207,0.12367968261241913,0.0720965193721782,0.07209651917219162,0.028766527771949768,0.0294082872569561,0.015277842059731483,0.003988225013017654,0.014367581345140934,0.055225010961294174,1.5700238943099976,0.0019478418349036502,nan,nan,nan,0,0
5,2,0.2730119824409485,0.2728463113307953,0.0744311586022377,5.426431016530842e-06,0.0,0.00033135374542325735,0.13179688155651093,0.06579372259981565,0.0657937228679657,0.029645206406712532,0.028594424948096275,0.020017102360725403,0.0033260625787079334,0.0078205531463027,0.04646962881088257,1.5699599981307983,0.0019489468146633188,nan,nan,nan,0,0
5,3,0.23886676132678986,0.23870278894901276,0.05661891773343086,5.427868018159643e-06,0.0,0.0003279496741015464,0.13189062476158142,0.03750391879257665,0.0375039204955101,0.01617719791829586,0.017927074804902077,0.015831680968403816,0.002211137441918254,0.003781367791816592,0.02352938987314701,1.5699741840362549,0.0019500403059052951,nan,nan,nan,0,0
5,4,0.3386628329753876,0.33862239122390747,0.11353064328432083,5.426824827736709e-06,0.0,8.085957233561203e-05,0.14100781083106995,0.011124128517477743,0.011124128475785255,0.004387704189866781,0.005230383947491646,0.0020825129467993975,0.0007553041796199977,0.0030740867368876934,0.007923384197056293,1.5699572563171387,0.001951122293831722,nan,nan,nan,0,0
5,5,0.28413382172584534,0.2841258645057678,0.08016691356897354,5.426431926025543e-06,0.0,1.593754132045433e-05,0.14600782096385956,0.03608271230029924,0.036082711070775986,0.01553319487720728,0.014914863742887974,0.011004675179719925,0.0019323629094287753,0.005379591137170792,0.026162032037973404,1.5700217485427856,0.0019521927638004133,nan,nan,nan,0,0
5,6,0.28847983479499817,0.288329154253006,0.08329303562641144,5.43612077308353e-06,0.0,0.00030134792905300856,0.13264063000679016,0.12452967218219006,0.12452967464923859,0.04639831557869911,0.056072480976581573,0.041850149631500244,0.006801968440413475,0.017404261976480484,0.09005610644817352,1.5704847574234009,0.0019532517013250515,nan,nan,nan,0,0
5,7,0.24802932143211365,0.2478896975517273,0.06121935695409775,5.432142188510625e-06,0.0,0.0002792554150801152,0.13328906893730164,0.0466251017404121,0.046625103801488876,0.01763676293194294,0.01856140047311783,0.014306925237178802,0.0025682852137833834,0.008125615306198597,0.03522796183824539,1.5712387561798096,0.0019542990920753834,nan,nan,nan,0,0
5,8,0.18471936881542206,0.18471811711788177,0.034333840012550354,5.426424195320578e-06,0.0,2.515175765438471e-06,0.14841407537460327,0.0297338122072321,0.02973381243646145,0.010632080025970936,0.01261704321950674,0.008759931661188602,0.001597523340024054,0.005043611396104097,0.02251981757581234,1.5714000463485718,0.001955334921877415,nan,nan,nan,0,0
5,9,0.295413613319397,0.2954091429710388,0.0877256989479065,5.429261364042759e-06,0.0,8.953158612712286e-06,0.14700782299041748,0.0550164660657886,0.05501646548509598,0.019678574055433273,0.024311767891049385,0.01738014817237854,0.002904917811974883,0.008366603404283524,0.04084109514951706,1.5705522298812866,0.0019563591767136033,nan,nan,nan,0,0
5,10,0.32848477363586426,0.32844221591949463,0.10717738419771194,5.427759788290132e-06,0.0,8.512941712979227e-05,0.15922656655311584,0.054580462178019186,0.054580461233854294,0.018543805927038193,0.024360986426472664,0.019038576632738113,0.0028965536039322615,0.007776760030537844,0.04012930393218994,1.5689936876296997,0.0019573718427230444,nan,nan,nan,0,0
5,11,0.23650653660297394,0.2364593893289566,0.05635758861899376,5.428856184153119e-06,0.0,9.43023114814423e-05,0.15971094369888306,0.0728103330014914,0.0728103369474411,0.022751739248633385,0.03234486281871796,0.024787504225969315,0.003889982821419835,0.011877262964844704,0.05446917563676834,1.5665146112442017,0.001958372906201662,nan,nan,nan,0,0
5,12,0.2611905038356781,0.2611779272556305,0.06802599132061005,5.43480200576596e-06,0.0,2.515635969757568e-05,0.15501561760902405,0.025507433933393192,0.025507433339953423,0.00914076715707779,0.011687690392136574,0.009515606798231602,0.0013690028572455049,0.0031799478456377983,0.018109126016497612,1.5635484457015991,0.0019593623536023953,nan,nan,nan,0,0
5,13,0.27709004282951355,0.2770846486091614,0.07606502622365952,5.437224899651483e-06,0.0,1.0817907423188444e-05,0.1532890647649765,0.036841056252536766,0.03684105724096298,0.01361792255192995,0.016526568681001663,0.012082939967513084,0.001950806938111782,0.005465788301080465,0.02681436575949192,1.5597108602523804,0.0019603401715353767,nan,nan,nan,0,0
5,14,0.22762243449687958,0.2276156097650528,0.05211246386170387,1.9640521713881753e-05,0.0,1.3655419934366364e-05,0.1463046818971634,0.08001847086545316,0.08001846820116043,0.02673490345478058,0.035068463534116745,0.023870540782809258,0.0042771827429533005,0.014014381915330887,0.06061273440718651,1.5534398555755615,0.001961306346768119,nan,nan,nan,0,0
5,15,0.2434719204902649,0.24346651136875153,0.058342572301626205,5.426465122582158e-06,0.0,1.0817907423188444e-05,0.14671094715595245,0.02235792876191182,0.02235792949795723,0.008857982233166695,0.010637762024998665,0.00769632775336504,0.001167192473076284,0.0024369927123188972,0.015547231771051884,1.5473570823669434,0.001962260866225691,nan,nan,nan,0,0
5,16,0.3139148950576782,0.31381678581237793,0.09805900603532791,3.385454328963533e-05,0.0,0.00019621865067165345,0.13599219918251038,0.07702884603499188,0.07702884823083878,0.028448225930333138,0.03220357000827789,0.020077329128980637,0.004165015649050474,0.014075449667870998,0.05889403074979782,1.5450383424758911,0.0019632037169908948,nan,nan,nan,0,0
5,17,0.29833775758743286,0.2982829511165619,0.08985748887062073,5.428848453448154e-06,0.0,0.0001095947518479079,0.13953125476837158,0.05636611186078689,0.05636611208319664,0.02128027193248272,0.023312082514166832,0.016156041994690895,0.0030604805797338486,0.00953487865626812,0.04265603423118591,1.545038104057312,0.0019641348863044415,nan,nan,nan,0,0
5,18,0.23355352878570557,0.23354148864746094,0.05400504171848297,5.427759333542781e-06,0.0,2.4071454390650615e-05,0.14509373903274536,0.008431079005693077,0.008431078866124153,0.003639447968453169,0.0020262945909053087,0.0009618603507988155,0.00043412696686573327,0.0030302416998893023,0.006590571720153093,1.545037865638733,0.0019650543615651237,nan,nan,nan,0,0
5,19,0.2180037945508957,0.21786805987358093,0.04721178114414215,5.444558610179229e-06,0.0,0.00027147692162543535,0.13352344930171967,0.005342709998900581,0.005342709831893444,0.0025395886041224003,0.002449978142976761,0.0024509315844625235,0.0005990911740809679,0.002478495705872774,0.0018930742517113686,1.5450376272201538,0.0019659621303299854,nan,nan,nan,0,0
5,20,0.24327628314495087,0.24305889010429382,0.05944131314754486,1.9645580323413014e-05,0.0,0.0004347878566477448,0.1291484385728836,0.11684937599633761,0.1168493777513504,0.04119864106178284,0.04714901000261307,0.026239518076181412,0.0065305489115417,0.025315405800938606,0.09144063293933868,1.5450373888015747,0.001966858180314491,nan,nan,nan,0,0
5,21,0.2545183598995209,0.25441694259643555,0.06449783593416214,1.9640492610051297e-05,0.0,0.0002028398885158822,0.13575781881809235,0.17841600093587126,0.17841599881649017,0.07032658904790878,0.07275605201721191,0.042955704033374786,0.009874503128230572,0.03337480127811432,0.13614852726459503,1.5450371503829956,0.0019677424993926906,nan,nan,nan,0,0
5,22,0.2938506603240967,0.29376307129859924,0.08741740882396698,5.442731890070718e-06,0.0,0.0001751487288856879,0.13676562905311584,0.013657782313157842,0.013657782226800919,0.0047584278509020805,0.005247796885669231,0.0010095612378790975,0.000903839769307524,0.004383669700473547,0.010737798176705837,1.5450369119644165,0.0019686150755973855,nan,nan,nan,0,0
5,23,0.3152867257595062,0.315248042345047,0.09993669390678406,5.428855729405768e-06,0.0,7.738493150100112e-05,0.1412031352519989,0.24999212031805867,0.24999211728572845,0.09458757936954498,0.09387192875146866,0.04379533603787422,0.013915928080677986,0.055808570235967636,0.1987738162279129,1.5450366735458374,0.0019694758971202896,nan,nan,nan,0,0
5,24,0.268998920917511,0.2688460648059845,0.07196061313152313,1.9641805920400657e-05,0.0,0.0003057036083191633,0.13251562416553497,0.1196961416042637,0.11969614028930664,0.04327152296900749,0.04457083344459534,0.016512595117092133,0.007170593366026878,0.031967297196388245,0.09551016241312027,1.5450364351272583,0.001970324952312188,nan,nan,nan,0,0
5,25,0.3134475350379944,0.31309059262275696,0.0960705578327179,1.9642913684947416e-05,0.0,0.0007138920482248068,0.12328124791383743,0.056985911067956495,0.05698591098189354,0.020541571080684662,0.01998930610716343,0.008710930123925209,0.003065921366214752,0.013381433673202991,0.04649217799305916,1.5450361967086792,0.0019711622296830975,nan,nan,nan,0,0
5,26,0.2642612159252167,0.2641477882862091,0.06854507327079773,5.426431016530842e-06,0.0,0.00022687879391014576,0.13493750989437103,0.02008866216144935,0.020088661462068558,0.010455491952598095,0.01199294626712799,0.00989022571593523,0.001137200160883367,0.0031893993727862835,0.006412816699594259,1.5450359582901,0.001971987717902418,nan,nan,nan,0,0
5,27,0.3347964584827423,0.3345125615596771,0.1114250123500824,5.43021587873227e-06,0.0,0.0005677799927070737,0.12617187201976776,0.11095961426177271,0.11095961183309555,0.04500352963805199,0.044283438473939896,0.018709858879446983,0.006344439461827278,0.02402445860207081,0.08578000962734222,1.545035719871521,0.00197280140579909,nan,nan,nan,0,0
5,28,0.432139128446579,0.43182820081710815,0.18457289040088654,5.443318514153361e-06,0.0,0.0006218786584213376,0.1250625103712082,0.27585617917055005,0.2758561670780182,0.10174001753330231,0.10023157298564911,0.03355367109179497,0.016502054408192635,0.07342780381441116,0.22115474939346313,1.545035481452942,0.0019736032823617425,nan,nan,nan,0,0
5,29,0.19772914052009583,0.197551891207695,0.038347646594047546,5.435709226730978e-06,0.0,0.0003544982464518398,0.13117188215255737,0.0872566027769235,0.08725660294294357,0.029330069199204445,0.034826502203941345,0.013023119419813156,0.0054002865217626095,0.023579884320497513,0.0691794827580452,1.5450352430343628,0.0019743933367388448,nan,nan,nan,0,0
5,30,0.2260599434375763,0.22590157389640808,0.05157928168773651,5.432120815385133e-06,0.0,0.0003167292452417314,0.1322031170129776,0.018630584464663313,0.018630584701895714,0.009115359745919704,0.005453695077449083,0.003582178382202983,0.0007395907305181026,0.003994809463620186,0.014315327629446983,1.5450330972671509,0.00197517155823885,nan,nan,nan,0,0
5,31,0.26536840200424194,0.2652171850204468,0.06963816285133362,5.4264596656139474e-06,0.0,0.0003024337929673493,0.13260938227176666,0.1437429933678244,0.14374299347400665,0.05947791785001755,0.05991470441222191,0.02187282405793667,0.008820830844342709,0.0366397388279438,0.10787008702754974,1.545031189918518,0.0019759379363303445,nan,nan,nan,0,0
5,32,0.2657177746295929,0.2655915319919586,0.07091785222291946,5.426438747235807e-06,0.0,0.0002525120507925749,0.13410937786102295,0.2626200130374149,0.2626200020313263,0.09808870404958725,0.10007748752832413,0.03184962272644043,0.016132188960909843,0.06697427481412888,0.2087394893169403,1.5450295209884644,0.0019766924606421845,nan,nan,nan,0,0
5,33,0.29240304231643677,0.2922535836696625,0.08591555804014206,5.426737061497988e-06,0.0,0.0002989115018863231,0.13271094858646393,0.02938216660025496,0.029382165521383286,0.015761984512209892,0.01235939096659422,0.007565985433757305,0.0014304779469966888,0.0036271580029278994,0.019740069285035133,1.5450280904769897,0.0019774351209636415,nan,nan,nan,0,0
5,34,0.2166241854429245,0.2165335863828659,0.05041611194610596,5.430640612757998e-06,0.0,0.00018119675223715603,0.13653907179832458,0.3465267728364371,0.34652677178382874,0.13518325984477997,0.12473640590906143,0.04136941209435463,0.02099502831697464,0.09042692929506302,0.27553197741508484,1.5450267791748047,0.001978165907244538,nan,nan,nan,0,0
5,35,0.20370279252529144,0.20350714027881622,0.041672687977552414,5.428431450127391e-06,0.0,0.00039129771175794303,0.1302187591791153,0.03794708951639738,0.03794708847999573,0.011964309960603714,0.008319388143718243,0.0025468880776315928,0.0022128887940198183,0.016378318890929222,0.03078947588801384,1.5450257062911987,0.001978884809595383,nan,nan,nan,0,0
5,36,0.2755085229873657,0.2750379145145416,0.07565408200025558,1.964081820915453e-05,0.0,0.0009412432555109262,0.11932031810283661,0.01618773772225869,0.01618773862719536,0.006916658952832222,0.0074751717038452625,0.006309064570814371,0.001031131367199123,0.0022258195094764233,0.010606728494167328,1.5450247526168823,0.001979591818287509,nan,nan,nan,0,0
5,37,0.23766449093818665,0.23754677176475525,0.05593287944793701,5.42785619472852e-06,0.0,0.00023543083807453513,0.13465625047683716,0.1730701761008038,0.17307017743587494,0.06192934885621071,0.06257500499486923,0.021832160651683807,0.010483816266059875,0.05164460837841034,0.13765424489974976,1.5450239181518555,0.0019802869237532,nan,nan,nan,0,0
5,38,0.2161237895488739,0.21586661040782928,0.047220658510923386,5.430206329037901e-06,0.0,0.0005143681773915887,0.1273203194141388,0.03259872958165606,0.03259873017668724,0.020701920613646507,0.019696353003382683,0.006856041494756937,0.0012995925499126315,0.002351114060729742,0.01385421771556139,1.5450230836868286,0.001980970116585822,nan,nan,nan,0,0
5,39,0.20687945187091827,0.20687663555145264,0.04271766170859337,5.426431016530842e-06,0.0,5.640656581817893e-06,0.14762499928474426,0.6242934646103979,0.6242934465408325,0.21871888637542725,0.22621771693229675,0.07732231169939041,0.03616603463888168,0.17440564930438995,0.5030167698860168,1.5450223684310913,0.0019816413875399517,nan,nan,nan,0,0
5,40,0.24385054409503937,0.24359706044197083,0.058862123638391495,5.427767518995097e-06,0.0,0.0005069540347903967,0.12748436629772186,0.10585274334888489,0.10585274547338486,0.04214709252119064,0.045498453080654144,0.023999258875846863,0.005646938923746347,0.018444838002324104,0.08006405085325241,1.5450217723846436,0.0019823007275315005,nan,nan,nan,0,0
5,41,0.34299036860466003,0.3429187536239624,0.11911487579345703,5.43382748219301e-06,0.0,0.0001432509016012773,0.1380312591791153,0.0902649312914602,0.0902649313211441,0.033398400992155075,0.03767431899905205,0.019232256338000298,0.005042877048254013,0.01898232288658619,0.0696944147348404,1.5450211763381958,0.001982948127637837,nan,nan,nan,0,0
5,42,0.20595291256904602,0.2059129774570465,0.042296189814805984,5.4264673963189125e-06,0.0,7.987904973560944e-05,0.14106249809265137,0.08429604234670271,0.08429604023694992,0.03356131166219711,0.033821951597929,0.018048878759145737,0.004504693206399679,0.014956596307456493,0.065312959253788,1.5450206995010376,0.0019835835790979086,nan,nan,nan,0,0
5,43,0.23740187287330627,0.2373857945203781,0.05635342001914978,5.427759333542781e-06,0.0,3.217031917301938e-05,0.14432811737060547,0.08335822510743626,0.08335822075605392,0.034915436059236526,0.03589316084980965,0.024267975240945816,0.00438297213986516,0.01165463775396347,0.06080469861626625,1.5450202226638794,0.0019842070733123605,nan,nan,nan,0,0
5,44,0.27684447169303894,0.27678075432777405,0.07608836889266968,5.426426014309982e-06,0.0,0.00012744287960231304,0.13871094584465027,0.011514205512592789,0.011514205485582352,0.006236650515347719,0.005340570583939552,0.0022029364481568336,0.0005094609805382788,0.0015953287947922945,0.007582998834550381,1.5450197458267212,0.0019848186018436506,nan,nan,nan,0,0
5,45,0.2283211350440979,0.22828209400177002,0.05183565244078636,5.428848453448154e-06,0.0,7.807386282365769e-05,0.14116406440734863,0.07463208535707325,0.07463208585977554,0.029020773246884346,0.03132358193397522,0.017779449000954628,0.004025579895824194,0.012452356517314911,0.05708941072225571,1.5450193881988525,0.001985418156416165,nan,nan,nan,0,0
5,46,0.4358883202075958,0.43584540486335754,0.1947198510169983,5.442730980576016e-06,0.0,8.58519269968383e-05,0.14073437452316284,0.061629334217874296,0.06162933260202408,0.022267062216997147,0.024818288162350655,0.013626953586935997,0.003380801063030958,0.012203654274344444,0.04837718978524208,1.5450190305709839,0.0019860057289163282,nan,nan,nan,0,0
5,47,0.17426718771457672,0.17412924766540527,0.03024805337190628,5.428896656667348e-06,0.0,0.0002758716873358935,0.1333906203508377,0.03142306397320678,0.03142306208610535,0.011285542510449886,0.011600270867347717,0.004745217971503735,0.0018262476660311222,0.007021287456154823,0.025501538068056107,1.5450186729431152,0.0019865813113927157,nan,nan,nan,0,0
5,48,0.2939292788505554,0.29383161664009094,0.08536617457866669,5.42690713700722e-06,0.0,0.00019534378952812403,0.13602346181869507,0.010470287667322584,0.010470287874341011,0.005502910353243351,0.005229692906141281,0.002201862633228302,0.0006738550728186965,0.001654235296882689,0.006629965268075466,1.5450183153152466,0.001987144896056159,nan,nan,nan,0,0
5,49,0.2798294425010681,0.2797980010509491,0.07848669588565826,5.428849362942856e-06,0.0,6.288010627031326e-05,0.14207030832767487,0.13128050022940116,0.13128049671649933,0.05000227317214012,0.05529191344976425,0.03417418524622917,0.007180146872997284,0.021902473643422127,0.09988993406295776,1.545017957687378,0.0019876964752798534,nan,nan,nan,0,0
5,50,0.304220974445343,0.3040352463722229,0.09153147786855698,5.435029379441403e-06,0.0,0.0003714656922966242,0.13072656095027924,0.048161365277377445,0.04816136509180069,0.01991189271211624,0.02242024429142475,0.013732674531638622,0.0026790746487677097,0.0064866612665355206,0.034387871623039246,1.5450176000595093,0.0019882360415994574,nan,nan,nan,0,0
5,51,0.457316517829895,0.45714321732521057,0.20634061098098755,5.426555162557634e-06,0.0,0.00034659949596971273,0.13138282299041748,0.05107106836329208,0.05107107013463974,0.01965067908167839,0.02072199061512947,0.01067599467933178,0.002783895703032613,0.0091647794470191,0.03983696550130844,1.5450172424316406,0.001988763587713199,nan,nan,nan,0,0
5,52,0.4175129532814026,0.4172891676425934,0.17684121429920197,1.9640528989839368e-05,0.0,0.0004475869645830244,0.128843754529953,0.04466259226454173,0.04466259106993675,0.021432993933558464,0.020078569650650024,0.016349339857697487,0.0024527106434106827,0.004648027941584587,0.02893620729446411,1.5450170040130615,0.0019892791064819696,nan,nan,nan,0,0
5,53,0.2084038406610489,0.20822006464004517,0.04342512786388397,5.4362562877940945e-06,0.0,0.0003675609186757356,0.1308281272649765,0.07357091381535474,0.07357091456651688,0.028478063642978668,0.029196925461292267,0.01926143653690815,0.003956881817430258,0.01188351958990097,0.05675685778260231,1.5450167655944824,0.0019897825909294237,nan,nan,nan,0,0
5,54,0.31905627250671387,0.31890612840652466,0.10133321583271027,5.428849362942856e-06,0.0,0.00030026352033019066,0.13267189264297485,0.011841918171274404,0.011841917410492897,0.005867475643754005,0.005507312715053558,0.005423330701887608,0.0008221822208724916,0.0017394422320649028,0.0065083871595561504,1.5450165271759033,0.0019902740342420716,nan,nan,nan,0,0
5,55,0.1920238882303238,0.1919030398130417,0.037132035940885544,5.428928943729261e-06,0.0,0.0002417052601231262,0.13445313274860382,0.028183627647437006,0.028183627873659134,0.01342642493546009,0.014563160948455334,0.008259940892457962,0.0014972840435802937,0.0025856562424451113,0.018022436648607254,1.5450162887573242,0.001990753429769374,nan,nan,nan,0,0
5,56,0.19200001657009125,0.19188939034938812,0.03670113533735275,5.426424650067929e-06,0.0,0.0002212654653703794,0.13512501120567322,0.098622526686973,0.09862252324819565,0.03909722715616226,0.03847391903400421,0.021828623488545418,0.005279495380818844,0.01660366728901863,0.07705532759428024,1.5450160503387451,0.001991220771023828,nan,nan,nan,0,0
5,57,0.23681335151195526,0.2367507666349411,0.055799178779125214,5.428849362942856e-06,0.0,0.0001251603534910828,0.13881249725818634,0.0074722497593458625,0.0074722496792674065,0.004392364993691444,0.0024124328047037125,0.0013382714241743088,0.0004063584201503545,0.0022715909872204065,0.004858558531850576,1.545015811920166,0.0019916760516810583,nan,nan,nan,0,0
5,58,0.2786107361316681,0.2785905599594116,0.07720698416233063,5.426424195320578e-06,0.0,4.034250741824508e-05,0.1436484307050705,0.04515484515773826,0.04515484347939491,0.017706267535686493,0.01863148808479309,0.010780173353850842,0.002432083711028099,0.007535016629844904,0.03463253006339073,1.545015573501587,0.001992119265579902,nan,nan,nan,0,0
5,59,0.253375768661499,0.25333210825920105,0.06372897326946259,5.426424195320578e-06,0.0,8.730553963687271e-05,0.1406562626361847,0.04041890849082055,0.04041890799999237,0.015007935464382172,0.012323981150984764,0.005527304485440254,0.002131878398358822,0.008947082795202732,0.033784955739974976,1.5450153350830078,0.0019925504067224912,nan,nan,nan,0,0
5,60,0.2468980848789215,0.2467762529850006,0.06022408604621887,5.426424650067929e-06,0.0,0.00024365285935346037,0.13439062237739563,0.040094712544052356,0.04009471461176872,0.016342053189873695,0.01731296442449093,0.012722861021757126,0.0021552429534494877,0.005389811005443335,0.029072636738419533,1.5450150966644287,0.0019929694692743354,nan,nan,nan,0,0
5,61,0.18233829736709595,0.18225997686386108,0.03301452100276947,5.4264551181404386e-06,0.0,0.00015664110833313316,0.1374843716621399,0.033305055557451606,0.033305056393146515,0.016269827261567116,0.015152381733059883,0.01290636695921421,0.0019071301212534308,0.0032582166604697704,0.02083500288426876,1.5450148582458496,0.0019933764475643986,nan,nan,nan,0,0
5,62,0.29322928190231323,0.293122798204422,0.08547794073820114,5.426424195320578e-06,0.0,0.00021297711646184325,0.1354062706232071,0.1506396458652415,0.15063965320587158,0.05830519646406174,0.057795245200395584,0.038143981248140335,0.008278632536530495,0.024921154603362083,0.11750724911689758,1.5450146198272705,0.001993771336085177,nan,nan,nan,0,0
5,63,0.3877186179161072,0.3875933587551117,0.15228798985481262,5.4264596656139474e-06,0.0,0.00025052932323887944,0.13417188823223114,0.05339837366324937,0.05339837446808815,0.021906457841396332,0.02231285162270069,0.013282909989356995,0.002881524385884404,0.00848478451371193,0.04021069034934044,1.5450143814086914,0.0019941541294927756,nan,nan,nan,0,0
5,64,0.24913300573825836,0.24892590939998627,0.06286017596721649,5.444102043838939e-06,0.0,0.00041418595355935395,0.12964844703674316,0.031576378972809224,0.03157637640833855,0.013203312642872334,0.010789616033434868,0.0083992350846529,0.0017392310546711087,0.0049595218151807785,0.024660808965563774,1.5450141429901123,0.001994524822606976,nan,nan,nan,0,0
5,65,0.283829003572464,0.28371307253837585,0.08037403225898743,5.428847998700803e-06,0.0,0.00023184806923381984,0.13477344810962677,0.02182686828935918,0.021826868876814842,0.009815155528485775,0.009040907956659794,0.0044088480062782764,0.0012189731933176517,0.0036598104052245617,0.016248656436800957,1.5450139045715332,0.001994883410411311,nan,nan,nan,0,0
5,66,0.2501155734062195,0.2500457167625427,0.06205667182803154,5.427759788290132e-06,0.0,0.00013971987937111408,0.1381796896457672,0.1349686599921966,0.13496865332126617,0.05411003530025482,0.04904227703809738,0.030739450827240944,0.007279221899807453,0.022622758522629738,0.10664805769920349,1.545013666152954,0.00199522988805313,nan,nan,nan,0,0
5,67,0.18694807589054108,0.18688945472240448,0.035588961094617844,5.428847998700803e-06,0.0,0.00011724823707481846,0.13917188346385956,0.09176303696396777,0.09176304191350937,0.036458224058151245,0.03562898188829422,0.021382328122854233,0.0049622757360339165,0.015604342333972454,0.0713898092508316,1.5456712245941162,0.0019955642508436653,nan,nan,nan,0,0
5,68,0.20249798893928528,0.20247957110404968,0.0408686064183712,5.428848453448154e-06,0.0,3.684873445308767e-05,0.14392969012260437,0.05141563823884928,0.051415637135505676,0.022108370438218117,0.02293030545115471,0.015598655678331852,0.0027025474701076746,0.006269426085054874,0.03659318760037422,1.5473859310150146,0.0019958864942580946,nan,nan,nan,0,0
5,69,0.24858836829662323,0.24850568175315857,0.06336517632007599,5.426424195320578e-06,0.0,0.00016536351176910102,0.13714063167572021,0.09113774236061711,0.09113774448633194,0.03711492568254471,0.03794972598552704,0.024154065176844597,0.0048663723282516,0.013221808709204197,0.06860373169183731,1.548676609992981,0.0019961966139356046,nan,nan,nan,0,0
5,70,0.26957273483276367,0.26951050758361816,0.07240229845046997,5.4288789215206634e-06,0.0,0.00012446183245629072,0.13884375989437103,0.04161503706525051,0.04161503538489342,0.016195178031921387,0.013514055870473385,0.008749418891966343,0.002172468462958932,0.007676973473280668,0.03386281058192253,1.5505642890930176,0.0019964946056794473,nan,nan,nan,0,0
5,71,0.25903093814849854,0.25894200801849365,0.06653095036745071,5.442730525828665e-06,0.0,0.00017784738156478852,0.13666406273841858,0.010267811792593241,0.010267811827361584,0.0037405898328870535,0.0045495484955608845,0.003953950013965368,0.0006461446755565703,0.001845522434450686,0.0071610319428145885,1.552114725112915,0.001996780465456999,nan,nan,nan,0,0
5,72,0.24762310087680817,0.24761976301670074,0.06173570454120636,5.426424195320578e-06,0.0,6.687124368909281e-06,0.14741405844688416,0.0721232424755733,0.07212324440479279,0.026601022109389305,0.03043290227651596,0.01947944052517414,0.003960924688726664,0.011546983383595943,0.05513180419802666,1.5532113313674927,0.001997054189399813,nan,nan,nan,0,0
5,73,0.2874946892261505,0.28735947608947754,0.08122219145298004,5.427911219157977e-06,0.0,0.0002704481885302812,0.13355469703674316,0.049992486720695006,0.04999248683452606,0.019196469336748123,0.020061129704117775,0.010397141799330711,0.0027736197225749493,0.00946116354316473,0.039025481790304184,1.5540436506271362,0.0019973157738036743,nan,nan,nan,0,0
5,74,0.27615320682525635,0.2760162949562073,0.07590281218290329,1.9640485334093682e-05,0.0,0.00027379958191886544,0.1334531158208847,0.047216717708289876,0.04721671715378761,0.018778590485453606,0.018683014437556267,0.010604526847600937,0.0026349287945777178,0.008579711429774761,0.03653378784656525,1.5545536279678345,0.001997565215128646,nan,nan,nan,0,0
5,75,0.21356166899204254,0.21333837509155273,0.04566428065299988,5.433711066871183e-06,0.0,0.00044659574632532895,0.12886719405651093,0.08790187560159597,0.08790187537670135,0.03530174866318703,0.03783874213695526,0.023499460890889168,0.004864996764808893,0.013617359101772308,0.06547847390174866,1.5549736022949219,0.0019978025099991214,nan,nan,nan,0,0
5,76,0.32735416293144226,0.3271406590938568,0.106015644967556,5.430183591670357e-06,0.0,0.00042700362973846495,0.1293359398841858,0.07323830244893464,0.073238305747509,0.028767088428139687,0.030290795490145683,0.01737072318792343,0.004088037647306919,0.012436700984835625,0.05608605593442917,1.555201768875122,0.001998027655203867,nan,nan,nan,0,0
5,77,0.3694263696670532,0.36941632628440857,0.13584059476852417,5.426424195320578e-06,0.0,2.010957723541651e-05,0.14551563560962677,0.03407592715848706,0.03407592698931694,0.013216406106948853,0.012193147093057632,0.006281920243054628,0.0017906161956489086,0.005761966574937105,0.027603505179286003,1.5551176071166992,0.0019982406476960674,nan,nan,nan,0,0
5,78,0.33483076095581055,0.3346306085586548,0.11175397038459778,1.9650011381600052e-05,0.0,0.0004003128269687295,0.12999218702316284,0.012699577284913239,0.012699577026069164,0.005242070183157921,0.006146544590592384,0.005976888816803694,0.0009312439942732453,0.0021042856387794018,0.007416300941258669,1.5550795793533325,0.001998441484593365,nan,nan,nan,0,0
5,79,0.2774822413921356,0.27731096744537354,0.07672377675771713,5.434867489384487e-06,0.0,0.0003425395116209984,0.13149218261241913,0.06318769849222292,0.06318769603967667,0.026145029813051224,0.025602323934435844,0.01747586764395237,0.0033232849091291428,0.009061976335942745,0.04748762026429176,1.555193543434143,0.0019986301631779,nan,nan,nan,0,0
5,80,0.3628785014152527,0.3628298342227936,0.1363629847764969,5.426424195320578e-06,0.0,9.736146603245288e-05,0.1401328146457672,0.02899263287539677,0.028992632403969765,0.01192714087665081,0.011397050693631172,0.008412383496761322,0.001570747816003859,0.004333276301622391,0.021826831623911858,1.5555264949798584,0.0019988066808963477,nan,nan,nan,0,0
5,81,0.2129278928041458,0.21292531490325928,0.04493635147809982,5.426424195320578e-06,0.0,5.168463303562021e-06,0.14772658050060272,0.03412022820992092,0.03412022814154625,0.012970906682312489,0.010494973510503769,0.005629855208098888,0.0018711312441155314,0.0076590231619775295,0.028141500428318977,1.55618417263031,0.001998971035359951,nan,nan,nan,0,0
5,82,0.25257426500320435,0.2524977922439575,0.0638255774974823,5.426424195320578e-06,0.0,0.00015294736658688635,0.137632817029953,0.09240345803216696,0.09240345656871796,0.03586789593100548,0.03872605413198471,0.022360604256391525,0.005047693848609924,0.015491122379899025,0.07061681896448135,1.5566749572753906,0.001999123224344556,nan,nan,nan,0,0
5,83,0.3770817816257477,0.3769235610961914,0.14561371505260468,5.436137143988162e-06,0.0,0.00031645139097236097,0.13221092522144318,0.035753656952765056,0.035753656178712845,0.01593463309109211,0.016726450994610786,0.013729914091527462,0.0019665099680423737,0.003377918852493167,0.02325616590678692,1.5570828914642334,0.0019992632457906394,nan,nan,nan,0,0
5,84,0.2554819583892822,0.2554355561733246,0.0642271414399147,5.434801096271258e-06,0.0,9.279133519157767e-05,0.14036718010902405,0.04634401126414972,0.046344008296728134,0.01959049701690674,0.020084964111447334,0.010973365046083927,0.0023654846008867025,0.008130273781716824,0.03418277949094772,1.5574910640716553,0.0019993910978033363,nan,nan,nan,0,0
5,85,0.2222445160150528,0.2219368815422058,0.050429269671440125,1.9648898160085082e-05,0.0,0.0006152722053229809,0.12519532442092896,0.05325111525809689,0.05325111374258995,0.02044728398323059,0.018762914463877678,0.012071254663169384,0.002765942132100463,0.009801974520087242,0.04261570796370506,1.558061957359314,0.0019995067786524683,nan,nan,nan,0,0
5,86,0.16095955669879913,0.1608721911907196,0.025821074843406677,5.432568286778405e-06,0.0,0.00017473523621447384,0.1367812603712082,0.05170972559998818,0.051709726452827454,0.024092575535178185,0.01904701255261898,0.009013284929096699,0.0027470847126096487,0.006510648410767317,0.03999350592494011,1.5580846071243286,0.001999610286772564,nan,nan,nan,0,0
5,87,0.24695701897144318,0.24676521122455597,0.06086752936244011,5.4599559007328935e-06,0.0,0.0003836089454125613,0.13041406869888306,0.04360541062742801,0.04360540956258774,0.01673382706940174,0.013434194028377533,0.006957125850021839,0.0022785428445786238,0.009139875881373882,0.03610820695757866,1.5585136413574219,0.0019997016207628816,nan,nan,nan,0,0
5,88,0.21341729164123535,0.21310126781463623,0.045463982969522476,5.4785764405096415e-06,0.0,0.0006320515531115234,0.12485937029123306,0.03704211074574697,0.03704211115837097,0.014363526366651058,0.014050940982997417,0.0048168315552175045,0.0023243455216288567,0.009857773780822754,0.029027538374066353,1.558875560760498,0.0019997807793874296,nan,nan,nan,0,0
5,89,0.2510833144187927,0.250840961933136,0.06519312411546707,5.442765996122034e-06,0.0,0.0004846880037803203,0.12798437476158142,0.12188796790216368,0.12188796699047089,0.04728849604725838,0.0415356270968914,0.017185328528285027,0.0067910789512097836,0.02586408145725727,0.0994226410984993,1.5584367513656616,0.0019998477615749796,nan,nan,nan,0,0
5,90,0.2626773416996002,0.2624984681606293,0.06822315603494644,5.459989097289508e-06,0.0,0.00035774160642176867,0.13108594715595245,0.07642155382299229,0.07642155140638351,0.03147441893815994,0.033166978508234024,0.022547412663698196,0.0043238806538283825,0.011004149913787842,0.05569015443325043,1.558080792427063,0.001999902566419084,nan,nan,nan,0,0
5,91,0.25605544447898865,0.2558610439300537,0.06468894332647324,5.426473762781825e-06,0.0,0.00038882915396243334,0.1302812546491623,0.007945406104322978,0.007945406250655651,0.0037995788734406233,0.003918817732483149,0.0012264368124306202,0.0007644197321496904,0.0027069130446761847,0.004890775308012962,1.5577785968780518,0.0019999451931780863,nan,nan,nan,0,0
5,92,0.2977299094200134,0.29757389426231384,0.08835890889167786,5.426460120361298e-06,0.0,0.0003120190231129527,0.13233594596385956,0.08857424574202297,0.08857424557209015,0.03969205170869827,0.04049231857061386,0.023722628131508827,0.004841463174670935,0.01231057196855545,0.06239036098122597,1.5578476190567017,0.0019999756412751334,nan,nan,nan,0,0
5,93,0.3129125237464905,0.31252336502075195,0.09724250435829163,1.9673949282150716e-05,0.0,0.0007783236796967685,0.1221015527844429,0.05190961546222927,0.051909614354372025,0.022210588678717613,0.021487848833203316,0.010247082449495792,0.0030782329849898815,0.01037692092359066,0.03895396739244461,1.5578917264938354,0.001999993910298181,nan,nan,nan,0,0
5,94,0.19655539095401764,0.1963266134262085,0.03907789662480354,5.463597517518792e-06,0.0,0.0004575591301545501,0.12860937416553497,0.03934665740536056,0.03934665769338608,0.017696432769298553,0.014792606234550476,0.0058454470708966255,0.002182765631005168,0.006546471267938614,0.030567703768610954,1.5577211380004883,0.002,nan,nan,nan,0,0
5,95,0.24609652161598206,0.2457779347896576,0.06034615635871887,1.9639044694486074e-05,0.0,0.0006371684139594436,0.1247578114271164,0.13362626837511704,0.1336262822151184,0.059949059039354324,0.05298982560634613,0.027979714795947075,0.007524440530687571,0.021404819563031197,0.10077956318855286,1.5572543144226074,0.001999998761347886,nan,nan,nan,0,0
5,96,0.19846773147583008,0.1982455849647522,0.03929164633154869,5.427806627267273e-06,0.0,0.00044428734690882266,0.12892188131809235,0.027650729168152168,0.027650728821754456,0.016374122351408005,0.008818459697067738,0.004680159967392683,0.0011409568833187222,0.0036280325148254633,0.019552938640117645,1.5576287508010864,0.001999995045394616,nan,nan,nan,0,0
5,97,0.2561025023460388,0.25577837228775024,0.06509343534708023,5.459975454868982e-06,0.0,0.0006482596509158611,0.12453906238079071,0.5082966015503395,0.5082966089248657,0.2139878123998642,0.20107120275497437,0.10118182748556137,0.02942018397152424,0.0989997535943985,0.3888968527317047,1.557953953742981,0.0019999888521494043,nan,nan,nan,0,0
5,98,0.3179548680782318,0.3174198567867279,0.10034126043319702,5.43030319022364e-06,0.0,0.0010700055863708258,0.11728906631469727,0.1760866800184982,0.1760866791009903,0.08007083833217621,0.0732499212026596,0.03873509541153908,0.00990147702395916,0.027092713862657547,0.12998910248279572,1.5582305192947388,0.0019999801816276094,nan,nan,nan,0,0
5,99,0.2293345183134079,0.2289436161518097,0.051802441477775574,5.426591087598354e-06,0.0,0.00078181381104514,0.1220390722155571,0.024674647247023916,0.02467464655637741,0.01322395820170641,0.011372717097401619,0.011210585944354534,0.0015931902453303337,0.0028247986920177937,0.012978115119040012,1.5585541725158691,0.001999969033850732,nan,nan,nan,0,0
5,100,0.19782698154449463,0.19771260023117065,0.03883025050163269,5.4264714890450705e-06,0.0,0.00022876581351738423,0.13487499952316284,0.03625544133387464,0.03625544160604477,0.016049634665250778,0.0161771010607481,0.0070539722219109535,0.002197089372202754,0.005815992131829262,0.026584886014461517,1.558916449546814,0.001999955408846416,nan,nan,nan,0,0
5,101,0.3239506185054779,0.323649138212204,0.1040721908211708,5.426566531241406e-06,0.0,0.0006029332871548831,0.12544530630111694,0.03532366914675193,0.03532366827130318,0.015714900568127632,0.015407135710120201,0.012033927254378796,0.002044632798060775,0.003350530518218875,0.024560164660215378,1.5592246055603027,0.001999939306648449,nan,nan,nan,0,0
5,102,0.19692322611808777,0.19663335382938385,0.03905845060944557,1.9640510799945332e-05,0.0,0.0005797563935630023,0.12592187523841858,0.06751844783752733,0.067518450319767,0.02555331215262413,0.021385010331869125,0.004700717516243458,0.004152202978730202,0.017217975109815598,0.05579116567969322,1.5590108633041382,0.00199992072729676,nan,nan,nan,0,0
5,103,0.2595161199569702,0.25920847058296204,0.06656534969806671,5.426472853287123e-06,0.0,0.0006152729620225728,0.12519530951976776,0.013035209830429367,0.013035209849476814,0.005768454633653164,0.005118980072438717,0.004916927311569452,0.0008442614926025271,0.001988326432183385,0.009033010341227055,1.5588290691375732,0.001999899670837423,nan,nan,nan,0,0
5,104,0.22356143593788147,0.22315062582492828,0.049497440457344055,5.442810561362421e-06,0.0,0.000821628316771239,0.1213359460234642,0.01860069272272747,0.018600692972540855,0.010576806962490082,0.010046273469924927,0.00311771547421813,0.0012738582445308566,0.003270119661465287,0.01054290123283863,1.558879017829895,0.001999876137322652,nan,nan,nan,0,0
5,105,0.3013980984687805,0.30121907591819763,0.08922242373228073,5.459848125610733e-06,0.0,0.00035803703940473497,0.13107813894748688,0.04007610561860848,0.04007610306143761,0.01687193289399147,0.011396016925573349,0.004326703958213329,0.002106662606820464,0.00856001116335392,0.03309275954961777,1.559473991394043,0.0019998501268108067,nan,nan,nan,0,0
5,106,0.22974169254302979,0.2294330894947052,0.05196516588330269,5.459917247208068e-06,0.0,0.0006172120338305831,0.1251562535762787,0.00973587211151175,0.00973587203770876,0.004779241047799587,0.0040825787000358105,0.0023406699765473604,0.000855527410749346,0.003746602451428771,0.005918692331761122,1.5600109100341797,0.0019998216393663864,nan,nan,nan,0,0
5,107,0.3005513846874237,0.30028146505355835,0.09002292901277542,5.493364824360469e-06,0.0,0.000539835833478719,0.126765638589859,0.12757910257480792,0.12757909297943115,0.05296711251139641,0.052925754338502884,0.026768194511532784,0.007340040057897568,0.023115290328860283,0.0967731773853302,1.5603852272033691,0.0019997906750600343,nan,nan,nan,0,0
5,108,0.2256663292646408,0.2255323827266693,0.052110057324171066,5.4265074140857905e-06,0.0,0.00026788466493599117,0.1336328238248825,0.18280615958481075,0.18280616402626038,0.07111039757728577,0.07097955048084259,0.03250817209482193,0.010576658882200718,0.04031999781727791,0.1432792991399765,1.560532569885254,0.001999757233968535,nan,nan,nan,0,0
5,109,0.2737889289855957,0.2730381488800049,0.07544317096471786,1.9496726963552646e-05,0.0,0.0015015631215646863,0.11124999821186066,0.1097630238269866,0.10976302623748779,0.04342738911509514,0.04220962896943092,0.016384536400437355,0.0067523932084441185,0.02551969885826111,0.08611055463552475,1.5606060028076172,0.0019997213161748154,nan,nan,nan,0,0
5,110,0.3644968569278717,0.3644038140773773,0.13339495658874512,5.4265437938738614e-06,0.0,0.00018606630328577012,0.13635939359664917,0.18519225098266168,0.1851922571659088,0.07595280557870865,0.07507570087909698,0.03976428508758545,0.010567969642579556,0.0346212238073349,0.14141948521137238,1.560708999633789,0.0019996829217679437,nan,nan,nan,0,0
5,111,0.2381257563829422,0.2379448115825653,0.056393690407276154,5.459845397126628e-06,0.0,0.00036189157981425524,0.13097655773162842,0.030314688762399507,0.03031468763947487,0.010298969224095345,0.010528319515287876,0.0059630549512803555,0.0017569676274433732,0.006582518573850393,0.02490163780748844,1.5610201358795166,0.0019996420508431294,nan,nan,nan,0,0
5,112,0.4056345224380493,0.40539902448654175,0.16474208235740662,5.459896328829927e-06,0.0,0.0004710255889222026,0.1282968819141388,0.03234165101627252,0.03234165161848068,0.017528507858514786,0.014199663884937763,0.011092280969023705,0.001731359283439815,0.002432410139590502,0.020128348842263222,1.5612785816192627,0.0019995987035017243,nan,nan,nan,0,0
5,113,0.17556552588939667,0.17544369399547577,0.031097738072276115,5.443633199320175e-06,0.0,0.00024365239369217306,0.13439063727855682,0.17867427475343386,0.17867428064346313,0.07051325589418411,0.07011274993419647,0.03352026641368866,0.010264544747769833,0.03915444016456604,0.13883277773857117,1.5614937543869019,0.0019995528798512196,nan,nan,nan,0,0
5,114,0.22701476514339447,0.22673699259757996,0.051030971109867096,5.4291590458888095e-06,0.0,0.0005555597017519176,0.1264296919107437,0.14837444124104457,0.14837443828582764,0.0643409714102745,0.059464845806360245,0.02626178041100502,0.008506251499056816,0.024773873388767242,0.11385677009820938,1.5613996982574463,0.001999504580005249,nan,nan,nan,0,0
5,115,0.24746523797512054,0.2473481148481369,0.061953820288181305,5.427992164186435e-06,0.0,0.00023423382663168013,0.13469530642032623,0.06401421387494435,0.06401421874761581,0.025683322921395302,0.026514461264014244,0.014628717675805092,0.0035899842623621225,0.011196297593414783,0.04881521686911583,1.5613166093826294,0.0019994538040835853,nan,nan,nan,0,0
5,116,0.21377818286418915,0.21343323588371277,0.04525667801499367,1.981657806027215e-05,0.0,0.0006898832507431507,0.12373437732458115,0.06360975545868758,0.06360975652933121,0.027183856815099716,0.02613389678299427,0.010381548665463924,0.003928421065211296,0.013495528139173985,0.04815516620874405,1.5611965656280518,0.001999400552212141,nan,nan,nan,0,0
5,117,0.3086572587490082,0.30835655331611633,0.09578295797109604,5.446002433018293e-06,0.0,0.0006013989914208651,0.12547656893730164,0.030824733234984063,0.030824732035398483,0.013486425392329693,0.008154281415045261,0.004591949749737978,0.0014784234808757901,0.007090083323419094,0.0250648595392704,1.5614147186279297,0.0019993448245229704,nan,nan,nan,0,0
5,118,0.22842849791049957,0.22840747237205505,0.05249619856476784,5.426538791653002e-06,0.0,4.2047111492138356e-05,0.14351563155651093,0.10087154531727274,0.10087154805660248,0.04096195846796036,0.04399392008781433,0.02378746122121811,0.005757268983870745,0.019278068095445633,0.07477357983589172,1.5614343881607056,0.001999286621154266,nan,nan,nan,0,0
5,119,0.2440820038318634,0.24379023909568787,0.059241682291030884,1.971252277144231e-05,0.0,0.0005835240590386093,0.12584376335144043,0.11141602273960195,0.11141601949930191,0.03796250373125076,0.03833870589733124,0.0168510340154171,0.006370600778609514,0.025240348652005196,0.09241701662540436,1.561875581741333,0.0019992259422503588,nan,nan,nan,0,0
5,120,0.2360145002603531,0.2359388917684555,0.05527060478925705,5.434952072391752e-06,0.0,0.0001512130256742239,0.13770313560962677,0.109073774384962,0.10907377302646637,0.03758415952324867,0.040090981870889664,0.01935383304953575,0.006345214322209358,0.028291715309023857,0.08753272891044617,1.5624713897705078,0.00199916278796172,nan,nan,nan,0,0
5,121,0.23886170983314514,0.23878465592861176,0.0571906752884388,5.428216809377773e-06,0.0,0.00015410908963531256,0.13758593797683716,0.16959109713649412,0.16959109902381897,0.06324490159749985,0.0685182437300682,0.033790625631809235,0.010106416419148445,0.03738810122013092,0.13200248777866364,1.5626825094223022,0.0019990971584449586,nan,nan,nan,0,0
5,122,0.2235490381717682,0.22350354492664337,0.0494840145111084,5.42642510481528e-06,0.0,9.09935261006467e-05,0.14046095311641693,0.06593943458027365,0.06593943387269974,0.03194736689329147,0.024553537368774414,0.015045925974845886,0.003548295935615897,0.008562552742660046,0.04911426454782486,1.5631074905395508,0.001999029053862821,nan,nan,nan,0,0
5,123,0.35145407915115356,0.35124412178993225,0.12396465241909027,9.883809070743155e-06,0.0,0.0004199300892651081,0.12950780987739563,0.04762765840601012,0.047627657651901245,0.019673259928822517,0.02097824029624462,0.015383333899080753,0.002685398096218705,0.006471613887697458,0.03399308770895004,1.563635230064392,0.001998958474384193,nan,nan,nan,0,0
5,124,0.20587065815925598,0.2058698534965515,0.042726367712020874,5.439117558125872e-06,0.0,1.6216451967920875e-06,0.14872656762599945,0.18775904472474203,0.18775905668735504,0.07421476393938065,0.07412315160036087,0.04206074774265289,0.010346772149205208,0.033974599093198776,0.14567412436008453,1.5629233121871948,0.001998885420184095,nan,nan,nan,0,0
5,125,0.2993335723876953,0.29925090074539185,0.09100914001464844,9.21529863262549e-06,0.0,0.00016536351176910102,0.13714063167572021,0.06570912904459396,0.06570912897586823,0.030874285846948624,0.02982509508728981,0.018763678148388863,0.003694155951961875,0.00742293568328023,0.04532228410243988,1.5623246431350708,0.001998809891443687,nan,nan,nan,0,0
5,126,0.4874938130378723,0.4874294698238373,0.23717714846134186,1.1971677541732788,0.0,0.000128680607303977,0.13865625858306885,4.448314105457153,4.448314189910889,1.4224021434783936,1.5935429334640503,0.3267274498939514,0.32420504093170166,1.4274382591247559,3.6021454334259033,1.5615386962890625,0.0019987318883502633,nan,nan,nan,0,0
5,127,0.5559148788452148,0.5557282567024231,0.3050614297389984,5.427971700555645e-06,0.0,0.00037327493191696703,0.1306796818971634,0.01834586349423133,0.018345864489674568,0.007599844131618738,0.007569946814328432,0.002101392950862646,0.00122383504640311,0.004337610676884651,0.014027846977114677,1.5608700513839722,0.0019986514110972545,nan,nan,nan,0,0
5,128,0.40929168462753296,0.4092209041118622,0.16537462174892426,5.426426014309982e-06,0.0,0.00014157294936012477,0.13810156285762787,0.04196912704874183,0.04196912795305252,0.01588790863752365,0.016501666978001595,0.006910627242177725,0.0024254845920950174,0.009076031856238842,0.033176239579916,1.5602593421936035,0.0019985684598842275,nan,nan,nan,0,0
5,129,0.24361953139305115,0.2434854656457901,0.05840174853801727,5.426424195320578e-06,0.0,0.0002681408077478409,0.13362500071525574,0.04398081243494392,0.04398081451654434,0.016594739630818367,0.01788327656686306,0.00729501573368907,0.0025750601198524237,0.009022620506584644,0.03461010009050369,1.5596121549606323,0.001998483034916883,nan,nan,nan,0,0
5,130,0.2170623391866684,0.2169075757265091,0.04617217928171158,5.4265233302430715e-06,0.0,0.0003095402498729527,0.13240624964237213,0.1175791471379801,0.1175791472196579,0.04915677011013031,0.050827756524086,0.026411032304167747,0.006509529426693916,0.01822836697101593,0.08805008232593536,1.5590020418167114,0.0019983951364070563,nan,nan,nan,0,0
5,131,0.2403704822063446,0.2399456650018692,0.05805504694581032,1.9678027456393465e-05,0.0,0.0008496309746988118,0.12085157632827759,0.11359374596793423,0.11359374970197678,0.04465138167142868,0.044828303158283234,0.023329732939600945,0.006174392066895962,0.019786367192864418,0.08902986347675323,1.5588332414627075,0.001998304764572717,nan,nan,nan,0,0
5,132,0.2765576243400574,0.27650636434555054,0.07616016268730164,5.426574716693722e-06,0.0,0.0001025158489937894,0.13987499475479126,0.06599924783198335,0.06599924713373184,0.026255587115883827,0.027288401499390602,0.014880205504596233,0.003773178905248642,0.01106414943933487,0.05063413083553314,1.5589441061019897,0.0019982119196379675,nan,nan,nan,0,0
5,133,0.22564806044101715,0.22558407485485077,0.05065125599503517,5.426574716693722e-06,0.0,0.00012797299132216722,0.13868749141693115,0.02977615441031649,0.029776154085993767,0.011121495626866817,0.009533912874758244,0.0031582466326653957,0.0016492543509230018,0.005813916679471731,0.02501079812645912,1.5587183237075806,0.0019981166018330433,nan,nan,nan,0,0
5,134,0.25709640979766846,0.2570173144340515,0.06566601246595383,5.4599440773017704e-06,0.0,0.0001582089753355831,0.1374218910932541,0.06707575003186848,0.06707575172185898,0.027212832123041153,0.028103934600949287,0.01159702893346548,0.0037025732453912497,0.01232131663709879,0.05166015774011612,1.55832040309906,0.0019980188113943123,nan,nan,nan,0,0
5,135,0.2543826699256897,0.25433850288391113,0.06365754455327988,5.427858468465274e-06,0.0,8.833049651002511e-05,0.14060157537460327,0.020391765508625898,0.020391765981912613,0.007695268839597702,0.008501437492668629,0.002588134491816163,0.0011119339615106583,0.00326458178460598,0.016301538795232773,1.5579830408096313,0.001997918548564273,nan,nan,nan,0,0
5,136,0.20666317641735077,0.2066459208726883,0.0426151417195797,5.426434199762298e-06,0.0,3.451569864409976e-05,0.14412499964237213,0.12456830271953266,0.12456829845905304,0.05309619382023811,0.052319880574941635,0.027628615498542786,0.006756600923836231,0.018056973814964294,0.09394487738609314,1.5584211349487305,0.0019978158135915557,nan,nan,nan,0,0
5,137,0.24391047656536102,0.24387414753437042,0.059896402060985565,5.426426923804684e-06,0.0,7.264893065439537e-05,0.141476571559906,0.014298972238462724,0.014298972673714161,0.00495474087074399,0.004621756263077259,0.001213623909279704,0.0007992885075509548,0.003684587776660919,0.011952513828873634,1.5588712692260742,0.0019977106067309213,nan,nan,nan,0,0
5,138,0.22629547119140625,0.22615084052085876,0.05169057846069336,5.42643010703614e-06,0.0,0.0002892657066695392,0.1329921931028366,0.02972026177413632,0.029720261693000793,0.014801681973040104,0.01656329073011875,0.008540487848222256,0.0014726321678608656,0.001831177738495171,0.01764652319252491,1.5594042539596558,0.0019976029282432603,nan,nan,nan,0,0
5,139,0.42975711822509766,0.42968472838401794,0.182511106133461,1.964051989489235e-05,0.0,0.000144751145853661,0.1379687488079071,0.09832137696887785,0.09832137823104858,0.04003061726689339,0.041926395148038864,0.022872738540172577,0.005391521845012903,0.01506562065333128,0.07434794306755066,1.5604116916656494,0.0019974927783955915,nan,nan,nan,0,0
5,140,0.25252628326416016,0.2525049149990082,0.06480704993009567,5.428847998700803e-06,0.0,4.2759325879160315e-05,0.1434609442949295,0.03427695627252026,0.03427695482969284,0.015285703353583813,0.017626279965043068,0.013220577500760555,0.002097303280606866,0.003348560305312276,0.02098037302494049,1.5617517232894897,0.0019973801574610633,nan,nan,nan,0,0
5,141,0.24048221111297607,0.2404734045267105,0.05963018536567688,5.426434199762298e-06,0.0,1.7600690625840798e-05,0.14580468833446503,0.09928869577531269,0.0992886945605278,0.03791617974638939,0.04257604852318764,0.02129296585917473,0.005411740858107805,0.017678067088127136,0.07624104619026184,1.5625131130218506,0.00199726506571895,nan,nan,nan,0,0
5,142,0.25876837968826294,0.25868427753448486,0.06715617328882217,5.426424195320578e-06,0.0,0.00016818844596855342,0.13703125715255737,0.04039159584523008,0.04039159417152405,0.014164341613650322,0.017689911648631096,0.008138816803693771,0.002253029029816389,0.007483976427465677,0.031473688781261444,1.5629104375839233,0.0019971475034546563,nan,nan,nan,0,0
5,143,0.18951159715652466,0.18951120972633362,0.03614520654082298,5.426424195320578e-06,0.0,7.656183242943371e-07,0.1508750021457672,0.044117234129053697,0.04411723464727402,0.016832860186696053,0.01922541856765747,0.01137764472514391,0.002496082102879882,0.006983061786741018,0.03330051153898239,1.5628819465637207,0.0019970274709597098,nan,nan,nan,0,0
5,144,0.24027836322784424,0.24027782678604126,0.0575416274368763,5.426509687822545e-06,0.0,1.0634760201355675e-06,0.14896875619888306,0.05902034136622777,0.05902034044265747,0.02363811433315277,0.024666082113981247,0.014976228587329388,0.0033038805704563856,0.008849874138832092,0.04475155100226402,1.5633354187011719,0.0019969049685317655,nan,nan,nan,0,0
5,145,0.17270612716674805,0.17269974946975708,0.02957836352288723,5.4273245950753335e-06,0.0,1.2747172149829566e-05,0.14642968773841858,0.04163432373284452,0.04163432493805885,0.01503590028733015,0.014752433635294437,0.006740232929587364,0.002230983227491379,0.00813497044146061,0.03425081819295883,1.563297986984253,0.0019967799964746027,nan,nan,nan,0,0
5,146,0.2955905795097351,0.2955484390258789,0.08707517385482788,5.426424195320578e-06,0.0,8.426682325080037e-05,0.14082030951976776,0.013675041145120064,0.013675041496753693,0.004966333042830229,0.0060538374818861485,0.0026312568224966526,0.0007880321354605258,0.0025682717096060514,0.01056185644119978,1.5631572008132935,0.0019966525550981257,nan,nan,nan,0,0
5,147,0.29304537177085876,0.2930012047290802,0.08505120873451233,5.4297038332151715e-06,0.0,8.833078027237207e-05,0.14060156047344208,0.18652831353526578,0.1865283101797104,0.07354716956615448,0.08274296671152115,0.048818670213222504,0.010471759364008904,0.027504758909344673,0.13888050615787506,1.5615004301071167,0.001996522644718361,nan,nan,nan,0,0
5,148,0.24967847764492035,0.24957436323165894,0.06333581358194351,5.426426014309982e-06,0.0,0.00020821590442210436,0.13557031750679016,0.1521431798213677,0.1521431803703308,0.05988932400941849,0.06841376423835754,0.033355120569467545,0.008332650177180767,0.02528149075806141,0.1142769530415535,1.5595999956130981,0.0019963902656574585,nan,nan,nan,0,0
5,149,0.3643924295902252,0.3642120659351349,0.13057294487953186,5.426424195320578e-06,0.0,0.0003607036778703332,0.13100780546665192,0.04767928971782368,0.04767929017543793,0.01749400980770588,0.022759364917874336,0.008872371166944504,0.0027317702770233154,0.0077834767289459705,0.036090463399887085,1.5580432415008545,0.00199625541824369,nan,nan,nan,0,0
5,150,0.26454684138298035,0.26432403922080994,0.06975675374269485,5.4264273785520345e-06,0.0,0.0004456056049093604,0.12889063358306885,0.09686837634380333,0.0968683734536171,0.03740691766142845,0.03738447278738022,0.010432292707264423,0.005142697133123875,0.018986225128173828,0.07804389297962189,1.556457757949829,0.0019961181028114476,nan,nan,nan,0,0
5,151,0.47454366087913513,0.4742021858692169,0.22645972669124603,5.42643010703614e-06,0.0,0.0006829235935583711,0.12386719882488251,0.12371199810819392,0.12371200323104858,0.04751881584525108,0.046244774013757706,0.016573624685406685,0.0064005665481090546,0.022964660078287125,0.10032454133033752,1.5556460618972778,0.001995978319701244,nan,nan,nan,0,0
5,152,0.3895470201969147,0.38870906829833984,0.1523621678352356,5.4268316489469726e-06,0.0,0.0016758787678554654,0.10906250774860382,0.09393294022582525,0.09393294155597687,0.039403192698955536,0.043690137565135956,0.023733414709568024,0.005167598370462656,0.010477686300873756,0.06828027963638306,1.5550404787063599,0.0019958360692597108,nan,nan,nan,0,0
5,153,0.2593592703342438,0.2589832842350006,0.06621769070625305,5.426424195320578e-06,0.0,0.0007519589271396399,0.12257813662290573,0.08292381959954152,0.08292382210493088,0.034788794815540314,0.03479555994272232,0.009185000322759151,0.004585352260619402,0.013807157054543495,0.06449295580387115,1.5545305013656616,0.001995691351839599,nan,nan,nan,0,0
5,154,0.2272062748670578,0.22696512937545776,0.05079594627022743,5.426838015409885e-06,0.0,0.000482283066958189,0.12803906202316284,0.28430573051105,0.28430572152137756,0.11778801679611206,0.11189968883991241,0.035245656967163086,0.014744142070412636,0.04735679179430008,0.2252373844385147,1.554398536682129,0.0019955441677997764,nan,nan,nan,0,0
5,155,0.3282226026058197,0.3275567591190338,0.10676439106464386,5.4265997277980205e-06,0.0,0.0013316799886524677,0.11350781470537186,0.08431553586666672,0.08431553095579147,0.03342287987470627,0.028710832819342613,0.00937962532043457,0.0042519280686974525,0.015677204355597496,0.06939652562141418,1.5547763109207153,0.001995394517505227,nan,nan,nan,0,0
5,156,0.3492101728916168,0.34886687994003296,0.12348481267690659,5.42642510481528e-06,0.0,0.0006866041803732514,0.12379687279462814,0.04172762125120374,0.04172762110829353,0.01760944351553917,0.017525067552924156,0.0037762264255434275,0.002442368306219578,0.008450985886156559,0.032129887491464615,1.5551012754440308,0.0019952424013270523,nan,nan,nan,0,0
5,157,0.19599489867687225,0.1955641359090805,0.038056109100580215,5.426424195320578e-06,0.0,0.000861514185089618,0.12064844369888306,0.1813215938959309,0.18132159113883972,0.07769659161567688,0.08224240690469742,0.031868476420640945,0.00983786303550005,0.027309143915772438,0.13497693836688995,1.555476427078247,0.0019950878196424663,nan,nan,nan,0,0
5,158,0.24404063820838928,0.24378380179405212,0.05910848081111908,5.426426469057333e-06,0.0,0.0005136600811965764,0.12733593583106995,0.12132006879134184,0.12132006883621216,0.04893600940704346,0.04778791964054108,0.018879050388932228,0.006344273686408997,0.019915079697966576,0.09616060554981232,1.5560609102249146,0.0019949307728347994,nan,nan,nan,0,0
5,159,0.29210278391838074,0.2920231819152832,0.0885225310921669,5.426838015409885e-06,0.0,0.00015919374709483236,0.13738280534744263,0.16574935200846347,0.16574935615062714,0.0624324269592762,0.060074299573898315,0.01735852286219597,0.008748832158744335,0.03237730637192726,0.13616155087947845,1.557010293006897,0.0019947712612934927,nan,nan,nan,0,0
5,160,0.24467991292476654,0.24454067647457123,0.05990912765264511,5.426733423519181e-06,0.0,0.00027847258024849,0.13331250846385956,0.06247592682329836,0.06247592717409134,0.027033403515815735,0.0288414154201746,0.01586250402033329,0.0034014631528407335,0.007595079950988293,0.04494146257638931,1.5578718185424805,0.001994609285414101,nan,nan,nan,0,0
5,161,0.3113119900226593,0.31130239367485046,0.09735094755887985,5.426424195320578e-06,0.0,1.920897193485871e-05,0.14561720192432404,0.11581155054997405,0.1158115491271019,0.046389661729335785,0.04540609195828438,0.01950603350996971,0.0062074558809399605,0.020314566791057587,0.09147077053785324,1.55913245677948,0.0019944448455982895,nan,nan,nan,0,0
5,162,0.2674693167209625,0.2671930193901062,0.07193675637245178,5.426426923804684e-06,0.0,0.0005526175373233855,0.1264921873807907,0.011122795235577956,0.011122794821858406,0.005064849276095629,0.004568789154291153,0.003833907190710306,0.0009548973175697029,0.003682975424453616,0.006929290015250444,1.5603137016296387,0.001994277942253833,nan,nan,nan,0,0
5,163,0.3572799861431122,0.3572484850883484,0.12515845894813538,5.426424195320578e-06,0.0,6.300423410721123e-05,0.1420624852180481,0.008863333128666082,0.008863333612680435,0.0049924287013709545,0.00416885782033205,0.004362218081951141,0.0006467998609878123,0.0017918047960847616,0.0036874236539006233,1.561474084854126,0.0019941085757946165,nan,nan,nan,0,0
5,164,0.24737714231014252,0.24734355509281158,0.05999298393726349,5.426424195320578e-06,0.0,6.716312054777518e-05,0.14180469512939453,0.006320005970740439,0.006320005748420954,0.003088484751060605,0.0029831230640411377,0.0035086222924292088,0.0006062113679945469,0.0016976818442344666,0.0024381689727306366,1.5626381635665894,0.0019939367466406317,nan,nan,nan,0,0
5,165,0.24095311760902405,0.24083766341209412,0.05885323882102966,5.426424195320578e-06,0.0,0.00023089790192898363,0.13480468094348907,0.03184439788495486,0.031844399869441986,0.013721550814807415,0.013550168834626675,0.0054769678972661495,0.0016900533810257912,0.003946356009691954,0.024366995319724083,1.5635530948638916,0.0019937624552179775,nan,nan,nan,0,0
5,166,0.27150049805641174,0.2714758813381195,0.07365655153989792,5.426424195320578e-06,0.0,4.921907384414226e-05,0.14298437535762787,0.00762701517187276,0.0076270150020718575,0.0030693060252815485,0.003301131073385477,0.0024011116474866867,0.0005332317668944597,0.0012665900867432356,0.00549539178609848,1.5643768310546875,0.0019935857019588595,nan,nan,nan,0,0
5,167,0.3615214228630066,0.36146169900894165,0.13313716650009155,5.426426923804684e-06,0.0,0.00011945809819735587,0.1390703171491623,0.028236433749616405,0.02823643386363983,0.011523181572556496,0.011599947698414326,0.004449132829904556,0.0015018762787804008,0.003993666730821133,0.02218003384768963,1.5649917125701904,0.0019934064873015876,nan,nan,nan,0,0
5,168,0.25933265686035156,0.25932982563972473,0.06758949160575867,5.426424195320578e-06,0.0,5.640586095978506e-06,0.14762501418590546,0.11403156995385298,0.11403156816959381,0.04766741767525673,0.04923279955983162,0.027784965932369232,0.0064118956215679646,0.01465215440839529,0.08531907945871353,1.5644750595092773,0.001993224811690575,nan,nan,nan,0,0
5,169,0.29848918318748474,0.2984080910682678,0.08873161673545837,5.426424195320578e-06,0.0,0.00016216414223890752,0.1372656375169754,0.045658296874729894,0.04565829783678055,0.019984237849712372,0.020722046494483948,0.010865218006074429,0.002510868012905121,0.005228894762694836,0.033229630440473557,1.5637620687484741,0.0019930406755763385,nan,nan,nan,0,0
5,170,0.2047467678785324,0.20468789339065552,0.04306711629033089,5.426424195320578e-06,0.0,0.00011775672464864329,0.13914842903614044,0.06998619954619255,0.06998620182275772,0.026655536144971848,0.030560608953237534,0.01534442137926817,0.003994363360106945,0.009551606141030788,0.05395331606268883,1.562707543373108,0.0019928540794154955,nan,nan,nan,0,0
5,171,0.27149757742881775,0.2713647782802582,0.07416548579931259,5.426424195320578e-06,0.0,0.0002655877615325153,0.13370314240455627,0.042398548376201294,0.04239854961633682,0.016698665916919708,0.01814681850373745,0.006724314298480749,0.002327683614566922,0.006146777421236038,0.033182330429553986,1.5616965293884277,0.0019926650236707644,nan,nan,nan,0,0
5,172,0.3696281611919403,0.36945658922195435,0.13538125157356262,5.426424195320578e-06,0.0,0.00034311728086322546,0.13147658109664917,0.03349439647927676,0.03349439799785614,0.014175964519381523,0.015611371025443077,0.005421224981546402,0.0018354797502979636,0.004490739665925503,0.024985522031784058,1.560936689376831,0.0019924735088109624,nan,nan,nan,0,0
5,173,0.2483338713645935,0.24818101525306702,0.06278803944587708,5.426424195320578e-06,0.0,0.0003057036083191633,0.13251562416553497,0.006289750628061901,0.006289750337600708,0.003048649523407221,0.003550442634150386,0.003690543584525585,0.0006485391058959067,0.0016764792380854487,0.0008998658740893006,1.5602880716323853,0.0019922795353110056,nan,nan,nan,0,0
5,174,0.3099415898323059,0.30969977378845215,0.09745380282402039,5.426424195320578e-06,0.0,0.00048365650582127273,0.12800781428813934,0.06082303003215697,0.06082303076982498,0.023292651399970055,0.02640504762530327,0.010348604992032051,0.003477077931165695,0.009969297796487808,0.04734021797776222,1.55946946144104,0.001992083103651905,nan,nan,nan,0,0
5,175,0.21727582812309265,0.21721333265304565,0.04661450535058975,5.426424195320578e-06,0.0,0.00012498536671046168,0.1388203203678131,0.04036792894877381,0.04036792740225792,0.019074145704507828,0.01589457504451275,0.008836090564727783,0.0021221002098172903,0.005149989854544401,0.030066708102822304,1.5589094161987305,0.0019918842143207705,nan,nan,nan,0,0
5,176,0.2671818137168884,0.26714256405830383,0.07115045934915543,5.426424195320578e-06,0.0,7.848863606341183e-05,0.1411406248807907,0.1680404426148225,0.1680404394865036,0.06720349937677383,0.07343389093875885,0.03234969824552536,0.009203266352415085,0.027615351602435112,0.1281988024711609,1.5579241514205933,0.0019916828678108035,nan,nan,nan,0,0
5,177,0.21339058876037598,0.21301931142807007,0.04501551762223244,5.426838015409885e-06,0.0,0.0007425624644383788,0.12275000661611557,0.05969293098185539,0.059692930430173874,0.024033689871430397,0.022778015583753586,0.0051887622103095055,0.0032868238631635904,0.011375394649803638,0.04795480892062187,1.5568270683288574,0.0019914790646213,nan,nan,nan,0,0
5,178,0.2511324882507324,0.2509673833847046,0.06289248913526535,5.426424195320578e-06,0.0,0.0003302170953247696,0.13182812929153442,0.16974793841936625,0.1697479486465454,0.07325486838817596,0.06844253093004227,0.026975581422448158,0.00897407066076994,0.025420835241675377,0.13156470656394958,1.5566495656967163,0.0019912728052576484,nan,nan,nan,0,0
5,179,0.3861372172832489,0.3859873414039612,0.14699026942253113,5.426426014309982e-06,0.0,0.0002997225383296609,0.132687509059906,0.06437693785631646,0.06437693536281586,0.02564161829650402,0.023555440828204155,0.0056227222084999084,0.0034388392232358456,0.011756232008337975,0.052444152534008026,1.5561041831970215,0.0019910640902313266,nan,nan,nan,0,0
5,180,0.2958497405052185,0.29565176367759705,0.0875387191772461,5.426424195320578e-06,0.0,0.0003959480964113027,0.13010156154632568,0.007656572626211813,0.007656572852283716,0.004683964420109987,0.0034203524701297283,0.002788958139717579,0.0006697775097563863,0.0014671522658318281,0.0038216940592974424,1.5556145906448364,0.0019908529200599033,nan,nan,nan,0,0
5,181,0.27631980180740356,0.2760259509086609,0.07688865810632706,5.427419637271669e-06,0.0,0.0005876831710338593,0.1257578283548355,0.06439378334866169,0.0643937811255455,0.02983463741838932,0.026774512603878975,0.007636365480720997,0.003360854461789131,0.009462779387831688,0.048789605498313904,1.5552812814712524,0.001990639295267035,nan,nan,nan,0,0
5,182,0.3238915503025055,0.3233009874820709,0.10411126166582108,5.426424195320578e-06,0.0,0.0011811036383733153,0.11563281714916229,0.04618463540044066,0.046184636652469635,0.01940331421792507,0.01812959462404251,0.003765391418710351,0.0025649697054177523,0.008657725527882576,0.03649844229221344,1.555051326751709,0.0019904232163824647,nan,nan,nan,0,0
5,183,0.24231937527656555,0.24190159142017365,0.05779998376965523,5.654365395457717e-06,0.0,0.0008355703321285546,0.12109377235174179,0.04139057744749236,0.04139057546854019,0.01774483360350132,0.0150057477876544,0.006959088146686554,0.0021255379542708397,0.006430257111787796,0.032845597714185715,1.555110216140747,0.0019902046839420213,nan,nan,nan,0,0
5,184,0.2820300757884979,0.2817339599132538,0.07954157888889313,5.426426469057333e-06,0.0,0.0005922385025769472,0.12566405534744263,0.2586923436755607,0.25869235396385193,0.115488201379776,0.10530144721269608,0.035213652998209,0.013448616489768028,0.038155779242515564,0.19904541969299316,1.5563892126083374,0.0019899836984876187,nan,nan,nan,0,0
5,185,0.2648250460624695,0.2643764615058899,0.0697416290640831,5.426424195320578e-06,0.0,0.0008971895440481603,0.12004688382148743,0.08356191379748218,0.08356191217899323,0.03520263731479645,0.03397669643163681,0.0070550586096942425,0.004734649322926998,0.016614755615592003,0.06512074172496796,1.5572587251663208,0.0019897602605672524,nan,nan,nan,0,0
5,186,0.32641181349754333,0.3262058198451996,0.10973262041807175,5.654365395457717e-06,0.0,0.0004119636141695082,0.1297031193971634,0.2203136775637321,0.2203136831521988,0.09242996573448181,0.09273993223905563,0.03290710598230362,0.011632108129560947,0.03470172733068466,0.1702108383178711,1.558656096458435,0.0019895343707350007,nan,nan,nan,0,0
5,187,0.23164555430412292,0.23135359585285187,0.053912453353405,5.426734787761234e-06,0.0,0.0005839020595885813,0.12583594024181366,0.1864456813359721,0.1864456832408905,0.07965835928916931,0.08004190027713776,0.031618088483810425,0.009938127361238003,0.028780197724699974,0.14171472191810608,1.5604890584945679,0.0019893060295510206,nan,nan,nan,0,0
5,188,0.21390029788017273,0.21381230652332306,0.045903973281383514,5.426424195320578e-06,0.0,0.00017597679106984288,0.13673438131809235,0.16445934248600894,0.16445934772491455,0.06892912089824677,0.06911464035511017,0.02678705006837845,0.00878101959824562,0.026128889992833138,0.12665483355522156,1.5628297328948975,0.0019890752375815502,nan,nan,nan,0,0
5,189,0.23568280041217804,0.23568277060985565,0.05463775619864464,5.426424195320578e-06,0.0,7.055828632474004e-08,0.14973437786102295,0.05465139322236059,0.05465139448642731,0.022322755306959152,0.021026473492383957,0.009171219542622566,0.0028903011698275805,0.008305677212774754,0.04341552034020424,1.5643564462661743,0.0019888419953989034,nan,nan,nan,0,0
5,190,0.21041810512542725,0.2103852927684784,0.04408952593803406,5.426426014309982e-06,0.0,6.56353950034827e-05,0.14189843833446503,0.05793488547788338,0.05793488770723343,0.023817894980311394,0.02624615840613842,0.01560626458376646,0.0032976556103676558,0.008041467517614365,0.042204298079013824,1.5661524534225464,0.0019886063035814703,nan,nan,nan,0,0
6,1,0.34666433930397034,0.3465510308742523,0.12197023630142212,5.426541520137107e-06,0.0,0.00022664362040814012,0.1349453181028366,0.02545576252124343,0.025455763563513756,0.00988824013620615,0.010659908875823021,0.0036451297346502542,0.0013952046865597367,0.004210606217384338,0.02009034901857376,1.5676755905151367,0.0019883681627137152,nan,nan,nan,0,0
6,2,0.4475437104701996,0.4475194811820984,0.19930709898471832,5.426424195320578e-06,0.0,4.845473085879348e-05,0.15696094930171967,0.09496056687063748,0.09496057033538818,0.03551197052001953,0.042818766087293625,0.0246400348842144,0.005487058311700821,0.015073939226567745,0.07112313061952591,1.5682873725891113,0.0019881275733861763,nan,nan,nan,0,0
6,3,0.23853276669979095,0.23851342499256134,0.0558382086455822,5.426733423519181e-06,0.0,3.8672806113027036e-05,0.1562187522649765,0.040560717757509815,0.04056071862578392,0.015174894593656063,0.018557704985141754,0.011639022268354893,0.0024168395902961493,0.00600978871807456,0.029884452000260353,1.5684682130813599,0.0019878845361954636,nan,nan,nan,0,0
6,4,0.2588522434234619,0.2588379979133606,0.06641338020563126,5.427304131444544e-06,0.0,2.847227551683318e-05,0.14466406404972076,0.071033440319668,0.07103344053030014,0.02677885815501213,0.03277357667684555,0.019329192116856575,0.004120527766644955,0.010428323410451412,0.05248989164829254,1.5679936408996582,0.0019876390517442567,nan,nan,nan,0,0
6,5,0.2829492390155792,0.2829490303993225,0.07939609885215759,5.426424195320578e-06,0.0,4.004643301414035e-07,0.14936718344688416,0.05276263613724593,0.05276263505220413,0.021015945822000504,0.023974990472197533,0.012997242622077465,0.003024943871423602,0.007731726858764887,0.03910968452692032,1.5673093795776367,0.0019873911206413036,nan,nan,nan,0,0
6,6,0.39446789026260376,0.39442774653434753,0.1581401228904724,5.426426923804684e-06,0.0,8.029831224121153e-05,0.14103907346725464,0.06768522091476836,0.06768522411584854,0.025939390063285828,0.03078145533800125,0.016316086053848267,0.0039036523085087538,0.009461501613259315,0.050891708582639694,1.5662875175476074,0.0019871407435014202,nan,nan,nan,0,0
6,7,0.2546476125717163,0.25464096665382385,0.06494561582803726,5.427304131444544e-06,0.0,1.3311150723893661e-05,0.14635156095027924,0.11309345904121917,0.11309345811605453,0.04395238682627678,0.05016697198152542,0.028920888900756836,0.006468071136623621,0.017121903598308563,0.08467691391706467,1.5662065744400024,0.001986887920945488,nan,nan,nan,0,0
6,8,0.2332644760608673,0.2332635223865509,0.054465074092149734,5.426733423519181e-06,0.0,1.9122126104775816e-06,0.14861717820167542,0.0759568808165013,0.07595688104629517,0.029782013967633247,0.03686002641916275,0.02325189672410488,0.004566512536257505,0.009691307321190834,0.0535573773086071,1.566702961921692,0.001986632653600452,nan,nan,nan,0,0
6,9,0.23020264506340027,0.2301698923110962,0.05270069092512131,5.426424195320578e-06,0.0,6.550893886014819e-05,0.1419062465429306,0.05147052244596155,0.051470525562763214,0.020572813227772713,0.02302275039255619,0.013532350771129131,0.003020196221768856,0.007803346496075392,0.037984058260917664,1.5674655437469482,0.0019863749420993195,nan,nan,nan,0,0
6,10,0.28550267219543457,0.28550106287002563,0.08060884475708008,5.426424195320578e-06,0.0,3.2007471872930182e-06,0.14821094274520874,0.05651185585555701,0.056511856615543365,0.022368384525179863,0.02628456987440586,0.015310187824070454,0.0033219940960407257,0.0076191965490579605,0.04121743515133858,1.567673921585083,0.001986114787081161,nan,nan,nan,0,0
6,11,0.21252945065498352,0.2125103622674942,0.04551221430301666,5.426424195320578e-06,0.0,3.818838740698993e-05,0.14382033050060272,0.027842633130520877,0.027842633426189423,0.011570592410862446,0.01383456401526928,0.00804300419986248,0.0016548989806324244,0.003391262609511614,0.019261598587036133,1.5677059888839722,0.001985852189191102,nan,nan,nan,0,0
6,12,0.2277197539806366,0.2277141660451889,0.05174107849597931,5.426424195320578e-06,0.0,1.1180737601534929e-05,0.14665624499320984,0.04376540756649412,0.04376540705561638,0.017914602532982826,0.020779132843017578,0.012496279552578926,0.002574713435024023,0.005635724402964115,0.03111523762345314,1.567397952079773,0.001985587149080332,nan,nan,nan,0,0
6,13,0.47485730051994324,0.47485461831092834,0.2240234613418579,5.426541520137107e-06,0.0,5.383882125897799e-06,0.15232032537460327,0.023861883764744247,0.023861883208155632,0.009521537460386753,0.01119614765048027,0.007029631640762091,0.0014370111748576164,0.003577393712475896,0.01700287126004696,1.566939115524292,0.0019853196674060906,nan,nan,nan,0,0
6,14,0.3117935359477997,0.31176698207855225,0.0962018296122551,5.426424195320578e-06,0.0,5.313027941156179e-05,0.14271095395088196,0.00637559604075866,0.006375595927238464,0.0029222334269434214,0.0033670237753540277,0.0014993128133937716,0.000328964670188725,0.0005683382041752338,0.004253558814525604,1.5664920806884766,0.001985049744831676,nan,nan,nan,0,0
6,15,0.25701722502708435,0.25699999928474426,0.07089141011238098,5.426424195320578e-06,0.0,3.442383967922069e-05,0.1441328227519989,0.06132566267801678,0.06132566183805466,0.02407270297408104,0.027733705937862396,0.014846357516944408,0.003464063862338662,0.008250501938164234,0.04595322161912918,1.5657711029052734,0.0019847773820264366,nan,nan,nan,0,0
6,16,0.2807237505912781,0.2806728780269623,0.07914723455905914,5.426424195320578e-06,0.0,0.0001017258909996599,0.13991408050060272,0.02234149572653501,0.022341495379805565,0.008737053722143173,0.009956126101315022,0.0040483553893864155,0.0012199856573715806,0.0031559697818011045,0.01720012165606022,1.565072774887085,0.0019845025796657745,nan,nan,nan,0,0
6,17,0.21644805371761322,0.21643945574760437,0.04707414284348488,5.426424195320578e-06,0.0,1.720954242045991e-05,0.15414844453334808,0.07775015819569855,0.07775016129016876,0.029062701389193535,0.03464485704898834,0.018825188279151917,0.004483956377953291,0.011518056504428387,0.059101786464452744,1.565101981163025,0.00198422533843114,nan,nan,nan,0,0
6,18,0.30030882358551025,0.30029234290122986,0.08974020183086395,5.426424195320578e-06,0.0,3.297294460935518e-05,0.1442577987909317,0.03910886423441331,0.03910886496305466,0.015686381608247757,0.016406822949647903,0.008385974913835526,0.0020572147332131863,0.005509653128683567,0.030155329033732414,1.5648046731948853,0.001983945659010031,nan,nan,nan,0,0
6,19,0.3154864013195038,0.31544482707977295,0.10178101807832718,5.426424195320578e-06,0.0,8.312335558002815e-05,0.14088280498981476,0.02207778614996124,0.022077785804867744,0.007963281124830246,0.008791905827820301,0.0032351172994822264,0.0012625121744349599,0.003697407664731145,0.01791609451174736,1.5644007921218872,0.0019836635420959923,nan,nan,nan,0,0
6,20,0.21655958890914917,0.2165241837501526,0.0465889647603035,5.426424195320578e-06,0.0,7.079640636220574e-05,0.14158594608306885,0.14897411345008893,0.14897412061691284,0.05810299515724182,0.06197240203619003,0.031089402735233307,0.008415046148002148,0.02293580211699009,0.11581595242023468,1.562978744506836,0.001983378988388613,nan,nan,nan,0,0
6,21,0.3156973421573639,0.3156644105911255,0.09884358197450638,5.426424195320578e-06,0.0,6.588867836399004e-05,0.14188282191753387,0.09828985727121907,0.098289854824543,0.0385349802672863,0.04032818600535393,0.019322119653224945,0.005549225956201553,0.014938149601221085,0.07695649564266205,1.5611193180084229,0.001983091998593525,nan,nan,nan,0,0
6,22,0.2484862208366394,0.24832011759281158,0.061332616955041885,5.426424195320578e-06,0.0,0.00033220817567780614,0.1317734271287918,0.06323046249401638,0.06323046237230301,0.02665896527469158,0.028115607798099518,0.016900883987545967,0.0037110208068042994,0.00871413666754961,0.04606034979224205,1.559950351715088,0.0019828025734224004,nan,nan,nan,0,0
6,23,0.3021572232246399,0.3020291030406952,0.09065034985542297,5.426424195320578e-06,0.0,0.0002562500012572855,0.13399219512939453,0.006094618222039609,0.006094618700444698,0.004134234040975571,0.00255014025606215,0.0017415741458535194,0.0005185065092518926,0.0017230736557394266,0.0026978421956300735,1.5588929653167725,0.0019825107135929515,nan,nan,nan,0,0
6,24,0.2097860425710678,0.2096584141254425,0.04398025944828987,5.426424195320578e-06,0.0,0.00025525057571940124,0.13402344286441803,0.03603328446868016,0.03603328391909599,0.016191545873880386,0.016197333112359047,0.010336779057979584,0.002133006229996681,0.004206701181828976,0.025392573326826096,1.5582728385925293,0.0019822164198289283,nan,nan,nan,0,0
6,25,0.24351251125335693,0.24326078593730927,0.059032753109931946,5.426424195320578e-06,0.0,0.0005034413188695908,0.1275625079870224,0.11458748901495776,0.11458749324083328,0.04975121468305588,0.04936401918530464,0.019934961572289467,0.00616487255319953,0.015014364384114742,0.0869336724281311,1.5571134090423584,0.0019819196928601143,nan,nan,nan,0,0
6,26,0.19850309193134308,0.19827045500278473,0.039225950837135315,5.427304131444544e-06,0.0,0.00046527828089892864,0.12842969596385956,0.06609831636767029,0.06609831750392914,0.027263686060905457,0.0276607945561409,0.012303651310503483,0.0036493786610662937,0.00994742289185524,0.050959888845682144,1.5563852787017822,0.0019816205334223292,nan,nan,nan,0,0
6,27,0.29585787653923035,0.2955212891101837,0.0869327038526535,5.426426014309982e-06,0.0,0.0006731592584401369,0.1240546926856041,0.02958873471414568,0.029588734731078148,0.013147535733878613,0.012881369329988956,0.003236689604818821,0.00177584879565984,0.004719473421573639,0.022378619760274887,1.5555723905563354,0.0019813189422574237,nan,nan,nan,0,0
6,28,0.3418791890144348,0.34157058596611023,0.11566362529993057,5.426602001534775e-06,0.0,0.0006172120338305831,0.1251562535762787,0.034939224337606496,0.034939222037792206,0.015257350169122219,0.01495302189141512,0.008897447027266026,0.002117681549862027,0.004636735655367374,0.025675306096673012,1.5552552938461304,0.001981014920113279,nan,nan,nan,0,0
6,29,0.2909148931503296,0.2907566726207733,0.08451271057128906,5.426424195320578e-06,0.0,0.00031645086710341275,0.13221094012260437,0.09323087686890955,0.09323087334632874,0.03806518763303757,0.038464948534965515,0.0115726999938488,0.0051924181170761585,0.016038894653320312,0.07311190664768219,1.5544674396514893,0.001980708467743804,nan,nan,nan,0,0
6,30,0.22279901802539825,0.22256435453891754,0.049091752618551254,5.426601546787424e-06,0.0,0.00046933183330111206,0.12833593785762787,0.04052862882108135,0.04052862897515297,0.016586190089583397,0.015445723198354244,0.0031974706798791885,0.0023274188861250877,0.008025595918297768,0.03238590434193611,1.5536279678344727,0.0019803995859089345,nan,nan,nan,0,0
6,31,0.2524089515209198,0.252118319272995,0.06276854872703552,5.426424195320578e-06,0.0,0.000581261410843581,0.12589064240455627,0.053209729879672096,0.05320972949266434,0.02495943009853363,0.024348203092813492,0.013578413985669613,0.0029546543955802917,0.005919763818383217,0.03724674880504608,1.5534571409225464,0.0019800882753746307,nan,nan,nan,0,0
6,32,0.24394328892230988,0.24378645420074463,0.059006467461586,5.426424195320578e-06,0.0,0.0003136773593723774,0.1322890669107437,0.12851722199131266,0.12851722538471222,0.05486466735601425,0.05312854424118996,0.016019636765122414,0.006771087646484375,0.02060888707637787,0.0997832641005516,1.5528128147125244,0.0019797745369128754,nan,nan,nan,0,0
6,33,0.27902883291244507,0.27884310483932495,0.07701678574085236,5.426424195320578e-06,0.0,0.0003714656922966242,0.13072656095027924,0.07412268676490112,0.07412268966436386,0.03355582803487778,0.03125065565109253,0.012774413451552391,0.00393839692696929,0.011762299574911594,0.055448420345783234,1.5526143312454224,0.0019794583713016725,nan,nan,nan,0,0
6,34,0.2416394203901291,0.24143549799919128,0.05844781547784805,5.426424195320578e-06,0.0,0.0004078509518876672,0.12980468571186066,0.013785621037549291,0.013785621151328087,0.006620675325393677,0.0057540228590369225,0.0033322025556117296,0.00106527388561517,0.0037426347844302654,0.00931963138282299,1.5525715351104736,0.0019791397793250437,nan,nan,nan,0,0
6,35,0.23067784309387207,0.23050786554813385,0.0530276745557785,5.426424195320578e-06,0.0,0.0003399415872991085,0.1315625011920929,0.008874164599636266,0.008874163962900639,0.003937568981200457,0.003645189804956317,0.004387586377561092,0.0008190754451788962,0.0028014876879751682,0.0047104996629059315,1.5526173114776611,0.0019788187617730294,nan,nan,nan,0,0
6,36,0.269429087638855,0.26930689811706543,0.07192255556583405,5.426424195320578e-06,0.0,0.0002443851553834975,0.1343671828508377,0.04229298178361257,0.04229298233985901,0.01736227050423622,0.016993744298815727,0.003178069368004799,0.002363428706303239,0.009308386594057083,0.033107832074165344,1.5526167154312134,0.001978495319441683,nan,nan,nan,0,0
6,37,0.2571798861026764,0.2568681538105011,0.06627198308706284,5.427304131444544e-06,0.0,0.0006234381580725312,0.1250312626361847,0.10621136298350776,0.10621136426925659,0.045323096215724945,0.044924136251211166,0.009785090573132038,0.005962747614830732,0.019056737422943115,0.08193919062614441,1.552376627922058,0.001978169453133072,nan,nan,nan,0,0
6,38,0.26935312151908875,0.269219309091568,0.07148685306310654,5.426424195320578e-06,0.0,0.00026762959896586835,0.1336406171321869,0.17545871398568053,0.17545871436595917,0.07627501338720322,0.0731925368309021,0.022829381749033928,0.008976063691079617,0.028057189658284187,0.13498806953430176,1.5529175996780396,0.001977841163655274,nan,nan,nan,0,0
6,39,0.22355912625789642,0.22320280969142914,0.04944184795022011,5.426428742794087e-06,0.0,0.0007126392447389662,0.12330470234155655,0.08751907326996822,0.087519071996212,0.04025939106941223,0.03694017603993416,0.014624434523284435,0.0043396553955972195,0.012724214233458042,0.06541850417852402,1.5536479949951172,0.0019775104518223764,nan,nan,nan,0,0
6,40,0.2211194485425949,0.22099019587039948,0.048684261739254,5.426426014309982e-06,0.0,0.0002585062466096133,0.13392187654972076,0.03926711957593818,0.03926711902022362,0.016597680747509003,0.018101781606674194,0.008336573839187622,0.0021572362165898085,0.005787791684269905,0.028828779235482216,1.554456353187561,0.001977177318454473,nan,nan,nan,0,0
6,41,0.30713263154029846,0.3070347309112549,0.09326520562171936,5.426424195320578e-06,0.0,0.00019578139472287148,0.13600781559944153,0.0866676371314282,0.08666763454675674,0.03692791983485222,0.03888317197561264,0.013514352962374687,0.004542157519608736,0.013532734476029873,0.06518667936325073,1.5555830001831055,0.0019768417643776627,nan,nan,nan,0,0
6,42,0.25394314527511597,0.2538817822933197,0.06374723464250565,5.426424195320578e-06,0.0,0.00012272506137378514,0.13892187178134918,0.312816799169677,0.3128167986869812,0.12212802469730377,0.12477172166109085,0.03313126415014267,0.016621893271803856,0.062403421849012375,0.24920465052127838,1.5577691793441772,0.001976503790424047,nan,nan,nan,0,0
6,43,0.18498311936855316,0.18496562540531158,0.03406043350696564,5.426424195320578e-06,0.0,3.4976132155861706e-05,0.14408594369888306,0.062475725199683294,0.06247572600841522,0.023517316207289696,0.021638916805386543,0.004909489303827286,0.003273122478276491,0.014209446497261524,0.051431357860565186,1.5594291687011719,0.0019761633974317286,nan,nan,nan,0,0
6,44,0.2167590707540512,0.2167573720216751,0.04724294692277908,5.426424195320578e-06,0.0,3.3993608212767867e-06,0.15184374153614044,0.15173819142731299,0.15173819661140442,0.058669328689575195,0.06550026684999466,0.0256776362657547,0.008138296194374561,0.026264984160661697,0.11779932677745819,1.5600776672363281,0.0019758205862448084,nan,nan,nan,0,0
6,45,0.3042656183242798,0.3042188584804535,0.09173787385225296,5.427418273029616e-06,0.0,9.354529902338982e-05,0.14032812416553497,0.10236629178469654,0.10236629098653793,0.03880651295185089,0.0451165996491909,0.01808081567287445,0.005589117296040058,0.017186788842082024,0.07927083224058151,1.5600035190582275,0.0019754753577133836,nan,nan,nan,0,0
6,46,0.30506056547164917,0.30505943298339844,0.09297703951597214,5.426426469057333e-06,0.0,2.273517338835518e-06,0.14849218726158142,0.15820654762454686,0.15820655226707458,0.061270736157894135,0.07050690799951553,0.0306134931743145,0.008630875498056412,0.025271208956837654,0.12105235457420349,1.5590550899505615,0.001975127712693547,nan,nan,nan,0,0
6,47,0.29122358560562134,0.2912156581878662,0.08454813808202744,5.426426469057333e-06,0.0,1.5875139069976285e-05,0.15398436784744263,0.18396434000662915,0.183964341878891,0.0722426176071167,0.08104487508535385,0.034210775047540665,0.009896774776279926,0.031059276312589645,0.14079278707504272,1.5572762489318848,0.0019747776520473836,nan,nan,nan,0,0
6,48,0.27502334117889404,0.27501317858695984,0.07522625476121902,5.426424195320578e-06,0.0,2.0320348994573578e-05,0.1545078158378601,0.0343501538312519,0.03435015305876732,0.013598567806184292,0.013306761160492897,0.005476797465234995,0.0017566710012033582,0.005794530734419823,0.027409566566348076,1.5555671453475952,0.001974425176642967,nan,nan,nan,0,0
6,49,0.19223622977733612,0.1921224296092987,0.03641297668218613,5.426424195320578e-06,0.0,0.00022758544946555048,0.1349140703678131,0.034604653704780504,0.03460465371608734,0.014035237953066826,0.010567428544163704,0.0017792026046663523,0.001738006598316133,0.006317329593002796,0.029029790312051773,1.5539859533309937,0.0019740702873543604,nan,nan,nan,0,0
6,50,0.196168914437294,0.19610051810741425,0.0384242981672287,5.426424195320578e-06,0.0,0.00013678063987754285,0.1383046805858612,0.2243111240195951,0.22431112825870514,0.09146253019571304,0.08687907457351685,0.022559678182005882,0.011884929612278938,0.04249032214283943,0.17873582243919373,1.5534253120422363,0.0019737129850616133,nan,nan,nan,0,0
6,51,0.28225600719451904,0.28209707140922546,0.07960231602191925,5.426424195320578e-06,0.0,0.0003178419137839228,0.1321718841791153,0.18027488156200502,0.18027488887310028,0.07263543456792831,0.06828872859477997,0.014604575000703335,0.0096597233787179,0.03389130160212517,0.1452740579843521,1.552465558052063,0.001973353270650758,nan,nan,nan,0,0
6,52,0.24959704279899597,0.2493024468421936,0.06299867480993271,5.426424195320578e-06,0.0,0.0005891998880542815,0.12572656571865082,0.1299150500561673,0.1299150586128235,0.05682288482785225,0.05515322834253311,0.01742861047387123,0.006842394825071096,0.0211121067404747,0.09905001521110535,1.552215576171875,0.001972991145013808,nan,nan,nan,0,0
6,53,0.2141183316707611,0.21366503834724426,0.04537297785282135,5.426687039289391e-06,0.0,0.0009065744816325605,0.11989063024520874,0.011303949875443656,0.011303950101137161,0.0060972110368311405,0.004657010547816753,0.004107843153178692,0.0009977928129956126,0.0024702539667487144,0.006703986320644617,1.5520837306976318,0.001972626609048757,nan,nan,nan,0,0
6,54,0.2641281187534332,0.2638871371746063,0.06956695020198822,5.42642510481528e-06,0.0,0.0004819401656277478,0.12804687023162842,0.10530443137118647,0.10530442744493484,0.04273306205868721,0.04120324179530144,0.01326072122901678,0.005629423540085554,0.017277006059885025,0.08401886373758316,1.552539587020874,0.0019722596636595753,nan,nan,nan,0,0
6,55,0.4045070707798004,0.40435734391212463,0.16232147812843323,5.426424195320578e-06,0.0,0.0002994522510562092,0.13269531726837158,0.06460862382775112,0.0646086186170578,0.026779264211654663,0.02834031544625759,0.005879479460418224,0.003565237857401371,0.01231561042368412,0.04954814165830612,1.5527294874191284,0.0019718903097562085,nan,nan,nan,0,0
6,56,0.29675719141960144,0.29671478271484375,0.08730405569076538,5.426424195320578e-06,0.0,8.484121644869447e-05,0.14078907668590546,0.02303915210625137,0.02303915284574032,0.01098159234970808,0.01049734652042389,0.002387986285611987,0.0015512009849771857,0.004443716257810593,0.01649719849228859,1.5527392625808716,0.0019715185482545743,nan,nan,nan,0,0
6,57,0.3365706503391266,0.336343377828598,0.11219421029090881,5.42642510481528e-06,0.0,0.00045455576037056744,0.12867969274520874,0.20140502359249216,0.20140503346920013,0.0855177715420723,0.0840877816081047,0.026170451194047928,0.011009132489562035,0.03396852687001228,0.15562771260738373,1.5537140369415283,0.0019711443800765616,nan,nan,nan,0,0
6,58,0.3046639859676361,0.30433547496795654,0.09271212667226791,5.438048901851289e-06,0.0,0.000657040742225945,0.12436719983816147,0.02811178071577251,0.028111780062317848,0.012147699482738972,0.009266084991395473,0.00535184983164072,0.0014119275147095323,0.004052431788295507,0.022578468546271324,1.554718017578125,0.001970767806150025,nan,nan,nan,0,0
6,59,0.27447277307510376,0.27423179149627686,0.07559877634048462,5.426424195320578e-06,0.0,0.0004819395253434777,0.1280468851327896,0.0812082550570927,0.0812082588672638,0.03655494377017021,0.03516744449734688,0.008378477767109871,0.004508722107857466,0.013209596276283264,0.06129230558872223,1.5553040504455566,0.0019703888274087886,nan,nan,nan,0,0
6,60,0.32417812943458557,0.32384175062179565,0.10680651664733887,5.426424195320578e-06,0.0,0.0006727545405738056,0.12406249344348907,0.027609775261064114,0.027609774842858315,0.012059250846505165,0.012378335930407047,0.0071562062948942184,0.0016266184393316507,0.004271109122782946,0.019787658005952835,1.555954933166504,0.001970007444792636,nan,nan,nan,0,0
6,61,0.27723005414009094,0.27709224820137024,0.07672099769115448,5.426424195320578e-06,0.0,0.00027561187744140625,0.13339844346046448,0.011499335269930439,0.011499335058033466,0.007980415597558022,0.0044805207289755344,0.0015837335959076881,0.0008583723683841527,0.0018995439168065786,0.0064513045363128185,1.5564650297164917,0.001969623659247315,nan,nan,nan,0,0
6,62,0.28752705454826355,0.2872822880744934,0.0821010023355484,5.427304131444544e-06,0.0,0.0004895151942037046,0.12787501513957977,0.021616783314249585,0.021616782993078232,0.010771890170872211,0.009543515741825104,0.0069883824326097965,0.0013086883118376136,0.002719507785513997,0.01422065868973732,1.5570238828659058,0.00196923747172453,nan,nan,nan,0,0
6,63,0.2857096791267395,0.28567951917648315,0.08084817975759506,5.426424195320578e-06,0.0,6.030486838426441e-05,0.14223438501358032,0.1606319404168253,0.1606319397687912,0.06194465234875679,0.06848125904798508,0.023051287978887558,0.008707351982593536,0.029144074767827988,0.1257745623588562,1.5583288669586182,0.0019688488831819434,nan,nan,nan,0,0
6,64,0.2714453339576721,0.27141591906547546,0.0744643434882164,5.42642510481528e-06,0.0,5.885793507331982e-05,0.14232811331748962,0.05136269655667128,0.051362697035074234,0.020568525418639183,0.020688606426119804,0.006583560258150101,0.0027676813770085573,0.009009395726025105,0.040680110454559326,1.5591535568237305,0.00196845789458317,nan,nan,nan,0,0
6,65,0.2519553303718567,0.25182318687438965,0.06438305974006653,5.426424195320578e-06,0.0,0.00026431630249135196,0.1662578135728836,0.15063217445609736,0.15063217282295227,0.05558179318904877,0.06796921789646149,0.028404274955391884,0.008208307437598705,0.02645917795598507,0.11578702181577682,1.5589931011199951,0.001968064506897778,nan,nan,nan,0,0
6,66,0.4631665349006653,0.46308112144470215,0.21596287190914154,5.426424195320578e-06,0.0,0.00017083314014598727,0.16307032108306885,0.018773706274453676,0.018773706629872322,0.005970217753201723,0.005386801902204752,0.002360948361456394,0.0011314053554087877,0.005542161874473095,0.015818381682038307,1.5588417053222656,0.0019676687211012825,nan,nan,nan,0,0
6,67,0.4336899518966675,0.43365535140037537,0.19074250757694244,5.426424195320578e-06,0.0,6.922741886228323e-05,0.15832030773162842,0.0855534896065438,0.08555348962545395,0.03382551297545433,0.04061298817396164,0.015874352306127548,0.004554532468318939,0.014161435887217522,0.06365951895713806,1.5583211183547974,0.0019672705381751487,nan,nan,nan,0,0
6,68,0.22313930094242096,0.22306214272975922,0.04921858757734299,5.427304131444544e-06,0.0,0.00015430300845764577,0.13757812976837158,0.17735204685765352,0.17735204100608826,0.06609588861465454,0.07365843653678894,0.019486436620354652,0.009468873962759972,0.03726006671786308,0.1407189518213272,1.557283878326416,0.0019668699591067827,nan,nan,nan,0,0
6,69,0.214822456240654,0.2147742360830307,0.04617423936724663,5.426424650067929e-06,0.0,9.643853263696656e-05,0.14017969369888306,0.23719354847481278,0.23719355463981628,0.09511204808950424,0.10221873968839645,0.031028851866722107,0.012922163121402264,0.04170841723680496,0.1841098666191101,1.5553644895553589,0.001966466984889535,nan,nan,nan,0,0
6,70,0.2624175250530243,0.26230549812316895,0.06848086416721344,5.426424195320578e-06,0.0,0.00022406356583815068,0.13503125309944153,0.023759423376250893,0.023759422823786736,0.009307917207479477,0.00670798821374774,0.003214019350707531,0.0011988494079560041,0.0041011967696249485,0.020106934010982513,1.553831696510315,0.001966061616522694,nan,nan,nan,0,0
6,71,0.25448599457740784,0.25430727005004883,0.06540145725011826,5.426424195320578e-06,0.0,0.00035744631895795465,0.13109375536441803,0.10139094817655012,0.10139094293117523,0.04688199982047081,0.042620349675416946,0.007206125650554895,0.006453150417655706,0.018485620617866516,0.07635717839002609,1.5523239374160767,0.001965653855011486,nan,nan,nan,0,0
6,72,0.23268258571624756,0.2323988825082779,0.053520794957876205,5.4380507208406925e-06,0.0,0.0005674079293385148,0.12617968022823334,0.043046210769808343,0.04304620996117592,0.022729292511940002,0.02163374237716198,0.009930379688739777,0.0025905927177518606,0.004036396741867065,0.02732618898153305,1.5512901544570923,0.0019652437013670714,nan,nan,nan,0,0
6,73,0.2972751259803772,0.29692068696022034,0.08866170793771744,5.426424195320578e-06,0.0,0.000708890613168478,0.12337500602006912,0.3041649509071898,0.30416494607925415,0.13293631374835968,0.1309443712234497,0.026316674426198006,0.018154196441173553,0.05578232929110527,0.231439009308815,1.550978422164917,0.0019648311566065426,nan,nan,nan,0,0
6,74,0.20349562168121338,0.20340731739997864,0.04062070697546005,5.42642510481528e-06,0.0,0.0001765992201399058,0.13671094179153442,0.1781138768025246,0.1781138777732849,0.07350000739097595,0.06981617957353592,0.011759833432734013,0.010629343800246716,0.036375246942043304,0.14097364246845245,1.550865888595581,0.0019644162217529217,nan,nan,nan,0,0
6,75,0.29624223709106445,0.29614803194999695,0.08814716339111328,5.426424195320578e-06,0.0,0.00018841851851902902,0.13627344369888306,0.1818560186962409,0.18185602128505707,0.07417852431535721,0.07363220304250717,0.013274346478283405,0.010584084317088127,0.03372669592499733,0.1439504623413086,1.551026463508606,0.0019639988978351576,nan,nan,nan,0,0
6,76,0.26438280940055847,0.26400554180145264,0.06918003410100937,5.438048901851289e-06,0.0,0.0007545325206592679,0.12253125011920929,0.08221198893880537,0.08221198618412018,0.03511930629611015,0.0325348787009716,0.00579026946797967,0.005104244686663151,0.01359471958130598,0.06498099863529205,1.5511243343353271,0.001963579185888123,nan,nan,nan,0,0
6,77,0.241244375705719,0.24106624722480774,0.05922254920005798,5.426424195320578e-06,0.0,0.00035626572207547724,0.13112500309944153,0.07481399342694038,0.07481399178504944,0.03319883719086647,0.029982484877109528,0.006279196590185165,0.004172711633145809,0.01299806497991085,0.058053698390722275,1.5513410568237305,0.001963157086952613,nan,nan,nan,0,0
6,78,0.2001776397228241,0.20012438297271729,0.040383029729127884,5.426424195320578e-06,0.0,0.00010650901822373271,0.1396796852350235,0.2024062906626695,0.20240628719329834,0.08268868923187256,0.08306914567947388,0.018185468390583992,0.01101773139089346,0.04020565748214722,0.15862473845481873,1.5508906841278076,0.0019627326020753423,nan,nan,nan,0,0
6,79,0.18490304052829742,0.18482810258865356,0.03431493043899536,5.426424195320578e-06,0.0,0.0001498710480518639,0.1377578228712082,0.053065264166540144,0.053065262734889984,0.019257016479969025,0.017162654548883438,0.0030202744528651237,0.002934073330834508,0.01268124021589756,0.04440707340836525,1.5504209995269775,0.001962305732308941,nan,nan,nan,0,0
6,80,0.2358202040195465,0.23546534776687622,0.05489269644021988,5.438048901851289e-06,0.0,0.0007097228080965579,0.12335938215255737,0.1760392929103089,0.17603929340839386,0.07171981781721115,0.07325050979852676,0.014813809655606747,0.009603706188499928,0.034261494874954224,0.13782210648059845,1.5496082305908203,0.0019618764787119546,nan,nan,nan,0,0
6,81,0.21858736872673035,0.21849749982357025,0.04830978065729141,5.42642510481528e-06,0.0,0.00017972785281017423,0.1365937441587448,0.14905836327596295,0.14905835688114166,0.05831741541624069,0.05941082537174225,0.011540567502379417,0.00881488248705864,0.030130084604024887,0.11903411149978638,1.5491279363632202,0.001961444842348839,nan,nan,nan,0,0
6,82,0.26385021209716797,0.26377996802330017,0.06861012428998947,5.426424195320578e-06,0.0,0.00014045991702005267,0.13814842700958252,0.36471745880584594,0.3647174537181854,0.14566199481487274,0.14402833580970764,0.022400498390197754,0.021627698093652725,0.07444140315055847,0.29076826572418213,1.5483676195144653,0.0019610108242899588,nan,nan,nan,0,0
6,83,0.21895040571689606,0.21884764730930328,0.04783046245574951,5.4264551181404386e-06,0.0,0.00020551933266688138,0.13566406071186066,0.2537585065789736,0.2537584900856018,0.10269281268119812,0.09847620129585266,0.017604807391762733,0.014705407433211803,0.049614373594522476,0.20288479328155518,1.5480329990386963,0.0019605744256115856,nan,nan,nan,0,0
6,84,0.18059922754764557,0.18032291531562805,0.032567258924245834,5.42668658454204e-06,0.0,0.0005526175373233855,0.1264921873807907,0.2226572554331294,0.2226572483778,0.08598636090755463,0.09042441099882126,0.01476958952844143,0.013183857314288616,0.04895631968975067,0.17668431997299194,1.5478806495666504,0.001960135647395894,nan,nan,nan,0,0
6,85,0.24528595805168152,0.2450837641954422,0.05992894247174263,5.426444204204017e-06,0.0,0.0004043867811560631,0.12989063560962677,0.12298426259898353,0.12298426777124405,0.05160103365778923,0.05178159102797508,0.010933381505310535,0.006986590102314949,0.021300392225384712,0.09570303559303284,1.5480562448501587,0.001959694490730958,nan,nan,nan,0,0
6,86,0.18013954162597656,0.1801297664642334,0.03222762048244476,5.426424195320578e-06,0.0,1.9553108359104954e-05,0.14557811617851257,0.211182117635152,0.2111821174621582,0.08634687215089798,0.09230858087539673,0.0180370956659317,0.01239130087196827,0.03946283459663391,0.16304917633533478,1.54875910282135,0.0019592509567107523,nan,nan,nan,0,0
6,87,0.15523388981819153,0.15515360236167908,0.024872832000255585,5.426424195320578e-06,0.0,0.00016057636821642518,0.1373281329870224,0.014092514193152004,0.014092514291405678,0.007356497459113598,0.007595371454954147,0.005005495622754097,0.0009275940246880054,0.001591959036886692,0.007638159673660994,1.549532413482666,0.0019588050464351445,nan,nan,nan,0,0
6,88,0.2506931722164154,0.2505805492401123,0.06483182311058044,5.426424195320578e-06,0.0,0.00022523477673530579,0.13499218225479126,0.011312755290926152,0.01131275575608015,0.005334302317351103,0.004094372969120741,0.004694919101893902,0.0008573250961489975,0.003194875782355666,0.007055158261209726,1.550252079963684,0.0019583567610098962,nan,nan,nan,0,0
6,89,0.22496967017650604,0.22493571043014526,0.050241515040397644,5.426424195320578e-06,0.0,6.79336953908205e-05,0.1417578160762787,0.17682897913389808,0.17682898044586182,0.06948841363191605,0.07424916326999664,0.025721432641148567,0.009462477639317513,0.02885880507528782,0.13907893002033234,1.5518238544464111,0.001957906101546659,nan,nan,nan,0,0
6,90,0.2440427988767624,0.24403144419193268,0.05870543792843819,5.426424195320578e-06,0.0,2.271122684760485e-05,0.1452343761920929,0.03707655633840551,0.03707655519247055,0.014651771634817123,0.01608840748667717,0.00630859425291419,0.001953962491825223,0.005505907814949751,0.02876157872378826,1.5528850555419922,0.0019574530691629697,nan,nan,nan,0,0
6,91,0.25811102986335754,0.2580493092536926,0.06591478735208511,5.426424195320578e-06,0.0,0.00012341837282292545,0.16110938787460327,0.033295318182749806,0.033295318484306335,0.013392429798841476,0.014276380650699139,0.008420931175351143,0.0019130262080579996,0.005574380047619343,0.024894990026950836,1.55350661277771,0.001956997664982252,nan,nan,nan,0,0
6,92,0.2668837010860443,0.2668621242046356,0.07082650065422058,5.426733423519181e-06,0.0,4.316896593081765e-05,0.143429696559906,0.03460759179031201,0.03460759297013283,0.012990828603506088,0.014762434177100658,0.004733785521239042,0.001855293638072908,0.006447141058743,0.027268623933196068,1.5538424253463745,0.0019565398901338084,nan,nan,nan,0,0
6,93,0.18223364651203156,0.18219563364982605,0.032981984317302704,5.426424195320578e-06,0.0,7.601649849675596e-05,0.1587187498807907,0.005223861572827768,0.005223861429840326,0.00234263576567173,0.0022875680588185787,0.00207213475368917,0.0004435038717929274,0.0018853171495720744,0.002919411053881049,1.5540574789047241,0.0019560797457528235,nan,nan,nan,0,0
6,94,0.3484530746936798,0.34841981530189514,0.12106627225875854,5.426424195320578e-06,0.0,6.652424781350419e-05,0.15815624594688416,0.05687188238722906,0.05687188357114792,0.022732047364115715,0.02666269801557064,0.013959032483398914,0.0032893845345824957,0.00890141911804676,0.041495248675346375,1.5537205934524536,0.001955617232980355,nan,nan,nan,0,0
6,95,0.2793717086315155,0.27937009930610657,0.07804528623819351,5.426424195320578e-06,0.0,3.2007471872930182e-06,0.15178906917572021,0.03414212171495422,0.03414212167263031,0.011825568042695522,0.014380223117768764,0.0058471569791436195,0.001921284245327115,0.006125693675130606,0.02726985327899456,1.5537126064300537,0.0019551523529633343,nan,nan,nan,0,0
6,96,0.3563079535961151,0.35626327991485596,0.12698110938072205,5.426424195320578e-06,0.0,8.936143422033638e-05,0.1594531238079071,0.046983438265794916,0.04698343575000763,0.01569257490336895,0.018514985218644142,0.0059043727815151215,0.002587738912552595,0.009703501127660275,0.03850540146231651,1.5539745092391968,0.001954685106854564,nan,nan,nan,0,0
6,97,0.2535116374492645,0.25349125266075134,0.0637407973408699,5.426424195320578e-06,0.0,4.07402403652668e-05,0.15638281404972076,0.039638065683560646,0.03963806480169296,0.01609165035188198,0.019316760823130608,0.010067946277558804,0.0023556433152407408,0.006409108638763428,0.028126651421189308,1.5538071393966675,0.001954215495812714,nan,nan,nan,0,0
6,98,0.2705862820148468,0.2705841362476349,0.07666262984275818,5.426424195320578e-06,0.0,4.318565970606869e-06,0.14792189002037048,0.09898281111216171,0.0989828109741211,0.0389215350151062,0.045086462050676346,0.022248806431889534,0.0056778304278850555,0.01523651834577322,0.07409806549549103,1.5527384281158447,0.001953743521002317,nan,nan,nan,0,0
6,99,0.247259259223938,0.24725797772407532,0.061235781759023666,5.426424195320578e-06,0.0,2.5650006136856973e-06,0.15160156786441803,0.029991698353827596,0.029991697520017624,0.01169290579855442,0.01415193546563387,0.007310437969863415,0.001762210507877171,0.004258157219737768,0.022086666896939278,1.551479697227478,0.0019532691835937696,nan,nan,nan,0,0
6,100,0.24029231071472168,0.24029231071472168,0.05725903436541557,5.426424195320578e-06,0.0,5.494114052595478e-10,0.1500234454870224,0.07760029090129034,0.07760029286146164,0.030675077810883522,0.035234253853559494,0.016972901299595833,0.004379055462777615,0.011790397576987743,0.05825052037835121,1.5497334003448486,0.001952792484763326,nan,nan,nan,0,0
6,101,0.23686730861663818,0.23686514794826508,0.054868001490831375,5.426733423519181e-06,0.0,4.318565970606869e-06,0.14792189002037048,0.016085329257192624,0.01608533039689064,0.006220776122063398,0.007403160911053419,0.003549491986632347,0.0008581961737945676,0.002053335774689913,0.012152423150837421,1.5480893850326538,0.0019523134256930958,nan,nan,nan,0,0
6,102,0.22550830245018005,0.22533948719501495,0.050586678087711334,5.427159976534313e-06,0.0,0.00033764095860533416,0.1316249966621399,0.008750258486875053,0.008750258944928646,0.00364032038487494,0.0037044116761535406,0.002480952301993966,0.0007610887405462563,0.002719089388847351,0.005955216009169817,1.546727180480957,0.0019518320075710427,nan,nan,nan,0,0
6,103,0.5125848650932312,0.5125847458839417,0.2663678228855133,5.426424195320578e-06,0.0,2.578777866801829e-07,0.14949218928813934,0.026853118380996327,0.02685311809182167,0.010156144388020039,0.012542029842734337,0.005702002439647913,0.0015189351979643106,0.004392022266983986,0.02016259729862213,1.5453126430511475,0.0019513482315909787,nan,nan,nan,0,0
6,104,0.21902820467948914,0.2189664989709854,0.048083070665597916,5.426429197541438e-06,0.0,0.00012341837282292545,0.13889062404632568,0.04696873215426942,0.0469687320291996,0.01829000562429428,0.01940937526524067,0.010017523542046547,0.0027536340057849884,0.008030246011912823,0.036364756524562836,1.5449421405792236,0.0019508620989525651,nan,nan,nan,0,0
6,105,0.22046905755996704,0.22045835852622986,0.04850965365767479,5.426424195320578e-06,0.0,2.1390695110312663e-05,0.14537499845027924,0.10739719680443913,0.10739719122648239,0.042505715042352676,0.04640054330229759,0.018780604004859924,0.005972463171929121,0.017061443999409676,0.08303575962781906,1.5449419021606445,0.0019503736108613047,nan,nan,nan,0,0
6,106,0.2541874945163727,0.2541874945163727,0.06417862325906754,5.426424195320578e-06,0.0,6.103794802925222e-09,0.14992187917232513,0.10411345850248284,0.10411345958709717,0.0425267294049263,0.04503604769706726,0.019586190581321716,0.005801225546747446,0.01584111899137497,0.07959038764238358,1.5449416637420654,0.001949882768528543,nan,nan,nan,0,0
6,107,0.21601402759552002,0.216006338596344,0.046368785202503204,5.426424195320578e-06,0.0,1.538115247967653e-05,0.14607812464237213,0.03302835605744763,0.03302835673093796,0.014940246008336544,0.014246439561247826,0.006043985020369291,0.001735070371069014,0.003680285532027483,0.02473086304962635,1.5449414253234863,0.0019493895731714627,nan,nan,nan,0,0
6,108,0.3688276410102844,0.36819612979888916,0.13506922125816345,5.426541065389756e-06,0.0,0.0012630248675122857,0.11446094512939453,0.0161000277269521,0.016100028529763222,0.008695393800735474,0.0064095789566636086,0.005261079408228397,0.0012237133923918009,0.0034225608687847853,0.01008106954395771,1.5449411869049072,0.001948894026013082,nan,nan,nan,0,0
6,109,0.3412628769874573,0.3409629464149475,0.11391571164131165,5.426424195320578e-06,0.0,0.0005998673150315881,0.12550781667232513,0.05326793235785896,0.053267933428287506,0.02381497621536255,0.02195998653769493,0.0051063899882137775,0.0028768035117536783,0.008099948987364769,0.04108671471476555,1.5449409484863281,0.0019483961282822507,nan,nan,nan,0,0
6,110,0.26899799704551697,0.268475204706192,0.071245476603508,5.426733423519181e-06,0.0,0.0010456133168190718,0.11766406148672104,0.011618381654196711,0.01161838136613369,0.008434172719717026,0.005017231218516827,0.0034444364719092846,0.0010208389721810818,0.002530435100197792,0.004401085898280144,1.544940710067749,0.0019478958812136475,nan,nan,nan,0,0
6,111,0.2742810547351837,0.27388134598731995,0.07479493319988251,5.426733423519181e-06,0.0,0.0007993878680281341,0.12172655761241913,0.014176353673794877,0.014176353812217712,0.007428342942148447,0.005886715836822987,0.00475634029135108,0.0010931806173175573,0.0030636824667453766,0.008827872574329376,1.54494047164917,0.0019473932860477772,nan,nan,nan,0,0
6,112,0.23635250329971313,0.23607875406742096,0.05585746467113495,5.426424195320578e-06,0.0,0.0005474871722981334,0.12660156190395355,0.03032432900603498,0.030324328690767288,0.013614421710371971,0.013000985607504845,0.006051200442016125,0.001807949272915721,0.004289054311811924,0.022514553740620613,1.5449402332305908,0.0019468883440309675,nan,nan,nan,0,0
6,113,0.3166172504425049,0.3160516619682312,0.1000579297542572,5.426424195320578e-06,0.0,0.0011311662383377552,0.11636719107627869,0.21367253277544493,0.21367253363132477,0.10084808617830276,0.08895040303468704,0.01900414749979973,0.011165060102939606,0.02856302447617054,0.16208571195602417,1.5449399948120117,0.0019463810564153653,nan,nan,nan,0,0
6,114,0.3426856994628906,0.3422512710094452,0.11805874109268188,5.426424195320578e-06,0.0,0.0008688676171004772,0.12052344530820847,0.1176731938104345,0.11767319589853287,0.05517733842134476,0.048025015741586685,0.008909112773835659,0.006195113528519869,0.016817880794405937,0.08997470140457153,1.5449397563934326,0.0019458714244589342,nan,nan,nan,0,0
6,115,0.30884110927581787,0.3080292046070099,0.09557710587978363,5.427418273029616e-06,0.0,0.001623837510123849,0.10970313847064972,0.020205393353557477,0.020205393433570862,0.010773343034088612,0.009320453740656376,0.007210942916572094,0.0013887379318475723,0.0026327823288738728,0.012019330635666847,1.5449395179748535,0.0019453594494254517,nan,nan,nan,0,0
6,116,0.2412368804216385,0.24056847393512726,0.05762194097042084,5.427418273029616e-06,0.0,0.0013368159998208284,0.11343751102685928,0.10415593120719173,0.10415592789649963,0.047034699469804764,0.0387444905936718,0.008949540555477142,0.005760032217949629,0.01368175819516182,0.082671619951725,1.5449392795562744,0.001944845132584505,nan,nan,nan,0,0
6,117,0.2009093314409256,0.2004527449607849,0.03993849828839302,5.426424195320578e-06,0.0,0.0009131728438660502,0.1197812557220459,0.13039381179953316,0.13039381802082062,0.06106116995215416,0.05270116403698921,0.011214121244847775,0.00720116076990962,0.01778057962656021,0.10001452267169952,1.5449390411376953,0.0019443284752114892,nan,nan,nan,0,0
6,118,0.31231889128685,0.31184226274490356,0.09662982821464539,5.426424195320578e-06,0.0,0.0009532659314572811,0.11912500113248825,0.45101375383729725,0.4510137438774109,0.2106660157442093,0.18054911494255066,0.03259410336613655,0.025360435247421265,0.06299132108688354,0.3475080132484436,1.5449388027191162,0.0019438094785876024,nan,nan,nan,0,0
6,119,0.20542030036449432,0.20514141023159027,0.042813852429389954,5.426424195320578e-06,0.0,0.000557771825697273,0.12638281285762787,0.05011725121028313,0.05011725053191185,0.025282036513090134,0.021925674751400948,0.007366665173321962,0.002799865324050188,0.00828521978110075,0.035511553287506104,1.544938564300537,0.0019432881439998442,nan,nan,nan,0,0
6,120,0.2769519090652466,0.2766229808330536,0.07606378197669983,5.426424195320578e-06,0.0,0.0006578427273780107,0.12435156106948853,0.07578228939939402,0.07578228414058685,0.03628598898649216,0.030514033511281013,0.010079839266836643,0.0038676836993545294,0.010331667959690094,0.057200267910957336,1.544938325881958,0.0019427644727410126,nan,nan,nan,0,0
6,121,0.3655001223087311,0.36504754424095154,0.13140495121479034,5.426424195320578e-06,0.0,0.0009051639935933053,0.11991406232118607,0.019112698776575423,0.01911269873380661,0.009768085554242134,0.007954324595630169,0.004051561933010817,0.0013675180962309241,0.004181747790426016,0.013070432469248772,1.544938087463379,0.0019422384661096981,nan,nan,nan,0,0
6,122,0.3490728735923767,0.34888291358947754,0.12280301749706268,5.426424195320578e-06,0.0,0.00037994561716914177,0.13050781190395355,0.025367317391161794,0.025367317721247673,0.012208379805088043,0.010635088197886944,0.006303990725427866,0.0014890219317749143,0.003363212803378701,0.018113046884536743,1.5449378490447998,0.0019417101254102843,nan,nan,nan,0,0
6,123,0.2533414363861084,0.25321194529533386,0.06417057663202286,5.426424195320578e-06,0.0,0.0002590091316960752,0.13390624523162842,0.10454406931867283,0.10454406589269638,0.04608975350856781,0.04501542076468468,0.014581405557692051,0.005559898912906647,0.014576772227883339,0.07951601594686508,1.5449376106262207,0.0019411794519529418,nan,nan,nan,0,0
6,124,0.32632067799568176,0.3261878788471222,0.10711131244897842,5.426733423519181e-06,0.0,0.0002655877615325153,0.13370314240455627,0.0773681311813961,0.07736813277006149,0.03177516162395477,0.03325266391038895,0.010857590474188328,0.0041991365142166615,0.011488215066492558,0.06002439558506012,1.5449373722076416,0.0019406464470536262,nan,nan,nan,0,0
6,125,0.3937720060348511,0.3937127888202667,0.15468847751617432,5.426424195320578e-06,0.0,0.00011843554966617376,0.13911719620227814,0.034933695562990245,0.03493369370698929,0.01475715171545744,0.015389873646199703,0.004649118985980749,0.0018909926293417811,0.005286064930260181,0.026694731786847115,1.5449371337890625,0.0019401111120340743,nan,nan,nan,0,0
6,126,0.31167200207710266,0.311618834733963,0.09799132496118546,5.426733423519181e-06,0.0,0.00010634760838001966,0.13968750834465027,0.025528322660634317,0.025528322905302048,0.009616470895707607,0.010051634162664413,0.002035384764894843,0.0013859961181879044,0.005642129573971033,0.020500877872109413,1.5449368953704834,0.0019395734482218015,nan,nan,nan,0,0
6,127,0.22989434003829956,0.22970299422740936,0.05218340456485748,5.426424195320578e-06,0.0,0.0003826919128187001,0.13043749332427979,0.12778690469544457,0.12778690457344055,0.05368804559111595,0.057166218757629395,0.020644042640924454,0.007086525205522776,0.018586155027151108,0.0967329815030098,1.5449366569519043,0.0019390334569500977,nan,nan,nan,0,0
6,128,0.2630169093608856,0.26299598813056946,0.06830395758152008,5.426424195320578e-06,0.0,4.1844828956527635e-05,0.14353124797344208,0.1674531956243116,0.16745318472385406,0.0714448094367981,0.0694551095366478,0.025652294978499413,0.00890749879181385,0.023747339844703674,0.12965677678585052,1.5449364185333252,0.0019384911395580252,nan,nan,nan,0,0
6,129,0.39118078351020813,0.391062468290329,0.15457721054553986,5.426424195320578e-06,0.0,0.00023663134197704494,0.1346171796321869,0.08553132607093397,0.0855313241481781,0.03870915621519089,0.03593924269080162,0.014055577106773853,0.004638521000742912,0.01083322986960411,0.06472361087799072,1.544936180114746,0.0019379464973904134,nan,nan,nan,0,0
6,130,0.21481716632843018,0.21427807211875916,0.04686947911977768,5.426733423519181e-06,0.0,0.0010781983146443963,0.11716407537460327,0.00996447960103197,0.009964479133486748,0.0061873821541666985,0.005091740284115076,0.004695158917456865,0.000981832155957818,0.002301890403032303,0.0026027150452136993,1.544935941696167,0.0019373995317978575,nan,nan,nan,0,0
6,131,0.23585231602191925,0.23541395366191864,0.05521702393889427,5.426733423519181e-06,0.0,0.0008767150575295091,0.1203906312584877,0.009744641431187362,0.009744641371071339,0.0050915381871163845,0.004029613919556141,0.004043347667902708,0.0009187927353195846,0.002288148272782564,0.0055107190273702145,1.544935703277588,0.001936850244136714,nan,nan,nan,0,0
6,132,0.29397186636924744,0.29361408948898315,0.08540885895490646,5.426424195320578e-06,0.0,0.0007155624334700406,0.12325000762939453,0.052163839759337874,0.05216383934020996,0.023639189079403877,0.02250094711780548,0.010086403228342533,0.002962676575407386,0.006542272865772247,0.03876400366425514,1.5449354648590088,0.0019362986357690977,nan,nan,nan,0,0
6,133,0.35058632493019104,0.35021546483039856,0.12685196101665497,5.426424195320578e-06,0.0,0.0007417108281515539,0.12276563793420792,0.039760255473709566,0.03976025432348251,0.02001975104212761,0.018221549689769745,0.00924621056765318,0.0022244311403483152,0.003921952564269304,0.027244089171290398,1.5449352264404297,0.0019357447080628784,nan,nan,nan,0,0
6,134,0.24390189349651337,0.243665874004364,0.058940138667821884,5.426733423519181e-06,0.0,0.00047204355360008776,0.12827344238758087,0.08972892026964048,0.08972892165184021,0.04201081395149231,0.039114486426115036,0.013423805125057697,0.004820667207241058,0.012181694619357586,0.06636713445186615,1.5449349880218506,0.0019351884623916764,nan,nan,nan,0,0
6,135,0.2417907863855362,0.24167557060718536,0.058305397629737854,5.426424195320578e-06,0.0,0.00023042310203891248,0.13482031226158142,0.018311719622271874,0.018311720341444016,0.008642700500786304,0.007241725921630859,0.0016054562292993069,0.0010162272956222296,0.0027950669173151255,0.014027031138539314,1.5449347496032715,0.0019346299001348616,nan,nan,nan,0,0
6,136,0.26863813400268555,0.26856881380081177,0.07224633544683456,5.426424195320578e-06,0.0,0.0001386138319503516,0.13822656869888306,0.028681992055473088,0.02868199162185192,0.011746753007173538,0.013968003913760185,0.006154579110443592,0.0017782746581360698,0.00447859475389123,0.020699430257081985,1.5449345111846924,0.0019340690226775476,nan,nan,nan,0,0
6,137,0.4719476103782654,0.47189298272132874,0.2216314673423767,5.426424195320578e-06,0.0,0.000109268024971243,0.13954687118530273,0.055224491713369434,0.05522449314594269,0.022570833563804626,0.02243705652654171,0.0056395456194877625,0.002930897055193782,0.00889206025749445,0.04378832131624222,1.5449342727661133,0.001933505831410589,nan,nan,nan,0,0
6,138,0.4166021943092346,0.4165875017642975,0.17292767763137817,5.426424195320578e-06,0.0,2.9396749596344307e-05,0.14457812905311584,0.0673132291973139,0.06731323152780533,0.028798140585422516,0.02878633886575699,0.00850699283182621,0.0035420118365436792,0.01002747192978859,0.051842257380485535,1.5449340343475342,0.0019329403277305792,nan,nan,nan,0,0
6,139,0.2593340277671814,0.25927266478538513,0.06702269613742828,5.426424195320578e-06,0.0,0.00012272506137378514,0.13892187178134918,0.13756085864863613,0.1375608593225479,0.0585038885474205,0.05936992168426514,0.020791910588741302,0.007348857820034027,0.020711759105324745,0.10516753792762756,1.544933795928955,0.0019323725130398445,nan,nan,nan,0,0
6,140,0.24744746088981628,0.24736914038658142,0.06038409844040871,5.426424195320578e-06,0.0,0.00015664110833313316,0.1374843716621399,0.07717907726143455,0.07717907428741455,0.03129126504063606,0.032726265490055084,0.008989802561700344,0.004186901263892651,0.012737778946757317,0.0603809617459774,1.544933557510376,0.0019318023887464428,nan,nan,nan,0,0
6,141,0.24176251888275146,0.2417532205581665,0.05831994116306305,5.426424195320578e-06,0.0,1.8597787857288495e-05,0.14568749070167542,0.03114341957989665,0.031143419444561005,0.012589026242494583,0.012005497701466084,0.0036729336716234684,0.001607049023732543,0.005510436370968819,0.02491704374551773,1.5449333190917969,0.0019312299562641595,nan,nan,nan,0,0
6,142,0.2062864899635315,0.20623601973056793,0.04247984290122986,5.426424195320578e-06,0.0,0.00010093958553625271,0.1399531364440918,0.00844574396842515,0.008445744402706623,0.0037235883064568043,0.003968838136643171,0.0028932939749211073,0.0006330045871436596,0.0017608460038900375,0.005462726578116417,1.5449330806732178,0.0019306552170125033,nan,nan,nan,0,0
6,143,0.17914415895938873,0.17912624776363373,0.03164868429303169,5.426426923804684e-06,0.0,3.581281271181069e-05,0.1440156251192093,0.018578509753681326,0.018578508868813515,0.0067654564045369625,0.00712927058339119,0.0017290706746280193,0.0011152466759085655,0.0038908328860998154,0.015139058232307434,1.5449328422546387,0.0019300781724167035,nan,nan,nan,0,0
6,144,0.23213493824005127,0.2321329265832901,0.054078359156847,5.426424195320578e-06,0.0,4.031369826407172e-06,0.14799217879772186,0.08950569009670882,0.08950568735599518,0.035012293606996536,0.03912744298577309,0.010882631875574589,0.004720762837678194,0.015468975529074669,0.06981722265481949,1.5449326038360596,0.0019294988239077061,nan,nan,nan,0,0
6,145,0.233269602060318,0.23326720297336578,0.05445108935236931,5.426424195320578e-06,0.0,4.785179498867365e-06,0.14781250059604645,0.010826912769581351,0.010826912708580494,0.004292890429496765,0.0048131439834833145,0.0020815806929022074,0.000630697701126337,0.0013421898474916816,0.008312312886118889,1.5449323654174805,0.0019289171729221701,nan,nan,nan,0,0
6,146,0.31905466318130493,0.3190542161464691,0.10027473419904709,5.426424195320578e-06,0.0,8.936481776800065e-07,0.14905467629432678,0.020244383403955353,0.020244382321834564,0.007905983366072178,0.008611616678535938,0.0032089257147163153,0.0011275631841272116,0.0025559128262102604,0.01597088761627674,1.5449321269989014,0.0019283332209024647,nan,nan,nan,0,0
6,147,0.4150261878967285,0.41498053073883057,0.17480933666229248,5.426733423519181e-06,0.0,9.129198588198051e-05,0.14044532179832458,0.011967474690379872,0.011967474594712257,0.004434447735548019,0.0048695821315050125,0.0018003128934651613,0.0007485165842808783,0.0029015985783189535,0.009360695257782936,1.5449318885803223,0.0019277469692966641,nan,nan,nan,0,0
6,148,0.26448625326156616,0.26446348428726196,0.06979215890169144,5.426733423519181e-06,0.0,4.556253406917676e-05,0.1432500034570694,0.09647942596165045,0.09647942334413528,0.03824777528643608,0.043126292526721954,0.013603625819087029,0.005219835788011551,0.016489988192915916,0.07417064905166626,1.5449316501617432,0.001927158419558546,nan,nan,nan,0,0
6,149,0.22044594585895538,0.22038088738918304,0.048401203006505966,5.426601546787424e-06,0.0,0.00013010272232349962,0.13859374821186066,0.08094823585202361,0.08094823360443115,0.03294925391674042,0.03812311217188835,0.01505160890519619,0.004527786746621132,0.01192584540694952,0.060202278196811676,1.544931411743164,0.001926567573147587,nan,nan,nan,0,0
6,150,0.3074178993701935,0.3073159158229828,0.09451103955507278,5.426733423519181e-06,0.0,0.00020395433239173144,0.13571874797344208,0.13733467277268815,0.1373346745967865,0.05570036917924881,0.06097779795527458,0.0175688024610281,0.007506638765335083,0.022665224969387054,0.10564688593149185,1.544931173324585,0.0019259744315289584,nan,nan,nan,0,0
6,151,0.31621989607810974,0.3162025809288025,0.09920913726091385,5.426424195320578e-06,0.0,3.4607681300258264e-05,0.14411717653274536,0.07900101202718117,0.07900100946426392,0.03190793842077255,0.033667948096990585,0.008380749262869358,0.004292360972613096,0.013620895333588123,0.0617682971060276,1.5449309349060059,0.001925378996173523,nan,nan,nan,0,0
6,152,0.28796324133872986,0.2879107892513275,0.08365151286125183,5.427304131444544e-06,0.0,0.00010490223212400451,0.13975782692432404,0.027235597718919004,0.027235597372055054,0.010663819499313831,0.011434391140937805,0.002552393125370145,0.001375598949380219,0.0056571331806480885,0.021375343203544617,1.5449306964874268,0.001924781268557832,nan,nan,nan,0,0
6,153,0.38120877742767334,0.3812081217765808,0.14444680511951447,5.426424195320578e-06,0.0,1.2832722404709784e-06,0.1488671898841858,0.09849967601266554,0.09849967807531357,0.03853759169578552,0.04035564139485359,0.006700857542455196,0.0056259166449308395,0.018270978704094887,0.07860077172517776,1.5449304580688477,0.001924181250164121,nan,nan,nan,0,0
6,154,0.22975949943065643,0.22954227030277252,0.05219234153628349,5.426426923804684e-06,0.0,0.00043446169001981616,0.12915626168251038,0.11276298574436153,0.11276298016309738,0.04570445790886879,0.049995142966508865,0.008127433247864246,0.006823156028985977,0.020960615947842598,0.087035171687603,1.5449302196502686,0.0019235789424803054,nan,nan,nan,0,0
6,155,0.27119556069374084,0.27108851075172424,0.07465232163667679,5.426541520137107e-06,0.0,0.00021411945635918528,0.13536718487739563,0.14913769306601912,0.1491376906633377,0.059937626123428345,0.06002940982580185,0.012237644754350185,0.008639419451355934,0.025519156828522682,0.119039386510849,1.5449299812316895,0.001922974346999979,nan,nan,nan,0,0
6,156,0.28374022245407104,0.2837330996990204,0.07978479564189911,5.426424195320578e-06,0.0,1.4238818948797416e-05,0.14622657001018524,0.11468685908320557,0.11468686163425446,0.04523729532957077,0.047683000564575195,0.007419134955853224,0.006659569218754768,0.02174483798444271,0.09088873863220215,1.5449297428131104,0.0019223674652224076,nan,nan,nan,0,0
6,157,0.3242237865924835,0.32421353459358215,0.10772249102592468,5.426424195320578e-06,0.0,2.0532221242319793e-05,0.14546875655651093,0.05653177860153909,0.05653177946805954,0.022129351273179054,0.02052309736609459,0.0029526199214160442,0.0030911650974303484,0.011028211563825607,0.04631459340453148,1.5449295043945312,0.001921758298652527,nan,nan,nan,0,0
6,158,0.16706059873104095,0.16705460846424103,0.027440205216407776,5.426424195320578e-06,0.0,1.1978131624346133e-05,0.14653906226158142,0.06204589388658194,0.06204589456319809,0.024224694818258286,0.026777563616633415,0.0048781209625303745,0.003665292402729392,0.011657382361590862,0.048710308969020844,1.5449292659759521,0.0019211468488009385,nan,nan,nan,0,0
6,159,0.4100043773651123,0.40994516015052795,0.1693980097770691,5.426424195320578e-06,0.0,0.00011843586980830878,0.13911718130111694,0.014004483810683753,0.014004483819007874,0.007137490902096033,0.007396923843771219,0.0019235591171309352,0.0007824955973774195,0.002285472583025694,0.00899619609117508,1.544929027557373,0.0019205331171839057,nan,nan,nan,0,0
6,160,0.291061669588089,0.2909989058971405,0.08432240784168243,5.426424195320578e-06,0.0,0.00012551034160424024,0.138796865940094,0.2056350472033566,0.20563505589962006,0.0806511864066124,0.08556815981864929,0.01308369543403387,0.01233941875398159,0.03904322534799576,0.16313010454177856,1.544928789138794,0.0019199171053233509,nan,nan,nan,0,0
6,161,0.19926808774471283,0.19926801323890686,0.03952498361468315,5.426424195320578e-06,0.0,1.34820794528423e-07,0.15036718547344208,0.20823970016344498,0.20823970437049866,0.08038858324289322,0.09187216311693192,0.015099295414984226,0.013042080216109753,0.0480598509311676,0.16047778725624084,1.5449285507202148,0.0019192988147468501,nan,nan,nan,0,0
6,162,0.2507508397102356,0.2506781816482544,0.06314336508512497,5.438048901851289e-06,0.0,0.00014531535271089524,0.13794532418251038,0.38717094909791444,0.3871709406375885,0.13673889636993408,0.1470808982849121,0.022255441173911095,0.022846605628728867,0.0871240571141243,0.31774699687957764,1.5449283123016357,0.0019186782469876303,nan,nan,nan,0,0
6,163,0.22416074573993683,0.2241595983505249,0.050263069570064545,5.426687039289391e-06,0.0,2.2971248654357623e-06,0.1515156328678131,0.4216809504574688,0.4216809570789337,0.15753524005413055,0.1626957505941391,0.02328372932970524,0.02508782409131527,0.08331765234470367,0.34411364793777466,1.5449280738830566,0.0019180554035845658,nan,nan,nan,0,0
6,164,0.2825857102870941,0.28258320689201355,0.08012663573026657,5.426424195320578e-06,0.0,5.027427960158093e-06,0.14775781333446503,0.20518989060788156,0.20518989861011505,0.0789719820022583,0.08424969017505646,0.01343137864023447,0.011624854989349842,0.039616383612155914,0.16396130621433258,1.5449278354644775,0.0019174302860821733,nan,nan,nan,0,0
6,165,0.22063018381595612,0.2206031084060669,0.049170833081007004,5.426424195320578e-06,0.0,5.416055500973016e-05,0.142640620470047,0.008000538564459042,0.008000538684427738,0.004505114629864693,0.0026823056396096945,0.0009170167613774538,0.0005187226342968643,0.002374313771724701,0.005456229206174612,1.5449275970458984,0.0019168028960306097,nan,nan,nan,0,0
6,166,0.199591264128685,0.19958660006523132,0.03964156284928322,5.426424195320578e-06,0.0,9.331150977232028e-06,0.15305469930171967,0.15974766400069568,0.1597476601600647,0.06582989543676376,0.06787333637475967,0.020566778257489204,0.008442963473498821,0.02726602554321289,0.12385975569486618,1.5449273586273193,0.0019161732349856667,nan,nan,nan,0,0
6,167,0.22725185751914978,0.22724373638629913,0.05116536468267441,5.426424195320578e-06,0.0,1.6250904081971385e-05,0.14596876502037048,0.05335170485413642,0.05335170403122902,0.022321071475744247,0.024127280339598656,0.010053285397589207,0.0030073532834649086,0.007923257537186146,0.03991438075900078,1.5449271202087402,0.0019155413045087674,nan,nan,nan,0,0
6,168,0.29689347743988037,0.2968495190143585,0.08746334165334702,5.426424195320578e-06,0.0,8.789073763182387e-05,0.140625,0.025646916974705024,0.025646915659308434,0.011854310519993305,0.01199808344244957,0.0042458465322852135,0.001412348821759224,0.0032764661591500044,0.018507525324821472,1.5449268817901611,0.0019149071061669628,nan,nan,nan,0,0
6,169,0.2590008080005646,0.2590008080005646,0.06762777268886566,5.426424195320578e-06,0.0,6.101466887287188e-09,0.15007811784744263,0.0766141483799055,0.0766141414642334,0.03337293118238449,0.033317048102617264,0.013814710080623627,0.004131030291318893,0.010712098330259323,0.05764797329902649,1.544926643371582,0.0019142706415329284,nan,nan,nan,0,0
6,170,0.2460901290178299,0.24602018296718597,0.05888154357671738,5.426424195320578e-06,0.0,0.00013990452862344682,0.13817188143730164,0.008290541410455642,0.008290541358292103,0.003110581776127219,0.003075736341997981,0.0011907900916412473,0.0005513863870874047,0.0016888468526303768,0.006709917448461056,1.544926404953003,0.0019136319121849585,nan,nan,nan,0,0
6,171,0.2823306620121002,0.28228074312210083,0.07974939048290253,5.426426923804684e-06,0.0,9.984370262827724e-05,0.14000782370567322,0.0652201302806907,0.06522013247013092,0.027990611270070076,0.029172347858548164,0.010991048067808151,0.0036138712894171476,0.009552505798637867,0.04892904683947563,1.5449261665344238,0.0019129909197069643,nan,nan,nan,0,0
6,172,0.24945907294750214,0.2493094801902771,0.06189684942364693,5.427304131444544e-06,0.0,0.00029918260406702757,0.13270311057567596,0.012516219071203523,0.012516219168901443,0.005936880130320787,0.0056118834763765335,0.004206161946058273,0.0008992517832666636,0.0024182444903999567,0.008097382262349129,1.5449259281158447,0.0019123476656884681,nan,nan,nan,0,0
6,173,0.30075567960739136,0.3004879355430603,0.0915217399597168,5.427421456261072e-06,0.0,0.0005354884779080749,0.1268593817949295,0.032693415406345155,0.03269341588020325,0.014763928018510342,0.014046087861061096,0.004077698569744825,0.0017729561077430844,0.00454700505360961,0.024761805310845375,1.5449256896972656,0.001911702151724602,nan,nan,nan,0,0
6,174,0.2663173973560333,0.2662397623062134,0.0714036226272583,5.426424195320578e-06,0.0,0.0001552748290123418,0.1375390738248825,0.01997287046239494,0.019972870126366615,0.008068797178566456,0.007598418276757002,0.0016060132766142488,0.0010093016317114234,0.0037111882120370865,0.016084253787994385,1.5449254512786865,0.0019110543794161,nan,nan,nan,0,0
6,175,0.2606019675731659,0.2606014311313629,0.06821081787347794,5.426424195320578e-06,0.0,1.0959288374579046e-06,0.1489531397819519,0.0979976695020003,0.09799766540527344,0.042825955897569656,0.04352271556854248,0.020744910463690758,0.005636968649923801,0.013396198861300945,0.0723441019654274,1.5449252128601074,0.0019104043503692983,nan,nan,nan,0,0
6,176,0.29655519127845764,0.2964926064014435,0.08795982599258423,5.426424195320578e-06,0.0,0.0001251603534910828,0.13881249725818634,0.050103002083742854,0.05010300129652023,0.021607322618365288,0.021828962489962578,0.00810659397393465,0.002682375255972147,0.007408827543258667,0.03793584182858467,1.5449249744415283,0.0019097520661961282,nan,nan,nan,0,0
6,177,0.3028235137462616,0.30271849036216736,0.09220176935195923,5.426424195320578e-06,0.0,0.00021002296125516295,0.13550783693790436,0.011236024620170948,0.011236025020480156,0.004638414829969406,0.004466394428163767,0.0010759973665699363,0.0006243793177418411,0.0018590143881738186,0.008932027965784073,1.5449247360229492,0.0019090975285141136,nan,nan,nan,0,0
6,178,0.19240781664848328,0.19240781664848328,0.036602750420570374,5.426424195320578e-06,0.0,6.09681194418954e-11,0.1499921977519989,0.043755766448933954,0.04375576600432396,0.019640181213617325,0.01945529133081436,0.008668972179293633,0.0024410472251474857,0.00615020701661706,0.03211521729826927,1.5449244976043701,0.0019084407389463667,nan,nan,nan,0,0
6,179,0.21683676540851593,0.21681450307369232,0.04665178805589676,5.426424195320578e-06,0.0,4.4513926695799455e-05,0.14332813024520874,0.005810222837593245,0.005810223054140806,0.003128691343590617,0.002782400930300355,0.0027288843411952257,0.0004878196050412953,0.0011914363130927086,0.002669068519026041,1.544924259185791,0.0019077816991215839,nan,nan,nan,0,0
6,180,0.36447039246559143,0.36426058411598206,0.1311514675617218,5.427304131444544e-06,0.0,0.00041960953967645764,0.1295156329870224,0.007545746031025341,0.0075457459315657616,0.003932297695428133,0.003726949915289879,0.004330676980316639,0.0008541999850422144,0.0021748854778707027,0.001835923409089446,1.544924020767212,0.0019071204106740412,nan,nan,nan,0,0
6,181,0.26272138953208923,0.2626604735851288,0.06815601885318756,5.426424195320578e-06,0.0,0.00012186091771582142,0.13896094262599945,0.02702367473272554,0.0270236749202013,0.012867839075624943,0.013527882285416126,0.0081353560090065,0.0017241432797163725,0.0033553000539541245,0.01735740154981613,1.5449237823486328,0.001906456875243591,nan,nan,nan,0,0
6,182,0.3206387758255005,0.320544570684433,0.1024787649512291,5.426426923804684e-06,0.0,0.00018841892597265542,0.13627342879772186,0.0556093057787376,0.05560930445790291,0.02573326975107193,0.025795891880989075,0.011777907609939575,0.00316004641354084,0.006627826485782862,0.03965012729167938,1.5449235439300537,0.0019057910944756588,nan,nan,nan,0,0
6,183,0.2256123423576355,0.22536271810531616,0.05127909779548645,5.426429197541438e-06,0.0,0.0004992426838725805,0.1276562660932541,0.05014637409914354,0.050146374851465225,0.021841462701559067,0.022583235055208206,0.01222597062587738,0.0030422776471823454,0.00844871811568737,0.03602077439427376,1.5449233055114746,0.0019051230700212363,nan,nan,nan,0,0
6,184,0.32646238803863525,0.32636407017707825,0.10598275065422058,5.426424195320578e-06,0.0,0.00019665680883917958,0.13597656786441803,0.07852907267431328,0.07852907478809357,0.03428064286708832,0.03616493195295334,0.01420699991285801,0.004421513993293047,0.011246996931731701,0.05775696411728859,1.5449230670928955,0.0019044528035368803,nan,nan,nan,0,0
6,185,0.19735591113567352,0.19718895852565765,0.03873797506093979,5.426541520137107e-06,0.0,0.0003339187242090702,0.13172656297683716,0.027028315858835715,0.027028314769268036,0.01243586465716362,0.012748527340590954,0.003989517688751221,0.0015285798581317067,0.0034802621230483055,0.019570108503103256,1.5449228286743164,0.0019037802966847064,nan,nan,nan,0,0
6,186,0.227007195353508,0.22693292796611786,0.05174963176250458,5.426736606750637e-06,0.0,0.00014853541506454349,0.13781249523162842,0.054310402259816315,0.054310403764247894,0.02699095569550991,0.029544219374656677,0.01652689278125763,0.0034505417570471764,0.005882814526557922,0.03207172080874443,1.5449225902557373,0.0019031055511323865,nan,nan,nan,0,0
6,187,0.2437540590763092,0.24370630085468292,0.05912168323993683,5.427304131444544e-06,0.0,9.552028495818377e-05,0.1402265578508377,0.044587273140569414,0.04458727315068245,0.02082478627562523,0.022073116153478622,0.008159784600138664,0.002418507356196642,0.006112234201282263,0.030940912663936615,1.5449223518371582,0.001902428568553144,nan,nan,nan,0,0
6,188,0.5835877060890198,0.5835871696472168,0.3389374613761902,5.426424195320578e-06,0.0,1.03148079233506e-06,0.15101562440395355,0.0012254471561895834,0.0012254471657797694,0.0007987700519151986,0.0005714013241231441,0.00043199359788559377,6.704782572342083e-05,9.761250839801505e-05,0.0005801254883408546,1.544922113418579,0.0019017493506257497,nan,nan,nan,0,0
6,189,0.24707798659801483,0.2470572590827942,0.060634974390268326,5.426424195320578e-06,0.0,4.144134800299071e-05,0.14356251060962677,0.01358470611813955,0.013584706000983715,0.005602794233709574,0.00628950260579586,0.003105355193838477,0.0008357552578672767,0.0027759417425841093,0.009774841368198395,1.544921875,0.001901067899034517,nan,nan,nan,0,0
6,190,0.3566674292087555,0.3564506769180298,0.12552301585674286,5.427304131444544e-06,0.0,0.00043348508188501,0.1291797012090683,0.005960615781808385,0.0059606158174574375,0.002897956408560276,0.002719405572861433,0.002396118827164173,0.0006465230253525078,0.001915766391903162,0.0031473932322114706,1.544921636581421,0.0019003842154692986,nan,nan,nan,0,0
7,1,0.20755741000175476,0.20747633278369904,0.0448375903069973,5.426424195320578e-06,0.0,0.00016216452058870345,0.1372656226158142,0.07517276471583585,0.07517276704311371,0.03234698623418808,0.03248022869229317,0.012172425165772438,0.004020866006612778,0.010171307250857353,0.05728752911090851,1.5449213981628418,0.0018996983016254822,nan,nan,nan,0,0
7,2,0.2018478363752365,0.20184294879436493,0.04035450890660286,5.426424195320578e-06,0.0,9.765606591827236e-06,0.15312500298023224,0.033125443693378394,0.03312544524669647,0.014787244610488415,0.016707047820091248,0.00676851999014616,0.0018081064336001873,0.0041442555375397205,0.023092206567525864,1.5449211597442627,0.0018990101592039862,nan,nan,nan,0,0
7,3,0.21543417870998383,0.21541325747966766,0.04625725746154785,5.426424195320578e-06,0.0,4.1844828956527635e-05,0.14353124797344208,0.06746375474548129,0.06746375560760498,0.028367308899760246,0.028329838067293167,0.009927851147949696,0.0035783525090664625,0.010692507028579712,0.0521380640566349,1.5449209213256836,0.0018983197899112548,nan,nan,nan,0,0
7,4,0.1713915914297104,0.17128577828407288,0.02950931154191494,5.426719326351304e-06,0.0,0.0002116114628734067,0.13545313477516174,0.011782406394377725,0.011782405897974968,0.006539627443999052,0.006428675726056099,0.006187517195940018,0.0010710501810535789,0.001954813487827778,0.0033877261448651552,1.5449206829071045,0.001897627195459255,nan,nan,nan,0,0
7,5,0.26625582575798035,0.2661992907524109,0.07063732296228409,5.426424195320578e-06,0.0,0.00011305671068839729,0.13936719298362732,0.00579282369473155,0.0057928236201405525,0.0026137749664485455,0.002977364929392934,0.0023101845290511847,0.0005479129031300545,0.0014951602788642049,0.003160319523885846,1.5449204444885254,0.0018969323775654711,nan,nan,nan,0,0
7,6,0.3285762369632721,0.3285703957080841,0.10851124674081802,5.426424195320578e-06,0.0,1.1709214049915317e-05,0.1465781331062317,0.08445271862526249,0.08445271849632263,0.036423493176698685,0.03776848688721657,0.014601677656173706,0.004610403906553984,0.012657647021114826,0.06312251091003418,1.5449202060699463,0.001896235337952902,nan,nan,nan,0,0
7,7,0.331057608127594,0.3310086131095886,0.10877373069524765,5.426424195320578e-06,0.0,9.797909297049046e-05,0.1401015669107437,0.015246249413253005,0.015246249735355377,0.0068577188067138195,0.0056761084124445915,0.004184883087873459,0.0009571033879183233,0.0025706428568810225,0.011320958845317364,1.5449199676513672,0.001895536078350055,nan,nan,nan,0,0
7,8,0.26027345657348633,0.26027247309684753,0.06633102893829346,5.426424195320578e-06,0.0,1.955646212081774e-06,0.1513984501361847,0.09019843010703439,0.09019842743873596,0.03816983103752136,0.037799835205078125,0.014091229997575283,0.004769248887896538,0.01365042943507433,0.06958699971437454,1.544919729232788,0.001894834600490943,nan,nan,nan,0,0
7,9,0.2634805142879486,0.26340633630752563,0.06818113476037979,5.426424195320578e-06,0.0,0.0001483451487729326,0.137820303440094,0.03223341071100212,0.03223340958356857,0.013321283273398876,0.01380862109363079,0.003466967726126313,0.0017510232282802463,0.005282050464302301,0.02505737729370594,1.544919490814209,0.0018941309061150794,nan,nan,nan,0,0
7,10,0.2794189453125,0.2793416976928711,0.07826653122901917,5.426424195320578e-06,0.0,0.00015449742204509676,0.1375703066587448,0.023759075218794633,0.02375907450914383,0.009983141906559467,0.010104653425514698,0.0020998085383325815,0.0012785001890733838,0.004369943868368864,0.0183735229074955,1.5449192523956299,0.0018934249969674744,nan,nan,nan,0,0
7,11,0.23095819354057312,0.23087051510810852,0.05314526706933975,5.426424195320578e-06,0.0,0.00017535586084704846,0.13675780594348907,0.02939354944882799,0.029393550008535385,0.013681735843420029,0.014078380540013313,0.0033619245514273643,0.0016311374492943287,0.004464160185307264,0.02108786813914776,1.5449190139770508,0.00189271687479863,nan,nan,nan,0,0
7,12,0.33258718252182007,0.33251291513442993,0.1096116378903389,5.426424195320578e-06,0.0,0.00014853541506454349,0.13781249523162842,0.02569647363275085,0.025696473196148872,0.011332991532981396,0.01123905647546053,0.005319718271493912,0.0014250522945076227,0.004042340442538261,0.018944259732961655,1.5449187755584717,0.0018920065413645366,nan,nan,nan,0,0
7,13,0.25112980604171753,0.2509395182132721,0.06258438527584076,5.426733423519181e-06,0.0,0.00038055467302910984,0.1304921954870224,0.11913868591867506,0.1191386878490448,0.05101107060909271,0.05090661719441414,0.01491603720933199,0.006345203146338463,0.018880989402532578,0.09154874086380005,1.5449185371398926,0.0018912939984266676,nan,nan,nan,0,0
7,14,0.22327245771884918,0.22306281328201294,0.04968459531664848,5.426601546787424e-06,0.0,0.0004192897176835686,0.12952344119548798,0.05392070817656217,0.05392070859670639,0.02270168624818325,0.022602111101150513,0.009817070327699184,0.002992732683196664,0.008721647784113884,0.04122890159487724,1.5449182987213135,0.0018905792477519755,nan,nan,nan,0,0
7,15,0.3199548125267029,0.31984567642211914,0.10116301476955414,5.426424195320578e-06,0.0,0.00021825419389642775,0.13522657752037048,0.006305204403933782,0.00630520423874259,0.003747899318113923,0.00274812919087708,0.0025769483763724566,0.0005241935141384602,0.0014664683258160949,0.0030150734819471836,1.5449180603027344,0.0018898622911128875,nan,nan,nan,0,0
7,16,0.22654682397842407,0.22631686925888062,0.05104079097509384,5.427042196970433e-06,0.0,0.0004599010571837425,0.12855470180511475,0.043698528686745584,0.04369853064417839,0.018396468833088875,0.015651710331439972,0.002685279119759798,0.002292093588039279,0.007684283424168825,0.03542093560099602,1.5449178218841553,0.0018891431302873014,nan,nan,nan,0,0
7,17,0.298849880695343,0.29867804050445557,0.09057524800300598,5.426424195320578e-06,0.0,0.00034369659260846674,0.13146094977855682,0.09068727701708867,0.09068728238344193,0.0383518822491169,0.035855814814567566,0.009136493317782879,0.00473857531324029,0.013641652651131153,0.07194200158119202,1.5449175834655762,0.0018884217670585802,nan,nan,nan,0,0
7,18,0.34287935495376587,0.34275022149086,0.12470418214797974,5.426424195320578e-06,0.0,0.00025825522607192397,0.13392968475818634,0.020056743984504282,0.020056745037436485,0.008826304227113724,0.008230849169194698,0.0019267058232799172,0.0011660665040835738,0.004013601690530777,0.0153441047295928,1.544917345046997,0.0018876982032155498,nan,nan,nan,0,0
7,19,0.21514950692653656,0.21506203711032867,0.0460575595498085,5.426424195320578e-06,0.0,0.00017494212079327554,0.13677343726158142,0.1839521113620086,0.18395210802555084,0.07799524813890457,0.07595515996217728,0.02117009460926056,0.009836643934249878,0.029073312878608704,0.14351217448711395,1.544917106628418,0.0018869724405524916,nan,nan,nan,0,0
7,20,0.3361283242702484,0.33606281876564026,0.11151029914617538,5.426424195320578e-06,0.0,0.0001309952058363706,0.13855469226837158,0.10649329409967416,0.10649329423904419,0.04637117683887482,0.04650446027517319,0.010961594991385937,0.00566245848312974,0.016638414934277534,0.08123308420181274,1.5449168682098389,0.0018862444808691405,nan,nan,nan,0,0
7,21,0.29006659984588623,0.28990232944488525,0.0848216563463211,5.426424195320578e-06,0.0,0.00032851609284989536,0.13187499344348907,0.09780809959138508,0.0978081002831459,0.04218025505542755,0.04117448627948761,0.007074554916471243,0.005269190296530724,0.016455983743071556,0.07578455656766891,1.5449166297912598,0.001885514325970679,nan,nan,nan,0,0
7,22,0.3115694224834442,0.3114478290081024,0.09950369596481323,5.426424195320578e-06,0.0,0.00024316464259754866,0.13440626859664917,0.04296199911133608,0.04296199604868889,0.018339110538363457,0.01931488886475563,0.005739809945225716,0.0025761991273611784,0.006887920666486025,0.0323932059109211,1.5449163913726807,0.0018847819776677342,nan,nan,nan,0,0
7,23,0.23019003868103027,0.22999019920825958,0.05395994707942009,5.426733423519181e-06,0.0,0.00039968756027519703,0.1300078183412552,0.04578974277950591,0.04578974097967148,0.019536085426807404,0.017821360379457474,0.003999695647507906,0.002651544287800789,0.007992183789610863,0.0362013503909111,1.5449161529541016,0.001884047437776371,nan,nan,nan,0,0
7,24,0.22031553089618683,0.22001387178897858,0.048693373799324036,5.426424195320578e-06,0.0,0.000603316817432642,0.12543749809265137,0.0640626093942611,0.06406261026859283,0.02526853233575821,0.021890653297305107,0.0032466475386172533,0.003287041559815407,0.011702974326908588,0.053179070353507996,1.5449159145355225,0.0018833107081180898,nan,nan,nan,0,0
7,25,0.22999510169029236,0.22970522940158844,0.05209403485059738,5.42642510481528e-06,0.0,0.0005797563935630023,0.12592187523841858,0.17700494011123843,0.17700494825839996,0.07424161583185196,0.07235998660326004,0.010835372842848301,0.0102140037342906,0.030795231461524963,0.13933013379573822,1.5449156761169434,0.0018825717905198212,nan,nan,nan,0,0
7,26,0.24874624609947205,0.24847541749477386,0.061722949147224426,5.426424195320578e-06,0.0,0.0005416529020294547,0.12672656774520874,0.13165521264605456,0.13165521621704102,0.05818570405244827,0.05741208791732788,0.010699284262955189,0.007673510350286961,0.01989169418811798,0.1004108265042305,1.5449154376983643,0.0018818306868139214,nan,nan,nan,0,0
7,27,0.29835936427116394,0.29817166924476624,0.08859079331159592,5.426424195320578e-06,0.0,0.00037538990727625787,0.13062502443790436,0.2507509112356407,0.25075092911720276,0.10295435041189194,0.10635817050933838,0.015346667729318142,0.0142631521448493,0.04421902447938919,0.19639267027378082,1.5449151992797852,0.0018810873988381674,nan,nan,nan,0,0
7,28,0.25165262818336487,0.25157853960990906,0.06376274675130844,5.426424195320578e-06,0.0,0.00014815464965067804,0.13782812654972076,0.030733127713347186,0.030733127146959305,0.016104206442832947,0.014549304731190205,0.002186286263167858,0.00175600650254637,0.0022075576707720757,0.02146533690392971,1.544914960861206,0.0018803419284357528,nan,nan,nan,0,0
7,29,0.1822972446680069,0.18229003250598907,0.03293737396597862,5.426424195320578e-06,0.0,1.4416263184102718e-05,0.14620313048362732,0.13439814342911818,0.13439814746379852,0.05412329360842705,0.058937687426805496,0.007988614961504936,0.007777658756822348,0.02802134118974209,0.10368400812149048,1.544914722442627,0.0018795942774552828,nan,nan,nan,0,0
7,30,0.27844247221946716,0.27829205989837646,0.07891502976417542,5.426424195320578e-06,0.0,0.0003008059866260737,0.1326562464237213,0.16482784375965112,0.1648278385400772,0.06600140035152435,0.07097650319337845,0.008984255604445934,0.009680323302745819,0.03224843740463257,0.1286855936050415,1.5449144840240479,0.0018788444477507709,nan,nan,nan,0,0
7,31,0.28151431679725647,0.28137099742889404,0.08022895455360413,5.426424195320578e-06,0.0,0.0002866142604034394,0.13307031989097595,0.11586041735027926,0.11586041748523712,0.04743686690926552,0.05115266516804695,0.009466134011745453,0.006671566516160965,0.02008618600666523,0.08955005556344986,1.5449142456054688,0.0018780924411816327,nan,nan,nan,0,0
7,32,0.2587183117866516,0.25869253277778625,0.06701181828975677,5.426424195320578e-06,0.0,5.154798418516293e-05,0.1428203135728836,0.05174021649543,0.051740214228630066,0.021285541355609894,0.021215418353676796,0.004106768872588873,0.002963780192658305,0.008466940373182297,0.04094561189413071,1.5449140071868896,0.0018773382596126821,nan,nan,nan,0,0
7,33,0.2455797791481018,0.24556823074817657,0.059673972427845,5.426424195320578e-06,0.0,2.3085005523171276e-05,0.15480469167232513,0.019426129594348807,0.019426129758358,0.010380858555436134,0.011361400596797466,0.003263239748775959,0.0007795575074851513,0.0028864580672234297,0.010997398756444454,1.5449137687683105,0.001876581904914126,nan,nan,nan,0,0
7,34,0.29373323917388916,0.29373279213905334,0.0850304588675499,5.426424195320578e-06,0.0,9.233887112714001e-07,0.15096093714237213,0.18854418151569763,0.18854418396949768,0.07659007608890533,0.08561822772026062,0.027374403551220894,0.010208746418356895,0.031312692910432816,0.14324219524860382,1.5449135303497314,0.0018758233789615613,nan,nan,nan,0,0
7,35,0.28454121947288513,0.28451448678970337,0.08004346489906311,5.426424650067929e-06,0.0,5.347275146050379e-05,0.14268749952316284,0.1943829198754352,0.1943829208612442,0.07885705679655075,0.08201351016759872,0.023960286751389503,0.010092032141983509,0.03403265029191971,0.1516769677400589,1.5449132919311523,0.0018750626836359684,nan,nan,nan,0,0
7,36,0.23654401302337646,0.23653356730937958,0.05634839087724686,5.426424195320578e-06,0.0,2.088769178953953e-05,0.14542970061302185,0.10197037155153407,0.101970374584198,0.04108269885182381,0.043357837945222855,0.01279446855187416,0.005383285228163004,0.01832638680934906,0.07938344776630402,1.5449130535125732,0.0018742998208237075,nan,nan,nan,0,0
7,37,0.26315778493881226,0.26308122277259827,0.06934508681297302,5.426424195320578e-06,0.0,0.00015314092161133885,0.13762499392032623,0.11099810102296206,0.11099810153245926,0.04445367306470871,0.04894661530852318,0.013852894306182861,0.0059614479541778564,0.020047146826982498,0.08555319160223007,1.5449128150939941,0.0018735347924165129,nan,nan,nan,0,0
7,38,0.20554879307746887,0.20553894340991974,0.041653603315353394,5.426541065389756e-06,0.0,1.969146069313865e-05,0.14556249976158142,0.01470681217853825,0.014706812798976898,0.008161267265677452,0.008737849071621895,0.005872740410268307,0.000925525208003819,0.0019800723530352116,0.005836751777678728,1.544912576675415,0.0018727676003114906,nan,nan,nan,0,0
7,39,0.28901469707489014,0.28896716237068176,0.0828813835978508,5.426602001534775e-06,0.0,9.506237984169275e-05,0.14025001227855682,0.17279587566942267,0.1727958768606186,0.06790391355752945,0.07900191098451614,0.021085290238261223,0.010369578376412392,0.028470110148191452,0.13282886147499084,1.544912338256836,0.0018719982464111109,nan,nan,nan,0,0
7,40,0.22520801424980164,0.22520698606967926,0.05026927590370178,5.426424195320578e-06,0.0,2.044018856395269e-06,0.1514296978712082,0.2800609341137084,0.28006091713905334,0.11009220033884048,0.116002656519413,0.02044960856437683,0.01576514169573784,0.052811212837696075,0.22226440906524658,1.5449120998382568,0.0018712267326232055,nan,nan,nan,0,0
7,41,0.239059180021286,0.23905827105045319,0.05676940456032753,5.426424195320578e-06,0.0,1.8056827002510545e-06,0.15134376287460327,0.06796201256968294,0.06796201318502426,0.027972128242254257,0.029865190386772156,0.005103310104459524,0.0038939444348216057,0.012691615149378777,0.05236584693193436,1.5449118614196777,0.001870453060860962,nan,nan,nan,0,0
7,42,0.25082671642303467,0.2508241832256317,0.061312586069107056,5.42642510481528e-06,0.0,5.062503532826668e-06,0.14775000512599945,0.26488513544541886,0.2648851275444031,0.10420620441436768,0.11162999272346497,0.015677841380238533,0.014957153238356113,0.049528900533914566,0.2095741480588913,1.5449116230010986,0.001869677233042919,nan,nan,nan,0,0
7,43,0.2387300729751587,0.23871350288391113,0.056577425450086594,5.426424195320578e-06,0.0,3.315236244816333e-05,0.14424219727516174,0.05191773258304713,0.05191773176193237,0.01968134567141533,0.022416528314352036,0.003226411296054721,0.002776780165731907,0.009153725579380989,0.04127570614218712,1.5449113845825195,0.0018688992510929624,nan,nan,nan,0,0
7,44,0.25676774978637695,0.2567670941352844,0.06448981165885925,5.426424195320578e-06,0.0,1.318897147939424e-06,0.14885157346725464,0.028769693808425183,0.02876969426870346,0.012099146842956543,0.011343332938849926,0.0026868036948144436,0.0014991553034633398,0.006755640264600515,0.02230537310242653,1.5449111461639404,0.001868119116940319,nan,nan,nan,0,0
7,45,0.35049504041671753,0.35048067569732666,0.12636928260326385,5.426687039289391e-06,0.0,2.872296863642987e-05,0.14464062452316284,0.322773571150818,0.3227735757827759,0.12135855853557587,0.1330668330192566,0.018602613359689713,0.018781905993819237,0.06749443709850311,0.2578638792037964,1.5449109077453613,0.0018673368325195531,nan,nan,nan,0,0
7,46,0.3432037830352783,0.34316354990005493,0.11669203639030457,5.426424195320578e-06,0.0,8.043857815209776e-05,0.14103125035762787,0.16843259318471912,0.1684325933456421,0.06358875334262848,0.06537586450576782,0.009322769939899445,0.009303418919444084,0.036953117698431015,0.13606250286102295,1.5449106693267822,0.001866552399770561,nan,nan,nan,0,0
7,47,0.3587542772293091,0.3587542176246643,0.12710051238536835,5.426424195320578e-06,0.0,9.766071684680355e-08,0.1496874988079071,0.10383945732652618,0.1038394570350647,0.041067320853471756,0.04340078681707382,0.006044648587703705,0.005932837259024382,0.020216314122080803,0.08204903453588486,1.5449104309082031,0.0018657658206385666,nan,nan,nan,0,0
7,48,0.2779785692691803,0.2779677212238312,0.07927631586790085,5.426424195320578e-06,0.0,2.168057471862994e-05,0.14534376561641693,0.22502359287996743,0.22502359747886658,0.08771967142820358,0.09457836300134659,0.011736267246305943,0.01295054517686367,0.04599888250231743,0.17769202589988708,1.544910192489624,0.001864977097074116,nan,nan,nan,0,0
7,49,0.1499098688364029,0.14988580346107483,0.02229536511003971,5.426424195320578e-06,0.0,4.812896077055484e-05,0.1430625021457672,0.18222585584178716,0.18222585320472717,0.07292509078979492,0.0745270848274231,0.015268620103597641,0.010221149772405624,0.031035365536808968,0.14502796530723572,1.544909954071045,0.0018641862310330738,nan,nan,nan,0,0
7,50,0.21329884231090546,0.21323035657405853,0.04487345740199089,5.426687039289391e-06,0.0,0.000136963339173235,0.13829687237739563,0.04205119875433709,0.042051199823617935,0.018384352326393127,0.01979828253388405,0.010234974324703217,0.0024774549528956413,0.005120143759995699,0.030020635575056076,1.5459014177322388,0.0018633932244766166,nan,nan,nan,0,0
7,51,0.22615766525268555,0.2261022925376892,0.05126927047967911,5.426541520137107e-06,0.0,0.00011074244685005397,0.13947658240795135,0.10364582143481717,0.10364581644535065,0.043548550456762314,0.048230886459350586,0.021833300590515137,0.00599684240296483,0.01623954437673092,0.07578511536121368,1.5472115278244019,0.0018625980793712295,nan,nan,nan,0,0
7,52,0.23334901034832,0.23334792256355286,0.05423961579799652,5.426424195320578e-06,0.0,2.180217734348844e-06,0.1485234498977661,0.03534551140221906,0.03534551337361336,0.014305752702057362,0.014619536697864532,0.005535052623599768,0.001923446310684085,0.0059416587464511395,0.02759130299091339,1.5482724905014038,0.0018618007976887005,nan,nan,nan,0,0
7,53,0.22597038745880127,0.22596986591815948,0.052047520875930786,5.426424195320578e-06,0.0,1.0315111467207316e-06,0.15101563930511475,0.08660225563241908,0.08660225570201874,0.03425827994942665,0.039382532238960266,0.01793750189244747,0.004961921367794275,0.014353894628584385,0.06498406082391739,1.5487971305847168,0.001861001381406116,nan,nan,nan,0,0
7,54,0.3011784553527832,0.30117329955101013,0.09057319909334183,5.426424195320578e-06,0.0,1.0310084689990617e-05,0.1467890739440918,0.02057688422728211,0.02057688497006893,0.007904971949756145,0.008331415243446827,0.001972724450752139,0.0010371948592364788,0.004718809854239225,0.016256460919976234,1.5492746829986572,0.0018601998325058558,nan,nan,nan,0,0
7,55,0.35192427039146423,0.3519241511821747,0.12561112642288208,5.426424195320578e-06,0.0,2.578777866801829e-07,0.14949218928813934,0.06300476428831342,0.0630047619342804,0.02484787069261074,0.02796575054526329,0.0121485386043787,0.003621096722781658,0.011322325095534325,0.04776197299361229,1.5499060153961182,0.001859396152975588,nan,nan,nan,0,0
7,56,0.17716078460216522,0.17714840173721313,0.031940218061208725,5.426424195320578e-06,0.0,2.476610643498134e-05,0.15497656166553497,0.04170738766923709,0.04170738533139229,0.016000978648662567,0.017316849902272224,0.008543058298528194,0.0024067708291113377,0.007304010447114706,0.03242648020386696,1.5502475500106812,0.0018585903448082644,nan,nan,nan,0,0
7,57,0.2846703827381134,0.2846699655056,0.08070918917655945,5.426424195320578e-06,0.0,8.354912779395818e-07,0.14908595383167267,0.07256784221280689,0.07256784290075302,0.030153200030326843,0.03302650898694992,0.01589128002524376,0.004217564128339291,0.011156068183481693,0.053584955632686615,1.5501636266708374,0.001857782410002115,nan,nan,nan,0,0
7,58,0.24060258269309998,0.24060256779193878,0.05938945710659027,5.426424195320578e-06,0.0,2.4415179211700888e-08,0.1498437523841858,0.03542478670798882,0.03542478755116463,0.014230415225028992,0.014983897097408772,0.007431815378367901,0.002049206057563424,0.005387438461184502,0.027192609384655952,1.5499272346496582,0.0018569723505606438,nan,nan,nan,0,0
7,59,0.17924371361732483,0.17924368381500244,0.03200572356581688,5.426424195320578e-06,0.0,4.785114526839607e-08,0.1497812569141388,0.05152482315514577,0.051524821668863297,0.02011866495013237,0.023391662165522575,0.01084746140986681,0.003084317548200488,0.008549017831683159,0.03876352310180664,1.5494641065597534,0.001856160168492623,nan,nan,nan,0,0
7,60,0.2730223536491394,0.27296313643455505,0.07427401840686798,5.426733423519181e-06,0.0,0.00011843554966617376,0.13911719620227814,0.021894050106129687,0.021894050762057304,0.00861325953155756,0.00949172955006361,0.003161798929795623,0.0012266704579815269,0.0035156127996742725,0.017064789310097694,1.5490355491638184,0.0018553458658120891,nan,nan,nan,0,0
7,61,0.21113380789756775,0.2111169546842575,0.04537894204258919,5.426424195320578e-06,0.0,3.3694574085529894e-05,0.1441953033208847,0.004174596106647954,0.004174596164375544,0.002798781730234623,0.0022413867991417646,0.0009807473979890347,0.00024594541173428297,0.0007498553022742271,0.0017278949962928891,1.548683524131775,0.0018545294445383362,nan,nan,nan,0,0
7,62,0.2068677842617035,0.20684300363063812,0.0426202267408371,5.426424195320578e-06,0.0,4.954830001224764e-05,0.15703906118869781,0.012868900021179004,0.01286889985203743,0.0066103567369282246,0.005780024919658899,0.004013847094029188,0.0008052545599639416,0.0017282331828027964,0.00829197745770216,1.5483120679855347,0.0018537109066959134,nan,nan,nan,0,0
7,63,0.2857148349285126,0.2856697738170624,0.08157480508089066,5.426426923804684e-06,0.0,9.010164649225771e-05,0.14050781726837158,0.04818084986611097,0.048180852085351944,0.020750541239976883,0.021711163222789764,0.00980075728148222,0.0027279986534267664,0.006576821208000183,0.03567468747496605,1.5477757453918457,0.0018528902543146174,nan,nan,nan,0,0
7,64,0.3215803802013397,0.321516215801239,0.1050969585776329,5.426424195320578e-06,0.0,0.00012832654465455562,0.138671875,0.05824181085826304,0.05824181064963341,0.024495713412761688,0.027925295755267143,0.015706701204180717,0.0036812450271099806,0.00827699527144432,0.04103030264377594,1.547751784324646,0.001852067489429489,nan,nan,nan,0,0
7,65,0.39874741435050964,0.39874741435050964,0.1605728268623352,5.426424195320578e-06,0.0,2.197645621038191e-09,0.14995312690734863,0.043991831986300786,0.04399183392524719,0.01776519976556301,0.019278554245829582,0.00948969554156065,0.0026106764562427998,0.0064885057508945465,0.03330233693122864,1.5474820137023926,0.0018512426140808074,nan,nan,nan,0,0
7,66,0.29893821477890015,0.29891249537467957,0.08856681734323502,5.426424195320578e-06,0.0,5.143570888321847e-05,0.14282813668251038,0.00832272195850715,0.008322722278535366,0.0048007178120315075,0.004723147489130497,0.004067067988216877,0.0006782612181268632,0.0010523960227146745,0.0024091636296361685,1.5473613739013672,0.001850415630314085,nan,nan,nan,0,0
7,67,0.2371448576450348,0.2371213287115097,0.0570930577814579,5.426424195320578e-06,0.0,4.7051053115865216e-05,0.14314062893390656,0.03464467379357524,0.03464467450976372,0.014011959545314312,0.014859896153211594,0.005192465614527464,0.0018425859743729234,0.005212521180510521,0.026936493813991547,1.5471616983413696,0.0018495865401800635,nan,nan,nan,0,0
7,68,0.3528127670288086,0.35245373845100403,0.12371863424777985,5.426424195320578e-06,0.0,0.0007180726388469338,0.12320312857627869,0.07090517297750928,0.0709051713347435,0.032603055238723755,0.03121657483279705,0.012399053201079369,0.0038761713076382875,0.008564293384552002,0.05242138355970383,1.546725869178772,0.0018487553457347068,nan,nan,nan,0,0
7,69,0.27238115668296814,0.2718145251274109,0.07521571964025497,5.427566975413356e-06,0.0,0.001133269164711237,0.11633594334125519,0.039479794904929734,0.03947979211807251,0.017975980415940285,0.016993695870041847,0.004568836186081171,0.002126142615452409,0.005158088635653257,0.02991207130253315,1.5462567806243896,0.001847922049039198,nan,nan,nan,0,0
7,70,0.2758178412914276,0.27569007873535156,0.07754962146282196,5.426424195320578e-06,0.0,0.0002555001119617373,0.13401563465595245,0.08198809171857753,0.08198808878660202,0.03554636240005493,0.03548942133784294,0.014430148527026176,0.0045215957798063755,0.011812943033874035,0.06189333274960518,1.5455509424209595,0.0018470866521599328,nan,nan,nan,0,0
7,71,0.2620645761489868,0.26194900274276733,0.06769471615552902,5.426424195320578e-06,0.0,0.00023113525821827352,0.1347968727350235,0.04369112074660359,0.04369112104177475,0.01924249902367592,0.019059786573052406,0.006289410870522261,0.0023651199880987406,0.006713424809277058,0.03294152766466141,1.5449047088623047,0.0018462491571685146,nan,nan,nan,0,0
7,72,0.2299787998199463,0.2298639416694641,0.05347170680761337,5.426426923804684e-06,0.0,0.00022971203725319356,0.13484375178813934,0.0063221005730306435,0.006322100758552551,0.002898493083193898,0.002551415003836155,0.0027578447479754686,0.0005990357603877783,0.001670153345912695,0.0037820644211024046,1.5449044704437256,0.0018454095661417508,nan,nan,nan,0,0
7,73,0.20795997977256775,0.2078978419303894,0.042935676872730255,5.426424195320578e-06,0.0,0.0001242876605829224,0.1388515681028366,0.08347749759880332,0.08347749710083008,0.03479688987135887,0.03578594699501991,0.016865620389580727,0.0048214467242360115,0.012624161317944527,0.06332432478666306,1.5449042320251465,0.0018445678811616455,nan,nan,nan,0,0
7,74,0.2453838735818863,0.24522855877876282,0.059951283037662506,5.426733423519181e-06,0.0,0.00031064078211784363,0.13237500190734863,0.04910715301199272,0.049107152968645096,0.019519668072462082,0.01957460306584835,0.004623350687325001,0.0027006857562810183,0.008941411040723324,0.03922642022371292,1.5449039936065674,0.0018437241043153957,nan,nan,nan,0,0
7,75,0.2874959707260132,0.28741657733917236,0.0869993045926094,5.426424195320578e-06,0.0,0.0001587991719134152,0.13739845156669617,0.06405412890680093,0.06405413150787354,0.026939334347844124,0.026726190000772476,0.008805233985185623,0.0034500809852033854,0.009589653462171555,0.04981483519077301,1.5449037551879883,0.0018428782376953853,nan,nan,nan,0,0
7,76,0.35091742873191833,0.35080796480178833,0.12137412279844284,5.426424195320578e-06,0.0,0.00021894773817621171,0.13520312309265137,0.07232431636503962,0.07232431322336197,0.03165893629193306,0.03181701898574829,0.010932317934930325,0.0038901991210877895,0.010428219102323055,0.05452337861061096,1.5449035167694092,0.0018420302833991814,nan,nan,nan,0,0
7,77,0.31265318393707275,0.3125722110271454,0.09643928706645966,5.426424195320578e-06,0.0,0.00016196533397305757,0.13727344572544098,0.03538174460240641,0.0353817455470562,0.014469437301158905,0.014281446114182472,0.0032431192230433226,0.0019028887618333101,0.006770401727408171,0.02790280245244503,1.54490327835083,0.0018411802435295273,nan,nan,nan,0,0
7,78,0.18193988502025604,0.1818823516368866,0.03293090686202049,5.426424195320578e-06,0.0,0.00011505901056807488,0.13927344977855682,0.1417674680491387,0.1417674720287323,0.060270436108112335,0.05615661293268204,0.021233435720205307,0.007641429081559181,0.020590534433722496,0.11125962436199188,1.544903039932251,0.0018403281201943384,nan,nan,nan,0,0
7,79,0.24626535177230835,0.24597547948360443,0.060516003519296646,5.426424195320578e-06,0.0,0.0005797563935630023,0.12592187523841858,0.06391318132237883,0.06391318142414093,0.02909955382347107,0.02849477156996727,0.014674121513962746,0.003733813762664795,0.008515613153576851,0.04609090834856033,1.5449028015136719,0.001839473915506696,nan,nan,nan,0,0
7,80,0.22502459585666656,0.2249140739440918,0.050339341163635254,5.426424195320578e-06,0.0,0.00022103323135524988,0.1351328194141388,0.011620180871075162,0.011620180681347847,0.006699098739773035,0.005095498636364937,0.0009876820258796215,0.0006880174623802304,0.0018059788271784782,0.007712076883763075,1.5449025630950928,0.001838617631584844,nan,nan,nan,0,0
7,81,0.2150454819202423,0.21477265655994415,0.04544810950756073,5.426424195320578e-06,0.0,0.0005456610233522952,0.12664061784744263,0.046812670290260115,0.046812668442726135,0.019988322630524635,0.020278597250580788,0.004039306193590164,0.002608295064419508,0.00790911354124546,0.03598608449101448,1.5449023246765137,0.001837759270552181,nan,nan,nan,0,0
7,82,0.3146030604839325,0.3142492473125458,0.09877137839794159,5.426733423519181e-06,0.0,0.0007076433976180851,0.12339843809604645,0.008247673434738045,0.008247673511505127,0.004769198130816221,0.0038865713868290186,0.003046615282073617,0.0008793330634944141,0.002467975951731205,0.0037453214172273874,1.5449020862579346,0.0018368988345372572,nan,nan,nan,0,0
7,83,0.2576364278793335,0.25747230648994446,0.06535039097070694,5.426444204204017e-06,0.0,0.00032823256333358586,0.13188281655311584,0.08939155371186484,0.0893915519118309,0.03891873359680176,0.03601796552538872,0.008255844935774803,0.004875393584370613,0.015591544099152088,0.06959787011146545,1.5449018478393555,0.001836036325673768,nan,nan,nan,0,0
7,84,0.2664892375469208,0.26618218421936035,0.07052922248840332,5.426424195320578e-06,0.0,0.0006141106714494526,0.12521874904632568,0.03353686242021233,0.03353686258196831,0.013893771916627884,0.012988903559744358,0.003983866889029741,0.0020962601993232965,0.0076490710489451885,0.02615719474852085,1.5449016094207764,0.0018351717461005492,nan,nan,nan,0,0
7,85,0.22256366908550262,0.22228442132472992,0.0497412234544754,5.426424195320578e-06,0.0,0.0005585103644989431,0.12636718153953552,0.024644468677758904,0.02464446984231472,0.01719662733376026,0.011610112152993679,0.0021554608829319477,0.0014584108721464872,0.002084543230012059,0.012872950173914433,1.5449013710021973,0.0018343050979615714,nan,nan,nan,0,0
7,86,0.20821017026901245,0.20800212025642395,0.04289105534553528,5.426424195320578e-06,0.0,0.00041609627078287303,0.12960156798362732,0.04541885670727852,0.04541885480284691,0.024464381858706474,0.022229349240660667,0.006926489062607288,0.002496135188266635,0.007390140555799007,0.029349641874432564,1.5449011325836182,0.0018334363834059345,nan,nan,nan,0,0
7,87,0.2553989887237549,0.25496846437454224,0.06556814163923264,5.426424195320578e-06,0.0,0.0008610559161752462,0.12065625190734863,0.20418301802086514,0.20418301224708557,0.08880320191383362,0.0804576724767685,0.011446128599345684,0.011803887784481049,0.0345330685377121,0.16083650290966034,1.544900894165039,0.0018325656045878635,nan,nan,nan,0,0
7,88,0.25169819593429565,0.2515779435634613,0.0630289688706398,5.426424195320578e-06,0.0,0.0002404928527539596,0.1344921737909317,0.020589850242836404,0.02058985084295273,0.014674684964120388,0.00777876703068614,0.003548238892108202,0.0009271210874430835,0.002508335979655385,0.01132894679903984,1.54490065574646,0.0018316927636667013,nan,nan,nan,0,0
7,89,0.20930659770965576,0.2089972198009491,0.04298765957355499,5.426424195320578e-06,0.0,0.0006187663529999554,0.125124990940094,0.2588134198147384,0.25881341099739075,0.1112128347158432,0.09955522418022156,0.015100882388651371,0.014788839034736156,0.04431306943297386,0.20565615594387054,1.5449004173278809,0.001830817862806905,nan,nan,nan,0,0
7,90,0.30006247758865356,0.29999417066574097,0.08928748965263367,5.426424195320578e-06,0.0,0.00013659770775120705,0.13831250369548798,0.3756438836550433,0.37564387917518616,0.16124188899993896,0.1507478505373001,0.02081984281539917,0.021588779985904694,0.07158247381448746,0.293872207403183,1.5449001789093018,0.00182994090417804,nan,nan,nan,0,0
7,91,0.23963789641857147,0.23912540078163147,0.05730943754315376,5.426838015409885e-06,0.0,0.001025000005029142,0.11798438429832458,0.08599490556736485,0.0859949067234993,0.03771044313907623,0.03450087830424309,0.007166048977524042,0.005202203989028931,0.015756836161017418,0.06675359606742859,1.5448999404907227,0.0018290618899547738,nan,nan,nan,0,0
7,92,0.20967626571655273,0.20953871309757233,0.043619122356176376,5.426424195320578e-06,0.0,0.00027509310166351497,0.13341407477855682,0.09155237571530578,0.09155237674713135,0.04439842328429222,0.03592033311724663,0.006421518512070179,0.005055442452430725,0.013583073392510414,0.06977860629558563,1.5448997020721436,0.0018281808223168724,nan,nan,nan,0,0
7,93,0.21358080208301544,0.21338127553462982,0.04538515955209732,5.42697898708866e-06,0.0,0.0003990633995272219,0.13002343475818634,0.13171679661988678,0.131716787815094,0.05753177031874657,0.05017617344856262,0.014346475712954998,0.006823242176324129,0.027138015255331993,0.10262997448444366,1.5448994636535645,0.0018272977034491926,nan,nan,nan,0,0
7,94,0.26381489634513855,0.2637935280799866,0.06918541342020035,5.426424195320578e-06,0.0,4.2759325879160315e-05,0.1434609442949295,1.133344930044457,1.1333450078964233,0.44564664363861084,0.436798095703125,0.0768875926733017,0.06619931012392044,0.2682947516441345,0.9015548229217529,1.5448992252349854,0.001826412535541679,nan,nan,nan,0,0
7,95,0.19993992149829865,0.1997908651828766,0.03966264799237251,5.426838015409885e-06,0.0,0.00029810157138854265,0.13273438811302185,0.11426237755139108,0.11426237970590591,0.04865172505378723,0.045145392417907715,0.007134201470762491,0.006656201556324959,0.021517984569072723,0.08995870500802994,1.5448989868164062,0.0018255253207893568,nan,nan,nan,0,0
7,96,0.3169807195663452,0.31674623489379883,0.10007473081350327,5.426838015409885e-06,0.0,0.00046899294829927385,0.12834376096725464,0.28175195720549906,0.28175196051597595,0.11259336769580841,0.10556141287088394,0.02037912979722023,0.01620403304696083,0.048094648867845535,0.22928740084171295,1.5448987483978271,0.0018246360613923265,nan,nan,nan,0,0
7,97,0.2870085537433624,0.2868974506855011,0.08204986900091171,5.426838015409885e-06,0.0,0.00022219651145860553,0.13509374856948853,0.29484387743030943,0.2948438823223114,0.12357161194086075,0.11589670926332474,0.02970373071730137,0.017581289634108543,0.04982181265950203,0.2335750311613083,1.544898509979248,0.0018237447595557598,nan,nan,nan,0,0
7,98,0.25754785537719727,0.2574946880340576,0.06869126111268997,5.426424195320578e-06,0.0,0.00010634760838001966,0.13968750834465027,0.09812146029933456,0.09812145680189133,0.04033332318067551,0.038021016865968704,0.015181442722678185,0.005508130881935358,0.016261573880910873,0.07765430957078934,1.544898271560669,0.0018228514174898924,nan,nan,nan,0,0
7,99,0.275577574968338,0.27544692158699036,0.07537728548049927,5.426424195320578e-06,0.0,0.00026127698947675526,0.13383594155311584,0.0210735824676201,0.021073581650853157,0.010311372578144073,0.00950921792536974,0.007213379256427288,0.0014364192029461265,0.0023445889819413424,0.013702299445867538,1.5448980331420898,0.00182195603741002,nan,nan,nan,0,0
7,100,0.30501094460487366,0.3049107491970062,0.09208494424819946,5.426424195320578e-06,0.0,0.00020039947412442416,0.13584375381469727,0.036142301370367946,0.03614230081439018,0.014381848275661469,0.014413289725780487,0.005159315653145313,0.0020334511063992977,0.005741318222135305,0.028774455189704895,1.5448977947235107,0.0018210586215364917,nan,nan,nan,0,0
7,101,0.1768888682126999,0.17680679261684418,0.03087625652551651,5.426424195320578e-06,0.0,0.00016416041762568057,0.13718749582767487,0.03591617196211247,0.035916171967983246,0.013058755546808243,0.014300837181508541,0.0050991857424378395,0.0021949533838778734,0.007009399589151144,0.028895936906337738,1.5455617904663086,0.001820159172094705,nan,nan,nan,0,0
7,102,0.20006641745567322,0.20006293058395386,0.04013153538107872,5.426424195320578e-06,0.0,6.972873507038457e-06,0.15264062583446503,0.062249703493220045,0.06224970147013664,0.024893155321478844,0.02586643397808075,0.014592825435101986,0.0037877485156059265,0.00926600769162178,0.04767732694745064,1.5459578037261963,0.0018192576913151001,nan,nan,nan,0,0
7,103,0.2297459840774536,0.22971607744693756,0.05284462869167328,5.426424195320578e-06,0.0,5.982075890642591e-05,0.14226561784744263,0.026043342027904,0.02604334056377411,0.01019783690571785,0.010227433405816555,0.004517031833529472,0.001440756139345467,0.0037903098855167627,0.02080417238175869,1.5461633205413818,0.0018183541814331546,nan,nan,nan,0,0
7,104,0.47139981389045715,0.47137928009033203,0.21991847455501556,5.426424195320578e-06,0.0,4.104000981897116e-05,0.1564062535762787,0.005985144641130426,0.005985144525766373,0.0027092895470559597,0.00262400577776134,0.00128187146037817,0.00031936177401803434,0.00039843126432970166,0.004437608178704977,1.5463627576828003,0.0018174486446893782,nan,nan,nan,0,0
7,105,0.2004689872264862,0.2004164606332779,0.04053599014878273,5.4264551181404386e-06,0.0,0.00010506223770789802,0.13975001871585846,0.020993816108353255,0.02099381573498249,0.008353237994015217,0.008719158358871937,0.005628590006381273,0.0012663145316764712,0.0023346056696027517,0.016006406396627426,1.546332836151123,0.0018165410833293062,nan,nan,nan,0,0
7,106,0.23867353796958923,0.23864714801311493,0.05923653021454811,5.426424195320578e-06,0.0,5.278934258967638e-05,0.1427343785762787,0.013578950876512142,0.013578951358795166,0.0060946643352508545,0.006532806437462568,0.0060209245420992374,0.0011346460087224841,0.002170809544622898,0.007893924601376057,1.5465404987335205,0.001815631499603495,nan,nan,nan,0,0
7,107,0.32342851161956787,0.32339099049568176,0.10258612781763077,5.426424195320578e-06,0.0,7.506588008254766e-05,0.14133594930171967,0.045324586623116205,0.04532458633184433,0.019472414627671242,0.01880209520459175,0.013709555380046368,0.002840970875695348,0.0055581023916602135,0.0330863855779171,1.5462888479232788,0.001814719895767515,nan,nan,nan,0,0
7,108,0.3308577239513397,0.33083415031433105,0.108998604118824,5.426424195320578e-06,0.0,4.715843897429295e-05,0.14313280582427979,0.008500861519443358,0.008500861935317516,0.003474509110674262,0.002777760848402977,0.00116686150431633,0.00038190517807379365,0.0009756707586348057,0.007072278764098883,1.5460246801376343,0.001813806274081948,nan,nan,nan,0,0
7,109,0.23428994417190552,0.2342839539051056,0.054995883256196976,5.426424195320578e-06,0.0,1.1978027941950131e-05,0.14653907716274261,0.03572618908100172,0.035726189613342285,0.014076076447963715,0.014390734024345875,0.01031715888530016,0.0022792427334934473,0.005350898951292038,0.02703443355858326,1.545483946800232,0.0018128906368123777,nan,nan,nan,0,0
7,110,0.20437660813331604,0.20433694124221802,0.0409143827855587,5.426424195320578e-06,0.0,7.932120206533e-05,0.14109376072883606,0.018465395171461396,0.018465394154191017,0.008477169089019299,0.008199705742299557,0.0073450892232358456,0.001421743188984692,0.003242301056161523,0.011635679751634598,1.5452572107315063,0.0018119729862293868,nan,nan,nan,0,0
7,111,0.22820253670215607,0.22814254462718964,0.05152513459324837,5.426424195320578e-06,0.0,0.00011997101682936773,0.13904687762260437,0.042353609672211426,0.04235360771417618,0.01680762507021427,0.017219040542840958,0.01207059994339943,0.0026651753578335047,0.0055402424186468124,0.032114479690790176,1.5448951721191406,0.0018110533246085507,nan,nan,nan,0,0
7,112,0.3336901068687439,0.3336900472640991,0.11178084462881088,5.426424195320578e-06,0.0,1.0259238791832104e-07,0.15032030642032623,0.03141977934343976,0.0314197801053524,0.013949832879006863,0.012726361863315105,0.009929239749908447,0.001982137095183134,0.004077817779034376,0.022616302594542503,1.5448949337005615,0.0018101316542304315,nan,nan,nan,0,0
7,113,0.28994497656822205,0.28992632031440735,0.08296758681535721,5.426424195320578e-06,0.0,3.7324422009987757e-05,0.1438906341791153,0.003674616370755861,0.003674616338685155,0.0013351307716220617,0.0010961521184071898,0.0005501762498170137,0.00019699322001542896,0.0006541073089465499,0.0031223909463733435,1.5448946952819824,0.0018092079773805727,nan,nan,nan,0,0
7,114,0.2347756177186966,0.2347756028175354,0.05415327847003937,5.426424195320578e-06,0.0,2.953929367777164e-08,0.15017187595367432,0.011853232988539825,0.011853232979774475,0.005187734961509705,0.005814135540276766,0.004477837588638067,0.0009145854273810983,0.0018027396872639656,0.007459557615220547,1.5448944568634033,0.0018082822963494934,nan,nan,nan,0,0
7,115,0.20697760581970215,0.2069358229637146,0.042665995657444,5.426424195320578e-06,0.0,8.355103636858985e-05,0.14085938036441803,0.0030671806705299823,0.0030671805143356323,0.0012313338229432702,0.0013778249267488718,0.001623787684366107,0.00038114225026220083,0.0012678216444328427,0.0012663669185712934,1.5448942184448242,0.0018073546134326824,nan,nan,nan,0,0
7,116,0.16476257145404816,0.16469699144363403,0.02690432034432888,5.426733423519181e-06,0.0,0.00013117433991283178,0.1385468691587448,0.015490786272749682,0.015490786172449589,0.007864392362535,0.007438350468873978,0.0071114771999418736,0.0012907824711874127,0.002403457183390856,0.008048037067055702,1.5448939800262451,0.0018064249309305937,nan,nan,nan,0,0
7,117,0.3101438283920288,0.3100937604904175,0.0937684029340744,5.426424195320578e-06,0.0,0.00010015633597504348,0.13999219238758087,0.009511724246237375,0.00951172411441803,0.00339963985607028,0.0032681524753570557,0.0011247532675042748,0.0004422849742695689,0.001116442959755659,0.008094899356365204,1.544893741607666,0.0018054932511486382,nan,nan,nan,0,0
7,118,0.2362833321094513,0.23612217605113983,0.055419158190488815,5.426424195320578e-06,0.0,0.0003223147941753268,0.1320468783378601,0.006615625361834394,0.006615625694394112,0.003237845143303275,0.0026074268389493227,0.0008460760582238436,0.0003907213977072388,0.0013499008491635323,0.004877852275967598,1.544893503189087,0.0018045595763971807,nan,nan,nan,0,0
7,119,0.27270039916038513,0.2726305425167084,0.07510204613208771,5.426424195320578e-06,0.0,0.00013971987937111408,0.1381796896457672,0.004260571380283299,0.0042605712078511715,0.0024079163558781147,0.0019728676415979862,0.002279408276081085,0.00047105044359341264,0.0015305631095543504,0.000837846368085593,1.5448932647705078,0.0018036239089915336,nan,nan,nan,0,0
7,120,0.271399587392807,0.2713582515716553,0.07330534607172012,5.426424195320578e-06,0.0,8.269649697467685e-05,0.14090624451637268,0.03420913528348135,0.03420913591980934,0.014438115991652012,0.013883091509342194,0.00977892242372036,0.002079166704788804,0.004215245135128498,0.025521500036120415,1.5448930263519287,0.0018026862512519493,nan,nan,nan,0,0
7,121,0.3081309497356415,0.30784744024276733,0.09576079249382019,5.426426923804684e-06,0.0,0.0005670352838933468,0.1261875033378601,0.014639888547274391,0.014639888890087605,0.006622996646910906,0.005981560330837965,0.00224637845531106,0.0007098657661117613,0.0012794530484825373,0.011291415430605412,1.5448927879333496,0.0018017466055036168,nan,nan,nan,0,0
7,122,0.2246716022491455,0.22461867332458496,0.050434913486242294,5.426424195320578e-06,0.0,0.00010586471762508154,0.1397109478712082,0.03434099777353846,0.0343409962952137,0.01433797087520361,0.013965575955808163,0.00930244941264391,0.002026363741606474,0.003870392683893442,0.02594354934990406,1.5448925495147705,0.0018008049740766542,nan,nan,nan,0,0
7,123,0.2694340646266937,0.2694023847579956,0.07217475771903992,5.42668658454204e-06,0.0,6.337665399769321e-05,0.14203906059265137,0.015755133589864717,0.01575513370335102,0.005911842454224825,0.005688084755092859,0.004738383460789919,0.0011711992556229234,0.0035746728535741568,0.01201323326677084,1.5448923110961914,0.0017998613593061044,nan,nan,nan,0,0
7,124,0.20952439308166504,0.20948611199855804,0.044507548213005066,5.426424195320578e-06,0.0,7.656235538888723e-05,0.14125001430511475,0.05841776107667759,0.05841775983572006,0.025172855705022812,0.02461397834122181,0.019549360498785973,0.00397463608533144,0.008057829923927784,0.04135468974709511,1.5448920726776123,0.0017989157635319281,nan,nan,nan,0,0
7,125,0.2244294136762619,0.22433032095432281,0.05018268898129463,5.426424195320578e-06,0.0,0.00019819360750261694,0.1359218806028366,0.04040261967268338,0.040402621030807495,0.015663636848330498,0.015592902898788452,0.009657314978539944,0.0023192148655653,0.005012000910937786,0.03193933144211769,1.5448918342590332,0.0017979681890989989,nan,nan,nan,0,0
7,126,0.30409377813339233,0.30408403277397156,0.09148930758237839,5.426424195320578e-06,0.0,1.9483984942780808e-05,0.14558593928813934,0.030702181285763738,0.03070218302309513,0.01267284620553255,0.01278716791421175,0.008954503573477268,0.0019502162467688322,0.003966037184000015,0.022777078673243523,1.544891595840454,0.0017970186383570962,nan,nan,nan,0,0
7,127,0.28474822640419006,0.2847102880477905,0.08238915354013443,5.426424195320578e-06,0.0,7.588040170958266e-05,0.14128907024860382,0.014651057663057401,0.014651058241724968,0.00586562417447567,0.005260855425149202,0.002821693429723382,0.0007659178227186203,0.0018007116159424186,0.011865083128213882,1.544891357421875,0.0017960671136609012,nan,nan,nan,0,0
7,128,0.3874756693840027,0.38730090856552124,0.15038485825061798,5.426424195320578e-06,0.0,0.00034951517591252923,0.13130468130111694,0.008810457183341272,0.008810457773506641,0.004836518317461014,0.004338170867413282,0.004987877327948809,0.0009526622015982866,0.0023874512407928705,0.00198144163005054,1.544891119003296,0.0017951136173699894,nan,nan,nan,0,0
7,129,0.1785612255334854,0.1784801483154297,0.03155611827969551,5.426424195320578e-06,0.0,0.00016216452058870345,0.1372656226158142,0.00680784680190932,0.006807846948504448,0.004342396277934313,0.0029690684750676155,0.003517256584018469,0.0005622805911116302,0.0012209011474624276,0.0021206489764153957,1.5448908805847168,0.0017941581518488255,nan,nan,nan,0,0
7,130,0.3343707025051117,0.33432430028915405,0.11777662485837936,5.426424195320578e-06,0.0,9.27910441532731e-05,0.14036719501018524,0.004422430236053245,0.004422429949045181,0.002214934676885605,0.0011658241273835301,0.0009043399477377534,0.00033193861600011587,0.0019083790248259902,0.002953452756628394,1.5448906421661377,0.001793200719466758,nan,nan,nan,0,0
7,131,0.28023189306259155,0.2802155017852783,0.07771038264036179,5.426424195320578e-06,0.0,3.279350130469538e-05,0.14427344501018524,0.024574610891521895,0.024574611335992813,0.009288747794926167,0.009863422252237797,0.006445292383432388,0.0015212537255138159,0.003421420929953456,0.019099252298474312,1.5448904037475586,0.001792241322598012,nan,nan,nan,0,0
7,132,0.35321128368377686,0.35307177901268005,0.1244955062866211,5.426424195320578e-06,0.0,0.0002789944992400706,0.1332968771457672,0.03307200900207562,0.033072009682655334,0.013549108058214188,0.013465139083564281,0.008208299987018108,0.0019068439723923802,0.0035310403909534216,0.02540450729429722,1.5448901653289795,0.0017912799636216853,nan,nan,nan,0,0
7,133,0.31183236837387085,0.31182897090911865,0.09683629125356674,5.426424195320578e-06,0.0,6.8088229454588145e-06,0.14739063382148743,0.0023894384642686303,0.0023894384503364563,0.000972770678345114,0.0006982909981161356,0.0004762343887705356,0.0001495779724791646,0.0005274068680591881,0.0019360248697921634,1.5448899269104004,0.0017903166449217394,nan,nan,nan,0,0
7,134,0.21314620971679688,0.21310955286026,0.04604172334074974,5.426424195320578e-06,0.0,7.331623783102259e-05,0.14143751561641693,0.04158474205692256,0.041584741324186325,0.017267975956201553,0.015892822295427322,0.010309295728802681,0.002375081181526184,0.004942965228110552,0.032282665371894836,1.5448896884918213,0.0017893513688869976,nan,nan,nan,0,0
7,135,0.2219623327255249,0.22186191380023956,0.04844163358211517,5.426424195320578e-06,0.0,0.00020084227435290813,0.13582812249660492,0.022424574776517128,0.022424573078751564,0.009270445443689823,0.00880203116685152,0.004783290904015303,0.0012229203712195158,0.0023429859429597855,0.017594875767827034,1.5448894500732422,0.0017883841379111353,nan,nan,nan,0,0
7,136,0.3648192286491394,0.3647584617137909,0.13738220930099487,5.426424195320578e-06,0.0,0.00012151572445873171,0.138976588845253,0.03876931713293774,0.03876931592822075,0.016080869361758232,0.015823205932974815,0.00955232884734869,0.0022870893590152264,0.0046464260667562485,0.02959771454334259,1.544889211654663,0.0017874149543926768,nan,nan,nan,0,0
7,137,0.28513196110725403,0.285086989402771,0.08135677129030228,5.426424195320578e-06,0.0,8.995375537779182e-05,0.14051561057567596,0.03352136140132428,0.03352136164903641,0.014581160619854927,0.013043908402323723,0.008274960331618786,0.0019046398811042309,0.0036439872346818447,0.02560364454984665,1.544888973236084,0.0017864438207349875,nan,nan,nan,0,0
7,138,0.22403618693351746,0.22365763783454895,0.04971526190638542,5.426424195320578e-06,0.0,0.0007571097812615335,0.12248437851667404,0.01571494761841046,0.015714948996901512,0.006003112066537142,0.005792615469545126,0.0012077548308297992,0.0008360189385712147,0.001863599754869938,0.013104855082929134,1.5448887348175049,0.0017854707393462695,nan,nan,nan,0,0
7,139,0.4835655093193054,0.48335936665534973,0.2357969731092453,5.426424195320578e-06,0.0,0.00041228003101423383,0.129695326089859,0.011746760576299257,0.011746760457754135,0.00503612169995904,0.004193215165287256,0.0008334893500432372,0.0005669161910191178,0.0012816140661016107,0.009611564688384533,1.5448884963989258,0.0017844957126395544,nan,nan,nan,0,0
7,140,0.2548055946826935,0.25455212593078613,0.06391650438308716,5.426424195320578e-06,0.0,0.0005069533362984657,0.12748438119888306,0.023839470777047487,0.023839471861720085,0.008869796060025692,0.007429989520460367,0.0018584390636533499,0.0010999609949067235,0.0027997561264783144,0.020541178062558174,1.5448882579803467,0.0017835187430326979,nan,nan,nan,0,0
7,141,0.23050259053707123,0.23027697205543518,0.05350470170378685,5.426426923804684e-06,0.0,0.0004512304731179029,0.12875781953334808,0.01630124729501062,0.016301246359944344,0.007429236080497503,0.006139423698186874,0.0017623635940253735,0.0007409747340716422,0.00141837855335325,0.012929726392030716,1.5448880195617676,0.0017825398329483731,nan,nan,nan,0,0
7,142,0.13922032713890076,0.13900244235992432,0.019195832312107086,5.426424195320578e-06,0.0,0.00043576591997407377,0.12912499904632568,0.018377853611231156,0.01837785355746746,0.009243085980415344,0.008305523544549942,0.006789752747863531,0.001449523726478219,0.0026410669088363647,0.011320426128804684,1.5448877811431885,0.0017815589848140666,nan,nan,nan,0,0
7,143,0.3399856984615326,0.3397853970527649,0.11621679365634918,5.426424195320578e-06,0.0,0.0004006253439001739,0.12998437881469727,0.016725862738308183,0.01672586239874363,0.009241773746907711,0.008253779262304306,0.006958133075386286,0.0013283091830089688,0.0021884518209844828,0.008440964855253696,1.5448875427246094,0.0017805762010620688,nan,nan,nan,0,0
7,144,0.34474289417266846,0.3442276418209076,0.11762318015098572,5.426426923804684e-06,0.0,0.001030510407872498,0.11789844185113907,0.09013080373088789,0.09013080596923828,0.038681067526340485,0.03376968204975128,0.012649383395910263,0.00504468334838748,0.012723318301141262,0.07169105112552643,1.5448873043060303,0.0017795914841294718,nan,nan,nan,0,0
7,145,0.18086904287338257,0.18064787983894348,0.032970670610666275,5.426424195320578e-06,0.0,0.0004423132922966033,0.1289687603712082,0.02196083327363146,0.02196083404123783,0.010546509176492691,0.008730894885957241,0.007184588350355625,0.0015834380174055696,0.0034456043504178524,0.01512689795345068,1.5448870658874512,0.0017786048364581608,nan,nan,nan,0,0
7,146,0.31482312083244324,0.3146291673183441,0.10135453939437866,5.426424195320578e-06,0.0,0.00038790531107224524,0.13030469417572021,0.012095167401567056,0.012095167301595211,0.007073244545608759,0.005417720414698124,0.0012496281415224075,0.000806131400167942,0.0017798180924728513,0.007844196632504463,1.544886827468872,0.0017776162604948088,nan,nan,nan,0,0
7,147,0.389565110206604,0.3892744779586792,0.15344834327697754,5.426424195320578e-06,0.0,0.000581261410843581,0.12589064240455627,0.010150478747298318,0.010150478221476078,0.006055042613297701,0.005365212447941303,0.005471359007060528,0.0009654886671341956,0.00187977054156363,0.0017837315099313855,1.544886589050293,0.0017766257586908708,nan,nan,nan,0,0
7,148,0.3357388973236084,0.33548927307128906,0.11654277890920639,5.426424195320578e-06,0.0,0.0004992433823645115,0.1276562511920929,0.03683073690289119,0.03683073818683624,0.01818724162876606,0.013088528998196125,0.00882877130061388,0.002165424171835184,0.004859970882534981,0.027352554723620415,1.5448863506317139,0.0017756333335025769,nan,nan,nan,0,0
7,149,0.2013913244009018,0.2012012004852295,0.039740268141031265,5.426424195320578e-06,0.0,0.00038025068351998925,0.13049998879432678,0.06956852702442569,0.06956852227449417,0.029966657981276512,0.02417944371700287,0.00860619731247425,0.003764496883377433,0.010133206844329834,0.056269120424985886,1.5448861122131348,0.001774638987390928,nan,nan,nan,0,0
7,150,0.35844531655311584,0.3580041825771332,0.12908703088760376,5.426424195320578e-06,0.0,0.0008822765666991472,0.12029686570167542,0.02824590739678147,0.02824590727686882,0.01327848806977272,0.011646854691207409,0.002965359715744853,0.0017608063062652946,0.0041688657365739346,0.021367980167269707,1.5448858737945557,0.0017736427228216868,nan,nan,nan,0,0
7,151,0.3684207797050476,0.3682088851928711,0.134042888879776,5.426424195320578e-06,0.0,0.0004237802932038903,0.12941408157348633,0.03571667879550297,0.03571667894721031,0.01547277718782425,0.013331223279237747,0.003843126120045781,0.0019846258219331503,0.005186463240534067,0.028512191027402878,1.5448856353759766,0.001772644542265375,nan,nan,nan,0,0
7,152,0.2729361355304718,0.2723734378814697,0.07375751435756683,5.426424195320578e-06,0.0,0.0011253926204517484,0.1164531335234642,0.05002663740657892,0.05002663657069206,0.021732250228524208,0.019300464540719986,0.00534314289689064,0.0029003783129155636,0.007202788721770048,0.039610911160707474,1.5448853969573975,0.0017716444481972646,nan,nan,nan,0,0
7,153,0.2793027460575104,0.27884355187416077,0.0773090198636055,5.426838015409885e-06,0.0,0.0009183743968605995,0.11969531327486038,0.01577690763729897,0.01577690802514553,0.009014816023409367,0.008173022419214249,0.008089043200016022,0.0014658370055258274,0.0025438920129090548,0.005176188424229622,1.5448851585388184,0.0017706424430973728,nan,nan,nan,0,0
7,154,0.2310265451669693,0.23082183301448822,0.05325545370578766,5.426424195320578e-06,0.0,0.00040942998020909727,0.12976562976837158,0.12490739306866006,0.12490738928318024,0.04996101185679436,0.04288726672530174,0.013748595491051674,0.0069350795820355415,0.021129287779331207,0.10287307947874069,1.5448849201202393,0.0017696385294504557,nan,nan,nan,0,0
7,155,0.19852793216705322,0.19832980632781982,0.039292655885219574,5.426424195320578e-06,0.0,0.00039625889621675014,0.1300937533378601,0.0972687656730949,0.09726876765489578,0.04150209575891495,0.0353795625269413,0.0119789345189929,0.005425949580967426,0.014498202130198479,0.07812772691249847,1.5448846817016602,0.0017686327097460024,nan,nan,nan,0,0
7,156,0.21626120805740356,0.21585841476917267,0.047233905643224716,5.4268921303446405e-06,0.0,0.0008055846556089818,0.12161718308925629,0.09437684316261452,0.09437683969736099,0.039297446608543396,0.03046751581132412,0.009157032705843449,0.005132183898240328,0.014220832847058773,0.07824325561523438,1.544884443283081,0.0017676249864782285,nan,nan,nan,0,0
7,157,0.2498520016670227,0.2491963803768158,0.06167648360133171,5.426424195320578e-06,0.0,0.0013112316373735666,0.11378907412290573,0.11658833385061922,0.11658833175897598,0.0518169030547142,0.04497479274868965,0.022943658754229546,0.007032886613160372,0.015021584928035736,0.08990881592035294,1.544884204864502,0.00176661536214607,nan,nan,nan,0,0
7,158,0.2791977524757385,0.2786104083061218,0.0777818039059639,5.426424195320578e-06,0.0,0.001174669130705297,0.11572656035423279,0.05957043252908362,0.05957043170928955,0.026186246424913406,0.02037355676293373,0.010565481148660183,0.0035987477749586105,0.008123665116727352,0.04751063883304596,1.5448839664459229,0.0017656038392531777,nan,nan,nan,0,0
7,159,0.33811643719673157,0.3378237187862396,0.11367689073085785,5.426424195320578e-06,0.0,0.0005854131886735559,0.12580469250679016,0.06887471928523305,0.06887471675872803,0.031150756403803825,0.02612723968923092,0.011736203916370869,0.0039695193991065025,0.008543936535716057,0.05351850390434265,1.5448837280273438,0.0017645904203079093,nan,nan,nan,0,0
7,160,0.2620430588722229,0.2616453468799591,0.06746120750904083,5.426424195320578e-06,0.0,0.0007954161264933646,0.12179688364267349,0.2813621913084762,0.2813622057437897,0.12036583572626114,0.10344384610652924,0.036383625119924545,0.01661931350827217,0.038106534630060196,0.22566355764865875,1.5448834896087646,0.0017635751078233248,nan,nan,nan,0,0
7,161,0.22012116014957428,0.21978862583637238,0.047926004976034164,5.426424195320578e-06,0.0,0.0006650759605690837,0.12421093881130219,0.010830375520952633,0.010830375365912914,0.007064815144985914,0.004091581795364618,0.0022546048276126385,0.0009218592313118279,0.0030087793711572886,0.0059714787639677525,1.5448832511901855,0.00176255790431718,nan,nan,nan,0,0
7,162,0.3164494037628174,0.31607896089553833,0.09977523982524872,5.426424195320578e-06,0.0,0.0007408608216792345,0.12278124690055847,0.013642644818623904,0.013642644509673119,0.007269761059433222,0.006458587944507599,0.006265764590352774,0.0011824656976386905,0.0023780008777976036,0.006726518739014864,1.5448830127716064,0.0017615388123119204,nan,nan,nan,0,0
7,163,0.23577189445495605,0.23558871448040009,0.056273918598890305,5.426424195320578e-06,0.0,0.0003663637617137283,0.130859375,0.03491874663626346,0.03491874784231186,0.012973913922905922,0.012446431443095207,0.002999216550961137,0.0020379205234348774,0.006982310675084591,0.028882203623652458,1.5448827743530273,0.0017605178343346737,nan,nan,nan,0,0
7,164,0.2846774458885193,0.28442782163619995,0.08122739940881729,5.426424195320578e-06,0.0,0.0004992433823645115,0.1276562511920929,0.008348564142467615,0.008348563686013222,0.0036342316307127476,0.003118595341220498,0.0027157410513609648,0.000796217005699873,0.0023592710494995117,0.005761065520346165,1.5448825359344482,0.0017594949729172445,nan,nan,nan,0,0
7,165,0.2233872413635254,0.22307825088500977,0.04978655278682709,5.426424195320578e-06,0.0,0.0006179882329888642,0.12514063715934753,0.06158881433904595,0.06158881261944771,0.025361863896250725,0.02317548170685768,0.013846336863934994,0.0037582144141197205,0.00944901816546917,0.04814276471734047,1.5448822975158691,0.0017584702305961087,nan,nan,nan,0,0
7,166,0.27878257632255554,0.2785104811191559,0.07650845497846603,5.426424195320578e-06,0.0,0.00054420146625489,0.12667188048362732,0.040376965107327425,0.04037696495652199,0.017075857147574425,0.01604575850069523,0.010529757477343082,0.002708544721826911,0.006069916766136885,0.030433405190706253,1.54488205909729,0.0017574436099124053,nan,nan,nan,0,0
7,167,0.4803176820278168,0.48029789328575134,0.2286103069782257,5.426424195320578e-06,0.0,3.955252395826392e-05,0.1437109261751175,0.010732406559829056,0.010732406750321388,0.004957755096256733,0.004420171957463026,0.0031538393814116716,0.0006949310773052275,0.0015185833908617496,0.007637510541826487,1.544881820678711,0.0017564151134119325,nan,nan,nan,0,0
7,168,0.21045036613941193,0.21044966578483582,0.0442323200404644,5.426424195320578e-06,0.0,1.3916805983171798e-06,0.151179701089859,0.013520551127103772,0.013520550914108753,0.0053111957386136055,0.004859940614551306,0.0022112508304417133,0.0007259949343279004,0.002347481669858098,0.010956738144159317,1.5448815822601318,0.001755384743645139,nan,nan,nan,0,0
7,169,0.23413513600826263,0.23399926722049713,0.05618962645530701,5.426541520137107e-06,0.0,0.000271734781563282,0.1335156261920929,0.06317654659098915,0.06317654997110367,0.02316380850970745,0.023351026698946953,0.009421782568097115,0.003653394291177392,0.010644877329468727,0.05190388113260269,1.5448813438415527,0.0017543525031671196,nan,nan,nan,0,0
7,170,0.1900605410337448,0.18993015587329865,0.03648310899734497,5.427304131444544e-06,0.0,0.00026077189249917865,0.1338515728712082,0.04997944559371548,0.04997944459319115,0.018180184066295624,0.017588665708899498,0.006551340688019991,0.0027403724379837513,0.008640369400382042,0.041629064828157425,1.5448811054229736,0.0017533183945376077,nan,nan,nan,0,0
7,171,0.2001083940267563,0.20008982717990875,0.04005984961986542,5.426424195320578e-06,0.0,3.713367186719552e-05,0.14390626549720764,0.03512928317003095,0.035129282623529434,0.013690449297428131,0.013923780992627144,0.0065341247245669365,0.002121256897225976,0.005446380004286766,0.02785514108836651,1.5448808670043945,0.001752282420320969,nan,nan,nan,0,0
7,172,0.35470470786094666,0.35461294651031494,0.12683157622814178,5.426601546787424e-06,0.0,0.00018351766630075872,0.13645313680171967,0.052051830390352785,0.05205183103680611,0.020773496478796005,0.02190137282013893,0.014343653805553913,0.0034289173781871796,0.007239819969981909,0.03909311816096306,1.5448806285858154,0.0017512445830861962,nan,nan,nan,0,0
7,173,0.2082824558019638,0.20828106999397278,0.04308480769395828,5.426424195320578e-06,0.0,2.7691364721249556e-06,0.14833593368530273,0.07238497412066369,0.07238497585058212,0.023939577862620354,0.026020009070634842,0.011792567558586597,0.004275529645383358,0.014028835110366344,0.06029334291815758,1.5448803901672363,0.0017502048854069012,nan,nan,nan,0,0
7,174,0.34784409403800964,0.3478209376335144,0.1248629167675972,5.426424195320578e-06,0.0,4.6304005081765354e-05,0.14319530129432678,0.007553235859797467,0.0075532360933721066,0.0026499603409320116,0.0018912549130618572,0.0010272871004417539,0.00042484086588956416,0.0018223185325041413,0.006472679786384106,1.5448801517486572,0.00174916332986131,nan,nan,nan,0,0
7,175,0.3960636556148529,0.3959346413612366,0.15287494659423828,5.426424195320578e-06,0.0,0.00025800385628826916,0.1339375078678131,0.03099721363843764,0.03099721297621727,0.012664943933486938,0.012237630784511566,0.004669135436415672,0.001741996849887073,0.004161853343248367,0.024668004363775253,1.5448799133300781,0.0017481199190322548,nan,nan,nan,0,0
7,176,0.2133900374174118,0.21338948607444763,0.04572535678744316,5.426424195320578e-06,0.0,1.1123380545541295e-06,0.15105468034744263,0.10315428227864827,0.10315428674221039,0.03812330216169357,0.037094611674547195,0.018071196973323822,0.005955614149570465,0.0171304102987051,0.08459267765283585,1.544879674911499,0.00174707465550717,nan,nan,nan,0,0
7,177,0.2870739698410034,0.2870030105113983,0.08178483694791794,5.426424195320578e-06,0.0,0.00014194517279975116,0.13808593153953552,0.05243585030330472,0.05243585258722305,0.01931476965546608,0.01979263499379158,0.00732490373775363,0.003023558994755149,0.008697462268173695,0.04296821728348732,1.54487943649292,0.0017460275418780826,nan,nan,nan,0,0
7,178,0.3060852885246277,0.30602699518203735,0.09338514506816864,5.4266879487840924e-06,0.0,0.00011657250433927402,0.13920313119888306,0.009093255567898053,0.00909325573593378,0.004176815040409565,0.003705067792907357,0.004568959586322308,0.0008398231002502143,0.003407638054341078,0.004280338063836098,1.5448791980743408,0.0017449785807416086,nan,nan,nan,0,0
7,179,0.2384510636329651,0.23843133449554443,0.05753212794661522,5.426424195320578e-06,0.0,3.9453996578231454e-05,0.14371876418590546,0.011353384013099061,0.011353383772075176,0.00345345470122993,0.0029729902744293213,0.001085692085325718,0.0006089540547691286,0.002670712536200881,0.00997256487607956,1.5448789596557617,0.001743927774698945,nan,nan,nan,0,0
7,180,0.21440748870372772,0.21433717012405396,0.046257901936769485,5.426424195320578e-06,0.0,0.0001406447117915377,0.13814063370227814,0.06330334977924496,0.06330335140228271,0.022325851023197174,0.023234998807311058,0.00802349392324686,0.0036496517714112997,0.011238902807235718,0.052583228796720505,1.5448787212371826,0.0017428751263558636,nan,nan,nan,0,0
7,181,0.35791894793510437,0.3577982187271118,0.12721513211727142,5.426432835520245e-06,0.0,0.00024146253417711705,0.1344609409570694,0.10645743337943761,0.1064574345946312,0.04194939509034157,0.041410863399505615,0.013294690288603306,0.006617875304073095,0.016925320029258728,0.08574125170707703,1.5448784828186035,0.001741820638322705,nan,nan,nan,0,0
7,182,0.2502824366092682,0.2502637803554535,0.06250356882810593,5.426424195320578e-06,0.0,3.7324422009987757e-05,0.1438906341791153,0.006343497349311307,0.006343497429043055,0.003519222838804126,0.002125105122104287,0.0019843950867652893,0.0004850764526054263,0.001025610021315515,0.004256049636751413,1.5448782444000244,0.001740764313214372,nan,nan,nan,0,0
7,183,0.2607828378677368,0.2606257200241089,0.06812789291143417,5.426424195320578e-06,0.0,0.0003142307687085122,0.13227345049381256,0.2045269941969073,0.20452699065208435,0.0790589228272438,0.07722225785255432,0.02154705300927162,0.012379763647913933,0.0352790392935276,0.16659998893737793,1.5448780059814453,0.0017397061536503227,nan,nan,nan,0,0
7,184,0.20793436467647552,0.20787683129310608,0.04285570979118347,5.426424195320578e-06,0.0,0.00011505901056807488,0.13927344977855682,0.0944962927051401,0.09449629485607147,0.03452553600072861,0.03430599346756935,0.007131582126021385,0.005579798948019743,0.01777835190296173,0.07850205153226852,1.5448777675628662,0.0017386461622545643,nan,nan,nan,0,0
7,185,0.219031423330307,0.2189769595861435,0.047497738152742386,5.426424195320578e-06,0.0,0.00010894116712734103,0.13956251740455627,0.11710504572978989,0.11710504442453384,0.04422326758503914,0.04162083938717842,0.010308315046131611,0.006609234027564526,0.01987284980714321,0.09736902266740799,1.544877529144287,0.0017375843416556462,nan,nan,nan,0,0
7,186,0.21449992060661316,0.21444503962993622,0.04560473933815956,5.426424195320578e-06,0.0,0.0001097582935472019,0.139523446559906,0.1512156325222339,0.15121562778949738,0.05858901888132095,0.053149498999118805,0.015251722186803818,0.008628971874713898,0.024728212505578995,0.12525999546051025,1.544877290725708,0.0017365206944866542,nan,nan,nan,0,0
7,187,0.4028107225894928,0.40265539288520813,0.16136203706264496,5.426424195320578e-06,0.0,0.00031064022914506495,0.13237501680850983,0.19741130588644917,0.19741129875183105,0.07742147892713547,0.07499890774488449,0.018993431702256203,0.011817077174782753,0.03212757036089897,0.16068518161773682,1.544877052307129,0.001735455223385204,nan,nan,nan,0,0
7,188,0.2801390588283539,0.2796458899974823,0.07740117609500885,5.426838015409885e-06,0.0,0.0009863527957350016,0.11859375238418579,0.030830390703986243,0.030830390751361847,0.01328438799828291,0.012540217489004135,0.00739899231120944,0.0019311411306262016,0.0035555954091250896,0.02335945889353752,1.5448768138885498,0.0017343879309934332,nan,nan,nan,0,0
7,189,0.24721762537956238,0.24710804224014282,0.06103572994470596,5.426838015409885e-06,0.0,0.0002191788807976991,0.1351953148841858,0.21778502132786834,0.21778501570224762,0.07913093268871307,0.08205147087574005,0.01862131431698799,0.01310114748775959,0.04201679676771164,0.17931079864501953,1.5448765754699707,0.0017333188199579967,nan,nan,nan,0,0
7,190,0.20241226255893707,0.20241156220436096,0.04067731276154518,5.426424195320578e-06,0.0,1.4101641454544733e-06,0.15118750929832458,0.17409344562548265,0.17409344017505646,0.062333740293979645,0.060569219291210175,0.013926403596997261,0.010237767361104488,0.032179541885852814,0.14635615050792694,1.5448763370513916,0.001732247892930059,nan,nan,nan,0,0
8,1,0.2829698324203491,0.2829280495643616,0.07951288670301437,5.426424195320578e-06,0.0,8.355103636858985e-05,0.14085938036441803,0.007013239009205257,0.007013238500803709,0.0033414685167372227,0.002653139177709818,0.0029747015796601772,0.0004746522754430771,0.002133321249857545,0.004166024271398783,1.5448760986328125,0.0017311751525652878,nan,nan,nan,0,0
8,2,0.36378127336502075,0.363569051027298,0.1325370818376541,5.426424195320578e-06,0.0,0.0004244247102178633,0.1293984353542328,0.034096187604002404,0.034096188843250275,0.014138446189463139,0.01333696860820055,0.0021484827157109976,0.002218866953626275,0.006008568219840527,0.027187081053853035,1.5448758602142334,0.0017301006015238473,nan,nan,nan,0,0
8,3,0.17989762127399445,0.17978085577487946,0.03282536566257477,5.426424195320578e-06,0.0,0.0002335169119760394,0.13471874594688416,0.04917813557707673,0.04917813464999199,0.018077535554766655,0.017443092539906502,0.002563104499131441,0.0028597007039934397,0.00925628561526537,0.04107315465807915,1.5448756217956543,0.001729024242470392,nan,nan,nan,0,0
8,4,0.27847087383270264,0.27842241525650024,0.07703431695699692,5.426424195320578e-06,0.0,9.689944999990985e-05,0.14015625417232513,0.0532849873193343,0.053284987807273865,0.01898655854165554,0.01957552321255207,0.0037714422214776278,0.0032120971009135246,0.01168428361415863,0.04398335516452789,1.5448753833770752,0.0017279460780740606,nan,nan,nan,0,0
8,5,0.26505669951438904,0.26501113176345825,0.06937884539365768,5.426424195320578e-06,0.0,9.114255954045802e-05,0.14045314490795135,0.154358347866261,0.15435835719108582,0.06496810168027878,0.06733714789152145,0.024018852040171623,0.009510405361652374,0.0221796166151762,0.11794941872358322,1.544875144958496,0.001726866111008467,nan,nan,nan,0,0
8,6,0.29583778977394104,0.29565250873565674,0.08670537918806076,5.426424195320578e-06,0.0,0.00037056271685287356,0.13075000047683716,0.04322822211337909,0.04322822391986847,0.01639542542397976,0.014855972491204739,0.002767302328720689,0.0025212380569428205,0.008220583200454712,0.036021891981363297,1.544874906539917,0.0017257843439516965,nan,nan,nan,0,0
8,7,0.28195449709892273,0.28180545568466187,0.08033768832683563,5.4274687499855645e-06,0.0,0.0002981020661536604,0.13273437321186066,0.010340581203747222,0.010340580716729164,0.00560687854886055,0.004492192529141903,0.003881345735862851,0.0009140503243543208,0.002453624038025737,0.0057784197852015495,1.544874668121338,0.0017247007795862983,nan,nan,nan,0,0
8,8,0.23632141947746277,0.23616096377372742,0.05560005083680153,5.427015821624082e-06,0.0,0.0003209134447388351,0.13208594918251038,0.23445100644329359,0.23445101082324982,0.08857010304927826,0.09388245642185211,0.03183078020811081,0.014255614951252937,0.03951135650277138,0.18849702179431915,1.5448744297027588,0.0017236154205992772,nan,nan,nan,0,0
8,9,0.1661779135465622,0.16613084077835083,0.027328627184033394,5.426838015409885e-06,0.0,9.41507241805084e-05,0.14029687643051147,0.1578712011216532,0.15787120163440704,0.059352271258831024,0.06262853741645813,0.021297603845596313,0.009547318331897259,0.026166465133428574,0.12747104465961456,1.5448741912841797,0.0017225282696820892,nan,nan,nan,0,0
8,10,0.21772822737693787,0.21772310137748718,0.04785987362265587,5.426424195320578e-06,0.0,1.026000245474279e-05,0.15320312976837158,0.03990220423574939,0.039902202785015106,0.01517651230096817,0.01663045771420002,0.006577733438462019,0.002457392169162631,0.005873606074601412,0.031646210700273514,1.5448739528656006,0.0017214393295306345,nan,nan,nan,0,0
8,11,0.3059338629245758,0.3059237599372864,0.09540117532014847,5.426424195320578e-06,0.0,2.0179668354103342e-05,0.15449218451976776,0.01156698480311981,0.011566984467208385,0.005824443884193897,0.005980693735182285,0.00500037195160985,0.0007911156280897558,0.00123452243860811,0.006078541278839111,1.5448737144470215,0.0017203486028452488,nan,nan,nan,0,0
8,12,0.45406341552734375,0.4539007246494293,0.2046300321817398,5.426424195320578e-06,0.0,0.0003254072507843375,0.16803905367851257,0.1639772988489331,0.16397729516029358,0.05525481328368187,0.06707055866718292,0.03358856216073036,0.009990591555833817,0.033459391444921494,0.13034364581108093,1.5448734760284424,0.0017192560923306986,nan,nan,nan,0,0
8,13,0.19407427310943604,0.19399769604206085,0.03739454597234726,5.426424195320578e-06,0.0,0.00015314092161133885,0.16237501800060272,0.045789068829003375,0.04578906670212746,0.015835987403988838,0.02030748501420021,0.010024108923971653,0.0029621622525155544,0.007634245324879885,0.035579875111579895,1.5448732376098633,0.0017181618006961745,nan,nan,nan,0,0
8,14,0.23952510952949524,0.23947635293006897,0.05672045797109604,5.426424195320578e-06,0.0,9.751561447046697e-05,0.15987500548362732,0.11014362087379181,0.11014362424612045,0.03846263512969017,0.04701552912592888,0.02602885290980339,0.006943823769688606,0.020327003672719002,0.08545687794685364,1.5448729991912842,0.001717065730655283,nan,nan,nan,0,0
8,15,0.27858197689056396,0.27853235602378845,0.0805254653096199,5.42668658454204e-06,0.0,9.922021854436025e-05,0.15996094048023224,0.04597953534433713,0.04597953334450722,0.01664300076663494,0.021395590156316757,0.014207961037755013,0.0032174387015402317,0.00789396557956934,0.03323889523744583,1.544872760772705,0.0017159678849260414,nan,nan,nan,0,0
8,16,0.24709607660770416,0.247094988822937,0.061216801404953,5.427304131444544e-06,0.0,2.180217734348844e-06,0.1485234498977661,0.006888664791089954,0.006888664793223143,0.002793160267174244,0.0022974947933107615,0.0012814103392884135,0.0003894448163919151,0.001522876089438796,0.005500967614352703,1.544872522354126,0.0017148682662308698,nan,nan,nan,0,0
8,17,0.2748519778251648,0.2748226225376129,0.07539964467287064,5.426424195320578e-06,0.0,5.8737732615554705e-05,0.15766406059265137,0.07258300674209794,0.07258300483226776,0.027796484529972076,0.03163346275687218,0.01861419901251793,0.004579926375299692,0.011383173055946827,0.054753370583057404,1.5448722839355469,0.0017137668772965848,nan,nan,nan,0,0
8,18,0.3762412369251251,0.37623825669288635,0.14069384336471558,5.426424195320578e-06,0.0,5.941416929999832e-06,0.1524375081062317,0.04272042039273914,0.04272042214870453,0.015229654498398304,0.01691349782049656,0.007630640175193548,0.0025415595155209303,0.007373277097940445,0.034467000514268875,1.5448720455169678,0.0017126637208543937,nan,nan,nan,0,0
8,19,0.21033039689064026,0.21030506491661072,0.044288843870162964,5.426601546787424e-06,0.0,5.06544929521624e-05,0.1428828090429306,0.03800012787630391,0.03800012916326523,0.014631121419370174,0.015896841883659363,0.007007983047515154,0.0022029781248420477,0.005319209769368172,0.029916074126958847,1.5448718070983887,0.001711558799639886,nan,nan,nan,0,0
8,20,0.2734125554561615,0.2734012305736542,0.0751204565167427,5.426424195320578e-06,0.0,2.2636724679614417e-05,0.14524219930171967,0.0817617907453021,0.08176179230213165,0.029262475669384003,0.033459920436143875,0.01376580260694027,0.004854149650782347,0.01491119060665369,0.06537375599145889,1.5448715686798096,0.001710452116393027,nan,nan,nan,0,0
8,21,0.2461029291152954,0.24606934189796448,0.0599173977971077,5.426687039289391e-06,0.0,6.716312054777518e-05,0.14180469512939453,0.013150956294195803,0.013150956481695175,0.004500879906117916,0.0038637479301542044,0.0022004430647939444,0.0008211212116293609,0.003941230941563845,0.010803318582475185,1.5448713302612305,0.0017093436738581528,nan,nan,nan,0,0
8,22,0.2647187411785126,0.26469263434410095,0.06997165828943253,5.426424195320578e-06,0.0,5.222312029218301e-05,0.14277344942092896,0.13515958428456157,0.13515958189964294,0.048223983496427536,0.053046904504299164,0.022092435508966446,0.007850359193980694,0.023701868951320648,0.10962255299091339,1.5448710918426514,0.0017082334747839615,nan,nan,nan,0,0
8,23,0.21459391713142395,0.21458938717842102,0.04535738006234169,5.426424195320578e-06,0.0,9.046946615853813e-06,0.14699219167232513,0.11697845200689103,0.11697845160961151,0.04194081574678421,0.04489658400416374,0.014955815859138966,0.007154375314712524,0.02197076566517353,0.09566424041986465,1.5448708534240723,0.0017071215219235064,nan,nan,nan,0,0
8,24,0.5131286382675171,0.5131243467330933,0.2789537012577057,5.426424195320578e-06,0.0,8.537291250831913e-06,0.1529218703508377,0.0791555748123818,0.0791555792093277,0.027944989502429962,0.02928236685693264,0.00908535998314619,0.004664041101932526,0.014741144143044949,0.06561727821826935,1.5448706150054932,0.0017060078180341912,nan,nan,nan,0,0
8,25,0.255126416683197,0.25508934259414673,0.06447169184684753,5.426601546787424e-06,0.0,7.412149716401473e-05,0.1413906216621399,0.07407387303656549,0.07407387346029282,0.026418745517730713,0.02665020152926445,0.007160472683608532,0.004393220413476229,0.01403649989515543,0.06173458695411682,1.544870376586914,0.0017048923658777605,nan,nan,nan,0,0
8,26,0.3497042655944824,0.3497028946876526,0.12278147041797638,5.426424195320578e-06,0.0,2.7691364721249556e-06,0.14833593368530273,0.11522173604008888,0.11522173881530762,0.043261799961328506,0.044987019151449203,0.015455114655196667,0.0068594785407185555,0.018841469660401344,0.09348646551370621,1.544870138168335,0.0017037751682202952,nan,nan,nan,0,0
8,27,0.38584327697753906,0.3857998549938202,0.15084388852119446,5.426424195320578e-06,0.0,8.686834189575166e-05,0.14067968726158142,0.010760909348493051,0.01076090894639492,0.004310640040785074,0.003972221631556749,0.0027207511011511087,0.0007173565099947155,0.0021801532711833715,0.008292578160762787,1.5448698997497559,0.0017026562278322035,nan,nan,nan,0,0
8,28,0.3208491802215576,0.32084837555885315,0.10140926390886307,5.426424195320578e-06,0.0,1.6216451967920875e-06,0.14872656762599945,0.19556476241962004,0.19556476175785065,0.07251068949699402,0.07672238349914551,0.025145772844552994,0.011734778992831707,0.034329041838645935,0.15859682857990265,1.5448696613311768,0.0017015355474882161,nan,nan,nan,0,0
8,29,0.26439541578292847,0.26435455679893494,0.0697735920548439,5.426424195320578e-06,0.0,8.170459477696568e-05,0.1409609466791153,0.04567995047767687,0.04567995294928551,0.017339181154966354,0.018770113587379456,0.004353881813585758,0.0024805704597383738,0.007362901698797941,0.036801788955926895,1.5448694229125977,0.001700413129967379,nan,nan,nan,0,0
8,30,0.3398711681365967,0.3397939205169678,0.1161583811044693,5.426424195320578e-06,0.0,0.00015449705824721605,0.137570321559906,0.1707756860035146,0.17077569663524628,0.06535618007183075,0.06980187445878983,0.024398602545261383,0.010412702336907387,0.027657290920615196,0.13620558381080627,1.5448691844940186,0.001699288978053044,nan,nan,nan,0,0
8,31,0.17194174230098724,0.17191356420516968,0.030176596716046333,5.426424195320578e-06,0.0,5.6367076467722654e-05,0.14249220490455627,0.00524355185060339,0.005243551917374134,0.002639961428940296,0.0023060531821101904,0.0018743861000984907,0.0005675304564647377,0.002164561301469803,0.002585888374596834,1.5448689460754395,0.001698163094532866,nan,nan,nan,0,0
8,32,0.3308500647544861,0.3307048976421356,0.11011263728141785,5.426424195320578e-06,0.0,0.0002903300919570029,0.13296093046665192,0.10050508688481832,0.10050509124994278,0.0377882644534111,0.03894096240401268,0.00939865317195654,0.006086543668061495,0.018208768218755722,0.08185341209173203,1.5448687076568604,0.0016970354821987923,nan,nan,nan,0,0
8,33,0.267765074968338,0.2677355408668518,0.07320186495780945,5.426424195320578e-06,0.0,5.909779429202899e-05,0.14231249690055847,0.024485044795371246,0.024485044181346893,0.011178690008819103,0.007566241547465324,0.0024822931736707687,0.001173622440546751,0.004452802706509829,0.019746890291571617,1.5448684692382812,0.0016959061438470582,nan,nan,nan,0,0
8,34,0.18964745104312897,0.18961545825004578,0.035631660372018814,5.426424195320578e-06,0.0,6.400002166628838e-05,0.1420000046491623,0.0560015671824784,0.05600156635046005,0.022541698068380356,0.02206728793680668,0.008204464800655842,0.0033909452613443136,0.010526692494750023,0.044175323098897934,1.5448682308197021,0.0016947750822781788,nan,nan,nan,0,0
8,35,0.2291010469198227,0.2290385514497757,0.05248584598302841,5.426508323580492e-06,0.0,0.00012498570140451193,0.13882030546665192,0.03519850780986603,0.035198505967855453,0.011828846298158169,0.009715573862195015,0.003857940901070833,0.002051940420642495,0.009235380217432976,0.030003909021615982,1.544867992401123,0.0016936423002969429,nan,nan,nan,0,0
8,36,0.28374555706977844,0.28370895981788635,0.08137354254722595,5.426424195320578e-06,0.0,7.318284042412415e-05,0.1414453089237213,0.12403280184423322,0.12403280287981033,0.04900745674967766,0.05309445038437843,0.01940123736858368,0.007711946964263916,0.019076863303780556,0.09676557034254074,1.544867753982544,0.0016925078007124046,nan,nan,nan,0,0
8,37,0.304961621761322,0.30480101704597473,0.09492997825145721,5.426424195320578e-06,0.0,0.00032119377283379436,0.1320781260728836,0.06652575731702788,0.06652575731277466,0.026189954951405525,0.026355307549238205,0.006070327013731003,0.004060893785208464,0.01062421128153801,0.05365581810474396,1.5448675155639648,0.001691371586337878,nan,nan,nan,0,0
8,38,0.21370486915111542,0.21369075775146484,0.04482923820614815,5.426424195320578e-06,0.0,2.822268106683623e-05,0.1446875035762787,0.041600807809879445,0.04160080850124359,0.014469585381448269,0.016185633838176727,0.0044804224744439125,0.0025871407706290483,0.00958047341555357,0.03377470374107361,1.5448672771453857,0.0016902336599909297,nan,nan,nan,0,0
8,39,0.2603188157081604,0.26027724146842957,0.06786714494228363,5.426441930467263e-06,0.0,8.312307909363881e-05,0.14088281989097595,0.1322619463582123,0.1322619467973709,0.053524814546108246,0.05427084490656853,0.020090077072381973,0.007875663228332996,0.019730735570192337,0.1040579304099083,1.5448670387268066,0.0016890940244933708,nan,nan,nan,0,0
8,40,0.27608153223991394,0.27597537636756897,0.0746159702539444,5.426424195320578e-06,0.0,0.00021229438425507396,0.13542968034744263,0.0537102765977668,0.05371027812361717,0.019696826115250587,0.02187958173453808,0.005380248185247183,0.0034359684213995934,0.009763536043465137,0.04338240623474121,1.5448668003082275,0.001687952682671251,nan,nan,nan,0,0
8,41,0.1761404275894165,0.17612138390541077,0.030961938202381134,5.438370862975717e-06,0.0,3.809194458881393e-05,0.1438281387090683,0.04740469812072205,0.0474046990275383,0.01741337776184082,0.014193770475685596,0.0028316800016909838,0.0025974789168685675,0.011410005390644073,0.03996952623128891,1.5448665618896484,0.0016868096373548523,nan,nan,nan,0,0
8,42,0.25861668586730957,0.2585577368736267,0.06653042137622833,5.426424195320578e-06,0.0,0.0001179259197670035,0.13914063572883606,0.21364833691797255,0.21364833414554596,0.0807061567902565,0.08429089188575745,0.027457784861326218,0.01260246243327856,0.036948252469301224,0.17247970402240753,1.5448663234710693,0.0016856648913786798,nan,nan,nan,0,0
8,43,0.2538304924964905,0.25377339124679565,0.06475672125816345,5.426424195320578e-06,0.0,0.00011422234092606232,0.1393125206232071,0.059030555611074835,0.05903055518865585,0.02142975851893425,0.02334657497704029,0.007746719289571047,0.003601652570068836,0.011635275557637215,0.047664936631917953,1.5448660850524902,0.001684518447581456,nan,nan,nan,0,0
8,44,0.21581405401229858,0.21570049226284027,0.046753495931625366,5.426424195320578e-06,0.0,0.00022711452038493007,0.13492968678474426,0.148520750959957,0.14852075278759003,0.0551820807158947,0.05862915888428688,0.01723170280456543,0.008934617042541504,0.025692399591207504,0.12057825177907944,1.5448658466339111,0.0016833703088061141,nan,nan,nan,0,0
8,45,0.1910611093044281,0.19105298817157745,0.03640429675579071,5.426424195320578e-06,0.0,1.6250904081971385e-05,0.14596876502037048,0.14706398014175118,0.1470639705657959,0.05494384467601776,0.05504303053021431,0.016305284574627876,0.008645984344184399,0.025932112708687782,0.12069036066532135,1.544865608215332,0.0016822204778997902,nan,nan,nan,0,0
8,46,0.2738903760910034,0.27376657724380493,0.07559224963188171,5.426838015409885e-06,0.0,0.00024757100618444383,0.13426561653614044,0.0883294123641663,0.08832941204309464,0.031018955633044243,0.03328145667910576,0.012240663170814514,0.005397533532232046,0.017111189663410187,0.07252926379442215,1.544865369796753,0.001681068957713817,nan,nan,nan,0,0
8,47,0.24082566797733307,0.24082206189632416,0.05786105617880821,5.426424195320578e-06,0.0,7.222650310723111e-06,0.14731250703334808,0.13936695335842422,0.13936695456504822,0.04908230900764465,0.04980020597577095,0.01336842030286789,0.008223815821111202,0.028034929186105728,0.11619686335325241,1.5448651313781738,0.0016799157511037154,nan,nan,nan,0,0
8,48,0.25440746545791626,0.25434601306915283,0.06633352488279343,5.426424195320578e-06,0.0,0.00012289811274968088,0.1389140635728836,0.056429680054632406,0.056429680436849594,0.020518431439995766,0.022061672061681747,0.00672526890411973,0.0034678743686527014,0.010064068250358105,0.046022217720746994,1.5448648929595947,0.0016787608609291891,nan,nan,nan,0,0
8,49,0.229858860373497,0.22985872626304626,0.052875496447086334,5.426424195320578e-06,0.0,2.822173144068074e-07,0.14946876466274261,0.28570965755183897,0.2857096493244171,0.1037847101688385,0.10961495339870453,0.03702555224299431,0.017228126525878906,0.0517379492521286,0.2334497570991516,1.5448646545410156,0.0016776042900541158,nan,nan,nan,0,0
8,50,0.2890731394290924,0.2889944314956665,0.08353881537914276,5.427304131444544e-06,0.0,0.00015742387040518224,0.1374531388282776,0.07181865921650603,0.07181865721940994,0.02693902887403965,0.030357951298356056,0.010166388936340809,0.004606263712048531,0.012266146950423717,0.056882087141275406,1.5448644161224365,0.0016764460413465413,nan,nan,nan,0,0
8,51,0.21321086585521698,0.213182270526886,0.045220814645290375,5.42668658454204e-06,0.0,5.719122782466002e-05,0.14243751764297485,0.027415942888918472,0.027415942400693893,0.010112800635397434,0.011317030526697636,0.005708392709493637,0.001709393342025578,0.004307905212044716,0.021615369245409966,1.5448641777038574,0.0016752861176786732,nan,nan,nan,0,0
8,52,0.23600319027900696,0.2359890341758728,0.055607572197914124,5.426687039289391e-06,0.0,2.8305546948104165e-05,0.15532030165195465,0.09106736901086288,0.0910673663020134,0.03114950843155384,0.03537951037287712,0.013391202315688133,0.00522373104467988,0.017748158425092697,0.07449600845575333,1.5448639392852783,0.001674124521926871,nan,nan,nan,0,0
8,53,0.2660561501979828,0.26599234342575073,0.07038306444883347,5.426424195320578e-06,0.0,0.00012761889956891537,0.16129685938358307,0.05745016502142683,0.05745016410946846,0.020513219758868217,0.025897156447172165,0.014681137166917324,0.003804379841312766,0.010548513382673264,0.043217893689870834,1.5448637008666992,0.0016729612569716414,nan,nan,nan,0,0
8,54,0.24081182479858398,0.2406957745552063,0.058516889810562134,5.426424195320578e-06,0.0,0.00023208590573631227,0.16523437201976776,0.04655491628838707,0.046554915606975555,0.01491647120565176,0.013848558068275452,0.0031596743501722813,0.0024340006057173014,0.01086605153977871,0.04023801162838936,1.5448634624481201,0.0016717963256976302,nan,nan,nan,0,0
8,55,0.2883848547935486,0.2883552312850952,0.08662138879299164,5.426424195320578e-06,0.0,5.921790943830274e-05,0.15769532322883606,0.045143605110723836,0.04514360427856445,0.014778011478483677,0.017964527010917664,0.007351997308433056,0.0026977004017680883,0.00886312685906887,0.03683675825595856,1.544863224029541,0.0016706297309936153,nan,nan,nan,0,0
8,56,0.2457001954317093,0.24568721652030945,0.06006282940506935,5.426602001534775e-06,0.0,2.59463231486734e-05,0.15509375929832458,0.033185624996060016,0.033185623586177826,0.012713112868368626,0.014856571331620216,0.009506872855126858,0.0022094747982919216,0.006154715083539486,0.02420334331691265,1.544862985610962,0.0016694614757524996,nan,nan,nan,0,0
8,57,0.2551962435245514,0.25500810146331787,0.06491189450025558,5.426424195320578e-06,0.0,0.00037629931466653943,0.1693984419107437,0.05907400760917764,0.05907401069998741,0.01824396289885044,0.024292847141623497,0.009976554661989212,0.0036456151865422726,0.0119660384953022,0.048070214688777924,1.5448627471923828,0.001668291562871304,nan,nan,nan,0,0
8,58,0.3083934187889099,0.3081035315990448,0.09461144357919693,5.426424195320578e-06,0.0,0.0005797556368634105,0.17407812178134918,0.05539264618677772,0.05539264902472496,0.019132526591420174,0.02386428602039814,0.017603470012545586,0.004088790155947208,0.012935144826769829,0.04048294946551323,1.5448625087738037,0.0016671199952511596,nan,nan,nan,0,0
8,59,0.23537898063659668,0.23500876128673553,0.05605066940188408,5.426424195320578e-06,0.0,0.0007404350326396525,0.1772109419107437,0.045761574460878154,0.045761577785015106,0.016613086685538292,0.020133716985583305,0.017844730988144875,0.0038255408871918917,0.01323719322681427,0.03007437475025654,1.5448622703552246,0.0016659467757973005,nan,nan,nan,0,0
8,60,0.2352457344532013,0.23517420887947083,0.05543620511889458,5.426424195320578e-06,0.0,0.00014306369121186435,0.1619609296321869,0.005533642867637678,0.0055336426012218,0.002246389864012599,0.0028882138431072235,0.0033919194247573614,0.0006718862568959594,0.0021791348699480295,0.0007266219472512603,1.5448620319366455,0.0016647719074190585,nan,nan,nan,0,0
8,61,0.2175045907497406,0.21724063158035278,0.04680919647216797,5.426424195320578e-06,0.0,0.0005279224133118987,0.1729765683412552,0.03953976757993376,0.03953976929187775,0.015274537727236748,0.018214097246527672,0.016244415193796158,0.003342254087328911,0.010392324067652225,0.02480476349592209,1.5448617935180664,0.0016635953930298532,nan,nan,nan,0,0
8,62,0.4278053939342499,0.42757344245910645,0.1814723014831543,5.426424195320578e-06,0.0,0.00046393185039050877,0.1715390831232071,0.024326380595729617,0.024326380342245102,0.00798655766993761,0.00955253280699253,0.003659758483991027,0.0012233996530994773,0.0031246463768184185,0.020299823954701424,1.5448615550994873,0.001662417235547186,nan,nan,nan,0,0
8,63,0.17825278639793396,0.17795608937740326,0.03266236558556557,5.426424195320578e-06,0.0,0.0005933791399002075,0.17435938119888306,0.018366153709683128,0.018366152420639992,0.007112824823707342,0.008907504379749298,0.009282703511416912,0.0019103188533335924,0.006775531452149153,0.008464866317808628,1.5448613166809082,0.0016612374378926326,nan,nan,nan,0,0
8,64,0.2673960030078888,0.2673313021659851,0.07261334359645844,5.426424195320578e-06,0.0,0.00012939050793647766,0.1613750010728836,0.04022775116351458,0.040227752178907394,0.015819091349840164,0.01848292350769043,0.014839139766991138,0.0030857971869409084,0.008136537857353687,0.027027474716305733,1.544861078262329,0.001660056002991837,nan,nan,nan,0,0
8,65,0.19636203348636627,0.19618888199329376,0.03857213631272316,5.426424195320578e-06,0.0,0.00034630828304216266,0.1686093658208847,0.00976705441937883,0.009767054580152035,0.0028830724768340588,0.0031839495059102774,0.0023909874726086855,0.0006640091887675226,0.0025360267609357834,0.008022253401577473,1.54486083984375,0.0016588729337745018,nan,nan,nan,0,0
8,66,0.2039039433002472,0.20388872921466827,0.04128478839993477,5.426424195320578e-06,0.0,3.0422230338444933e-05,0.14448437094688416,0.01785883066857196,0.017858831211924553,0.006941728759557009,0.007849015295505524,0.005016178824007511,0.0010948691051453352,0.0019446710357442498,0.01337911281734705,1.544860601425171,0.0016576882331743844,nan,nan,nan,0,0
8,67,0.25857099890708923,0.25851765275001526,0.06689034402370453,5.4278975767374504e-06,0.0,0.0001066702461685054,0.13967187702655792,0.01858991990059278,0.018589919432997704,0.007009358145296574,0.008403615094721317,0.005084788426756859,0.0011396051850169897,0.0019116522744297981,0.013965138234198093,1.5448603630065918,0.0016565019041292852,nan,nan,nan,0,0
8,68,0.23791173100471497,0.23780329525470734,0.056099869310855865,5.426424195320578e-06,0.0,0.0002168712526326999,0.16472655534744263,0.0451719622319737,0.045171961188316345,0.018324309960007668,0.01901673525571823,0.014840845949947834,0.003066043835133314,0.00794751662760973,0.03240795060992241,1.5448601245880127,0.0016553139495810445,nan,nan,nan,0,0
8,69,0.24244828522205353,0.24238847196102142,0.0587267242372036,5.426424195320578e-06,0.0,0.00011962884309468791,0.16093750298023224,0.06989368464232042,0.06989368051290512,0.02816263772547245,0.02996317483484745,0.022206373512744904,0.0046093398705124855,0.010747164487838745,0.05063921958208084,1.5448598861694336,0.0016541243724755327,nan,nan,nan,0,0
8,70,0.19327174127101898,0.19326595962047577,0.03697462007403374,5.426424195320578e-06,0.0,1.1549450391612481e-05,0.14660155773162842,0.05155825768293408,0.05155825987458229,0.021310022100806236,0.021469436585903168,0.014249060302972794,0.003145732684060931,0.0065932204015553,0.038559023290872574,1.5448596477508545,0.0016529331757626445,nan,nan,nan,0,0
8,71,0.31311750411987305,0.31306859850883484,0.09809469431638718,5.426424195320578e-06,0.0,9.782458073459566e-05,0.1401093751192093,0.05202751636316949,0.052027516067028046,0.01981271430850029,0.019035542383790016,0.0068107289262115955,0.0028377126436680555,0.00899114552885294,0.04262261837720871,1.5448594093322754,0.0016517403623962903,nan,nan,nan,0,0
8,72,0.2312004119157791,0.23118126392364502,0.053039006888866425,5.426424195320578e-06,0.0,3.8285139453364536e-05,0.14381250739097595,0.062489096258787395,0.0624890960752964,0.02406764030456543,0.024187367409467697,0.01052413135766983,0.003609767882153392,0.0101389791816473,0.050140008330345154,1.5448591709136963,0.0016505459353343898,nan,nan,nan,0,0
8,73,0.3821614980697632,0.38206973671913147,0.14838634431362152,5.426424195320578e-06,0.0,0.00018351766630075872,0.13645313680171967,0.07346262003600097,0.07346262037754059,0.02937147580087185,0.0280180461704731,0.01075574941933155,0.0041631124913692474,0.011855718679726124,0.05895325541496277,1.5448589324951172,0.0016493498975388638,nan,nan,nan,0,0
8,74,0.23300521075725555,0.2326059639453888,0.053502798080444336,5.426424195320578e-06,0.0,0.0007985042175278068,0.12174218893051147,0.13745549339389976,0.13745549321174622,0.05789150670170784,0.052672214806079865,0.021384719759225845,0.007812834344804287,0.019403710961341858,0.10896500945091248,1.544858694076538,0.0016481522519756278,nan,nan,nan,0,0
8,75,0.31109026074409485,0.310959130525589,0.09608788788318634,5.426424195320578e-06,0.0,0.00026228814385831356,0.13380469381809235,0.1497844084361725,0.1497844010591507,0.0629163458943367,0.05656564235687256,0.022655634209513664,0.008561678230762482,0.022804440930485725,0.1190403625369072,1.544858455657959,0.001646953001614584,nan,nan,nan,0,0
8,76,0.37786877155303955,0.3775893449783325,0.14719754457473755,5.426424195320578e-06,0.0,0.0005588788189925253,0.12635938823223114,0.009700765502245806,0.009700765833258629,0.005136098712682724,0.003505122847855091,0.002114115981385112,0.0008051162585616112,0.002161504467949271,0.006756452843546867,1.5448582172393799,0.0016457521494296148,nan,nan,nan,0,0
8,77,0.3699333071708679,0.3690921664237976,0.13589125871658325,5.427345968200825e-06,0.0,0.0016822820762172341,0.10898437350988388,0.07522908033361428,0.07522907853126526,0.03587862104177475,0.030161593109369278,0.016021953895688057,0.004692580085247755,0.009344901889562607,0.05564500764012337,1.5448579788208008,0.0016445496983985737,nan,nan,nan,0,0
8,78,0.47102808952331543,0.470530241727829,0.21751396358013153,5.427291398518719e-06,0.0,0.0009956980356946588,0.11844532191753387,0.03927398410365414,0.03927398473024368,0.01989245042204857,0.014793040230870247,0.008982471190392971,0.0024535097181797028,0.004978651646524668,0.02857290208339691,1.5448577404022217,0.0016433456515032793,nan,nan,nan,0,0
8,79,0.2900511622428894,0.2891714572906494,0.0832076445221901,5.42645057066693e-06,0.0,0.0017594101373106241,0.10805468261241913,0.050627245840979766,0.050627246499061584,0.028315965086221695,0.02214937098324299,0.012653063051402569,0.002966551808640361,0.00401212926954031,0.032950446009635925,1.5448575019836426,0.001642140011729509,nan,nan,nan,0,0
8,80,0.21462246775627136,0.2141990214586258,0.04580814018845558,5.426424195320578e-06,0.0,0.0008469010936096311,0.12089844048023224,0.10082433549092545,0.10082433372735977,0.04905015975236893,0.03725524991750717,0.01606525480747223,0.005681131035089493,0.011937090195715427,0.07706369459629059,1.5448572635650635,0.0016409327820669877,nan,nan,nan,0,0
8,81,0.28542816638946533,0.2847728431224823,0.0809435099363327,5.426431926025543e-06,0.0,0.0013106662081554532,0.11379688233137131,0.036921665353429695,0.0369216650724411,0.0209114421159029,0.014691987074911594,0.009511773474514484,0.0020850938744843006,0.0033012572675943375,0.024583464488387108,1.5448570251464844,0.001639723965509385,nan,nan,nan,0,0
8,82,0.20845991373062134,0.20773732662200928,0.04269124194979668,5.42668658454204e-06,0.0,0.0014451878378167748,0.11198437958955765,0.05434260780856314,0.0543426088988781,0.022078311070799828,0.01840583048760891,0.0038059891667217016,0.0035055309999734163,0.009443636983633041,0.044843461364507675,1.5448567867279053,0.0016385135650543046,nan,nan,nan,0,0
8,83,0.253849059343338,0.2528418302536011,0.06539192795753479,5.426504230854334e-06,0.0,0.002014467492699623,0.10511718690395355,0.07267770628033776,0.07267770916223526,0.03373785689473152,0.02577427588403225,0.004994694609194994,0.004202913958579302,0.009936308488249779,0.05777673423290253,1.5448565483093262,0.0016373015837032785,nan,nan,nan,0,0
8,84,0.18195505440235138,0.18143703043460846,0.03303616866469383,5.426424195320578e-06,0.0,0.0010360340820625424,0.11781252175569534,0.08219976352988077,0.08219976723194122,0.04051810875535011,0.03146383911371231,0.013321053236722946,0.0047010388225317,0.009750439785420895,0.06189094856381416,1.544856309890747,0.0016360880244617585,nan,nan,nan,0,0
8,85,0.2048683613538742,0.20414665341377258,0.0412687212228775,5.426424195320578e-06,0.0,0.0014434062177315354,0.11200781911611557,0.057658060645073034,0.057658061385154724,0.02690964564681053,0.02323444001376629,0.010802683420479298,0.0034874840639531612,0.006997282616794109,0.04338964447379112,1.544856071472168,0.0016348728903391088,nan,nan,nan,0,0
8,86,0.24621061980724335,0.24566508829593658,0.05913294479250908,5.426478310255334e-06,0.0,0.0010910643031820655,0.11696874350309372,0.03257355260773834,0.032573550939559937,0.017814530059695244,0.014381380751729012,0.008753975853323936,0.00202487432397902,0.0033961981534957886,0.021085264161229134,1.5448558330535889,0.0016336561843486007,nan,nan,nan,0,0
8,87,0.25851601362228394,0.25811588764190674,0.06679555028676987,5.426424195320578e-06,0.0,0.000800271169282496,0.12171094119548798,0.038485132907859515,0.03848513215780258,0.01747436821460724,0.013845906592905521,0.007464107125997543,0.0023025802802294493,0.005421914625912905,0.029893659055233,1.5448555946350098,0.0016324379095074013,nan,nan,nan,0,0
8,88,0.22963306307792664,0.22944913804531097,0.05238739401102066,5.426424195320578e-06,0.0,0.0003678603970911354,0.13082031905651093,0.08889044553774661,0.0888904482126236,0.03875645622611046,0.03247307613492012,0.00746040279045701,0.004971632268279791,0.012812995351850986,0.07141708582639694,1.5448553562164307,0.00163121806883657,nan,nan,nan,0,0
8,89,0.2535148859024048,0.25330379605293274,0.06379199028015137,5.426424195320578e-06,0.0,0.00042217440204694867,0.1294531226158142,0.14911557338230533,0.14911556243896484,0.0644296407699585,0.05686228722333908,0.014076647348701954,0.008631773293018341,0.022115575149655342,0.11869792640209198,1.5448551177978516,0.0016299966653610472,nan,nan,nan,0,0
8,90,0.3237476944923401,0.32315927743911743,0.1043696478009224,5.438370862975717e-06,0.0,0.001176810939796269,0.11569532752037048,0.08592491801326323,0.08592492341995239,0.03676601126790047,0.03220030665397644,0.00607241690158844,0.005020462442189455,0.012719616293907166,0.06906970590353012,1.5448548793792725,0.00162877370210965,nan,nan,nan,0,0
8,91,0.3771982491016388,0.3769702911376953,0.14329953491687775,5.426424195320578e-06,0.0,0.0004558891523629427,0.12864844501018524,0.02645397219119211,0.02645397186279297,0.013243078254163265,0.01121143065392971,0.002116267802193761,0.0016819342272356153,0.0033500834833830595,0.01949889212846756,1.5448546409606934,0.0016275491821150638,nan,nan,nan,0,0
8,92,0.2343306988477707,0.2338738739490509,0.05422844737768173,5.426424195320578e-06,0.0,0.0009136448497883976,0.11977344751358032,0.07110155429425566,0.07110155373811722,0.028464175760746002,0.024941671639680862,0.008376285433769226,0.004085056483745575,0.011278106831014156,0.058387406170368195,1.5448544025421143,0.0016263231084138329,nan,nan,nan,0,0
8,93,0.24090921878814697,0.24068260192871094,0.0574524849653244,5.426424195320578e-06,0.0,0.0004532243183348328,0.12871094048023224,0.08952504089531318,0.08952504396438599,0.037608373910188675,0.03210972622036934,0.010583797469735146,0.005133328028023243,0.012996735982596874,0.07253982126712799,1.5448541641235352,0.0016250954840463555,nan,nan,nan,0,0
8,94,0.34280654788017273,0.34247761964797974,0.11691631376743317,5.426424195320578e-06,0.0,0.0006578427273780107,0.12435156106948853,0.03326286979263044,0.033262867480516434,0.01292018685489893,0.01119027379900217,0.003806691849604249,0.0022431027609854937,0.006995019968599081,0.027309564873576164,1.544853925704956,0.001623866312056875,nan,nan,nan,0,0
8,95,0.28723466396331787,0.28702932596206665,0.08156683295965195,5.426424195320578e-06,0.0,0.000410696113249287,0.1297343671321869,0.031308499342742456,0.03130849823355675,0.013089231215417385,0.01227652933448553,0.00615613954141736,0.001923468429595232,0.004616741091012955,0.024398133158683777,1.544853687286377,0.0016226355954934726,nan,nan,nan,0,0
8,96,0.45325541496276855,0.4531473219394684,0.21035942435264587,5.426424195320578e-06,0.0,0.00021618188475258648,0.13529688119888306,0.029084777541824865,0.02908477745950222,0.013346095569431782,0.01211573462933302,0.005875276401638985,0.0017918295925483108,0.003723747096955776,0.021666083484888077,1.5448534488677979,0.001621403337408059,nan,nan,nan,0,0
8,97,0.24266581237316132,0.24233569204807281,0.058839406818151474,5.426424195320578e-06,0.0,0.0006602496723644435,0.12430468201637268,0.06984168224301977,0.06984168291091919,0.030377008020877838,0.029056821018457413,0.01138259656727314,0.00423581525683403,0.008969660848379135,0.05369207262992859,1.5448532104492188,0.0016201695408563687,nan,nan,nan,0,0
8,98,0.2593022882938385,0.25926318764686584,0.0708375945687294,5.426424195320578e-06,0.0,7.82119095674716e-05,0.14115625619888306,0.060784096084089634,0.060784097760915756,0.023053010925650597,0.022369246929883957,0.00450180983170867,0.0036025068257004023,0.010849032551050186,0.05011921748518944,1.5448529720306396,0.00161893420889795,nan,nan,nan,0,0
8,99,0.21987245976924896,0.21962976455688477,0.048365768045186996,5.426424195320578e-06,0.0,0.0004853758728131652,0.12796875834465027,0.1366590631284994,0.13665907084941864,0.05915483087301254,0.053172558546066284,0.017663078382611275,0.008007536642253399,0.019557418301701546,0.10765912383794785,1.5448527336120605,0.0016176973445961602,nan,nan,nan,0,0
8,100,0.2442227602005005,0.24396345019340515,0.059192877262830734,5.4273446039587725e-06,0.0,0.0005186290945857763,0.1272265762090683,0.06118517684332029,0.06118517741560936,0.02858727239072323,0.02497413009405136,0.005150503944605589,0.00374744925647974,0.009296266362071037,0.04664434492588043,1.5448524951934814,0.0016164589510181547,nan,nan,nan,0,0
8,101,0.30349835753440857,0.303298681974411,0.09047646820545197,5.427304131444544e-06,0.0,0.00039937542169354856,0.13001562654972076,0.012713172917817536,0.012713172473013401,0.006174911744892597,0.0057829818688333035,0.0017500129761174321,0.0009938868461176753,0.0020864498801529408,0.009035968221724033,1.5448522567749023,0.001615219031234883,nan,nan,nan,0,0
8,102,0.26911863684654236,0.269054114818573,0.07187903672456741,5.426424195320578e-06,0.0,0.0001290354848606512,0.1386406272649765,0.07747147690392028,0.07747147977352142,0.028352180495858192,0.026786914095282555,0.004826667718589306,0.004524679854512215,0.01515885442495346,0.064860500395298,1.5448520183563232,0.0016139775883210776,nan,nan,nan,0,0
8,103,0.24339629709720612,0.2429570108652115,0.059674061834812164,5.426424195320578e-06,0.0,0.000878566934261471,0.1203593760728836,0.03461794160137729,0.034617941826581955,0.015998903661966324,0.014688619412481785,0.008830823935568333,0.002318346407264471,0.004751706030219793,0.02491474524140358,1.5448517799377441,0.0016127346253552491,nan,nan,nan,0,0
8,104,0.3584141731262207,0.3580576479434967,0.127573162317276,5.426424195320578e-06,0.0,0.0007130570011213422,0.12329687923192978,0.0709742146135007,0.07097421586513519,0.030243922024965286,0.028590714558959007,0.0058825076557695866,0.004295194987207651,0.010568443685770035,0.056039903312921524,1.544851541519165,0.0016114901454196773,nan,nan,nan,0,0
8,105,0.28370919823646545,0.28364261984825134,0.08020500093698502,5.426424195320578e-06,0.0,0.0001331501844106242,0.1384609341621399,0.07859637147789796,0.07859636843204498,0.03051440604031086,0.030355816707015038,0.009552729316055775,0.004693465307354927,0.012863047420978546,0.06360851973295212,1.544851303100586,0.0016102441516004033,nan,nan,nan,0,0
8,106,0.2522512674331665,0.252006858587265,0.06310828030109406,5.426602001534775e-06,0.0,0.0004888244438916445,0.12789063155651093,0.1858490603145454,0.18584907054901123,0.07384848594665527,0.0728183388710022,0.017038404941558838,0.011149473488330841,0.030163580551743507,0.1498642861843109,1.5448510646820068,0.0016089966469872233,nan,nan,nan,0,0
8,107,0.2528078258037567,0.25273990631103516,0.0631510317325592,5.426424195320578e-06,0.0,0.00013586792920250446,0.13834376633167267,0.06089270376604787,0.060892704874277115,0.024172617122530937,0.022143898531794548,0.006605581380426884,0.0034178264904767275,0.0098496675491333,0.04980885982513428,1.5448508262634277,0.0016077476346736787,nan,nan,nan,0,0
8,108,0.22313085198402405,0.22303760051727295,0.04916581138968468,5.4264551181404386e-06,0.0,0.0001864929945440963,0.13634376227855682,0.09127069944353303,0.09127070009708405,0.036040693521499634,0.03668002039194107,0.008363298140466213,0.005561316851526499,0.01517177652567625,0.07317738234996796,1.5448505878448486,0.0016064971177570501,nan,nan,nan,0,0
8,109,0.32528844475746155,0.3251095712184906,0.10450097173452377,5.426424195320578e-06,0.0,0.0003577421884983778,0.13108593225479126,0.00903224185197331,0.009032242000102997,0.004854392725974321,0.004041774198412895,0.002475546207278967,0.0008114472730085254,0.0021084651816636324,0.005517963785678148,1.5448503494262695,0.0016052450993383502,nan,nan,nan,0,0
8,110,0.19541789591312408,0.19535644352436066,0.037932705134153366,5.426424195320578e-06,0.0,0.00012289811274968088,0.1389140635728836,0.017135644832949586,0.01713564433157444,0.00947190634906292,0.005428062751889229,0.004542357288300991,0.001056023291312158,0.0031391410157084465,0.011951863765716553,1.5448501110076904,0.0016039915825223135,nan,nan,nan,0,0
8,111,0.3434757590293884,0.34335625171661377,0.11750490218400955,5.426424195320578e-06,0.0,0.00023904061526991427,0.13453906774520874,0.026496870697301972,0.026496870443224907,0.01023248303681612,0.008606729097664356,0.00310077634640038,0.0015134642599150538,0.0048516420647501945,0.022087572142481804,1.5448498725891113,0.0016027365704173913,nan,nan,nan,0,0
8,112,0.16465319693088531,0.1645270586013794,0.026613473892211914,5.426424195320578e-06,0.0,0.0002522639697417617,0.13411718606948853,0.3449126365546004,0.34491264820098877,0.13621751964092255,0.13354389369487762,0.03417603671550751,0.020427711308002472,0.05796734243631363,0.2786216735839844,1.5448496341705322,0.0016014800661357422,nan,nan,nan,0,0
8,113,0.2854190468788147,0.28527241945266724,0.08127130568027496,5.426602001534775e-06,0.0,0.0002932654751930386,0.1328750103712082,0.4007115138677304,0.4007115364074707,0.1524081528186798,0.15106375515460968,0.03710068762302399,0.023240018635988235,0.06873010098934174,0.3284521698951721,1.5448493957519531,0.001600222072793226,nan,nan,nan,0,0
8,114,0.24503377079963684,0.24499063193798065,0.060178451240062714,5.426424650067929e-06,0.0,8.628656360087916e-05,0.1407109498977661,0.07061699283804887,0.07061699032783508,0.026279985904693604,0.027585763484239578,0.0055173831060528755,0.00424925796687603,0.01300753839313984,0.05759734287858009,1.544849157333374,0.0015989625935093942,nan,nan,nan,0,0
8,115,0.2511560022830963,0.2511559724807739,0.06290049850940704,5.426424195320578e-06,0.0,3.8151629411231625e-08,0.14980468153953552,0.08630866056798994,0.08630865812301636,0.03283538296818733,0.03272271156311035,0.00989243108779192,0.005070430226624012,0.014838834293186665,0.07040231674909592,1.544848918914795,0.0015977016314074831,nan,nan,nan,0,0
8,116,0.31083235144615173,0.31076622009277344,0.09715600311756134,5.426424195320578e-06,0.0,0.00013225036673247814,0.1615000218153,0.12488406378352468,0.12488406151533127,0.041496723890304565,0.04907477647066116,0.016899481415748596,0.0075951856561005116,0.024018805474042892,0.10269145667552948,1.5448486804962158,0.001596439189614407,nan,nan,nan,0,0
8,117,0.4088626205921173,0.40878528356552124,0.16518573462963104,5.426424195320578e-06,0.0,0.00015469158824998885,0.16243751347064972,0.14360776906743533,0.14360776543617249,0.047586873173713684,0.05719343200325966,0.0201043002307415,0.008787635713815689,0.02820243127644062,0.11751940101385117,1.5448484420776367,0.0015951752712607481,nan,nan,nan,0,0
8,118,0.25079530477523804,0.25069165229797363,0.06517347693443298,5.426424195320578e-06,0.0,0.00020731509721372277,0.1643984466791153,0.01404974024178786,0.014049740508198738,0.004969894420355558,0.006154155358672142,0.0012249925639480352,0.000849744479637593,0.0032047133427113295,0.011060237884521484,1.5448482036590576,0.0015939098794807514,nan,nan,nan,0,0
8,119,0.27815452218055725,0.27812477946281433,0.07630853354930878,5.426424195320578e-06,0.0,5.9458729083416983e-05,0.1577109545469284,0.08219394399485519,0.08219394087791443,0.027865972369909286,0.033357493579387665,0.012584076263010502,0.005117577966302633,0.01479195524007082,0.06680762767791748,1.5448479652404785,0.0015926430174123154,nan,nan,nan,0,0
8,120,0.2292860895395279,0.22922652959823608,0.052607208490371704,5.426424195320578e-06,0.0,0.00011911665205843747,0.16091406345367432,0.1004764893851137,0.10047648847103119,0.03205665200948715,0.03668113052845001,0.008892233483493328,0.006024438887834549,0.020678788423538208,0.08473141491413116,1.5448477268218994,0.001591374688196984,nan,nan,nan,0,0
8,121,0.24221742153167725,0.24217362701892853,0.05859145522117615,5.426424195320578e-06,0.0,8.759817137615755e-05,0.1593593955039978,0.10498686677478922,0.10498686879873276,0.03527398779988289,0.04138075187802315,0.013628748245537281,0.006436325144022703,0.02137366309762001,0.08591634780168533,1.5448474884033203,0.0015901048949799397,nan,nan,nan,0,0
8,122,0.19521299004554749,0.1950957477092743,0.03755969554185867,5.426424195320578e-06,0.0,0.00023447243438567966,0.1653124988079071,0.11702389796798308,0.11702390015125275,0.037540536373853683,0.04261273890733719,0.009282000362873077,0.006815239787101746,0.025661753490567207,0.098378486931324,1.5448472499847412,0.0015888336409099956,nan,nan,nan,0,0
8,123,0.2686883509159088,0.2686435878276825,0.0773804783821106,5.426424195320578e-06,0.0,8.950912160798907e-05,0.15946093201637268,0.022372679833928398,0.02237267978489399,0.008480073884129524,0.010031106881797314,0.005426614545285702,0.0015323663828894496,0.003432343015447259,0.016864897683262825,1.544847011566162,0.0015875609291395871,nan,nan,nan,0,0
8,124,0.26186197996139526,0.26181912422180176,0.06747256964445114,5.426424195320578e-06,0.0,8.570674253860489e-05,0.15925779938697815,0.025302967430199642,0.025302967056632042,0.010583486407995224,0.012265169061720371,0.00744267413392663,0.0019005055073648691,0.0032643729355186224,0.017553750425577164,1.544846773147583,0.0015862867628247648,nan,nan,nan,0,0
8,125,0.3291715383529663,0.32906240224838257,0.1067465990781784,5.426424195320578e-06,0.0,0.0002182546304538846,0.16477344930171967,0.04591906639135466,0.045919064432382584,0.017568711191415787,0.020404744893312454,0.01078783068805933,0.0031262857373803854,0.007100073155015707,0.03474169597029686,1.544846534729004,0.0015850111451251856,nan,nan,nan,0,0
8,126,0.33121559023857117,0.3312058448791504,0.10922861099243164,5.426424195320578e-06,0.0,1.948385215655435e-05,0.15441405773162842,0.1410932402039402,0.14109323918819427,0.04812312126159668,0.05773675814270973,0.020709039643406868,0.00882914662361145,0.025313174352049828,0.11450047791004181,1.5448462963104248,0.001583734079204106,nan,nan,nan,0,0
8,127,0.2194051891565323,0.21938256919384003,0.04774029552936554,5.426424195320578e-06,0.0,4.524684845819138e-05,0.15672658383846283,0.009066815555615233,0.009066815488040447,0.004240433219820261,0.0044144531711936,0.0036206981167197227,0.0007232105708681047,0.0012619115877896547,0.005432638805359602,1.5448460578918457,0.0015824555682283736,nan,nan,nan,0,0
8,128,0.24160709977149963,0.2415909320116043,0.057659655809402466,5.426424195320578e-06,0.0,3.234754331060685e-05,0.15568749606609344,0.10571845952686777,0.1057184562087059,0.03637617453932762,0.04034244269132614,0.012054736725986004,0.006247725337743759,0.02063528075814247,0.08726676553487778,1.5448458194732666,0.0015811756153684196,nan,nan,nan,0,0
8,129,0.21562249958515167,0.21561045944690704,0.04631226509809494,5.426424195320578e-06,0.0,2.4071163352346048e-05,0.1549062430858612,0.16287945615748853,0.16287945210933685,0.05599247291684151,0.06466799229383469,0.01907009817659855,0.009875727817416191,0.030465018004179,0.13350391387939453,1.5448455810546875,0.0015798942237982509,nan,nan,nan,0,0
8,130,0.2408934086561203,0.24085813760757446,0.05725729092955589,5.426424195320578e-06,0.0,7.053359877318144e-05,0.1416015774011612,0.07210748082671979,0.0721074789762497,0.028535444289445877,0.02581268548965454,0.005948791746050119,0.00403704633936286,0.01143372617661953,0.05946853384375572,1.5448453426361084,0.001578611396695441,nan,nan,nan,0,0
8,131,0.28910133242607117,0.2890182435512543,0.08321195840835571,5.426424195320578e-06,0.0,0.0001661681308178231,0.13710938394069672,0.2447134687136738,0.24471347033977509,0.09801502525806427,0.09604959934949875,0.025534840300679207,0.014240900054574013,0.03859536722302437,0.1967429220676422,1.5448451042175293,0.001577327137241125,nan,nan,nan,0,0
8,132,0.22110199928283691,0.22097943723201752,0.0485568568110466,5.426687039289391e-06,0.0,0.00024511810624971986,0.13434375822544098,0.08963808749497446,0.08963808417320251,0.03412904962897301,0.03356124833226204,0.0055843680165708065,0.005211713258177042,0.017078643664717674,0.07344256341457367,1.5448448657989502,0.0015760414486199882,nan,nan,nan,0,0
8,133,0.19256336987018585,0.1923130452632904,0.03694087639451027,5.426424195320578e-06,0.0,0.0005006414139643312,0.1276249885559082,0.18895924408811338,0.1889592409133911,0.0755787119269371,0.07225166261196136,0.009364895522594452,0.011123069562017918,0.03244046866893768,0.1533275693655014,1.544844627380371,0.001574754334020261,nan,nan,nan,0,0
8,134,0.21501584351062775,0.21485398709774017,0.046211205422878265,5.426424195320578e-06,0.0,0.0003237186756450683,0.13200782239437103,0.11873743518051912,0.11873743683099747,0.045612748712301254,0.04461027309298515,0.00595710426568985,0.006772999651730061,0.02205539122223854,0.09726344794034958,1.544844388961792,0.0015734657966337098,nan,nan,nan,0,0
8,135,0.17176015675067902,0.17159675061702728,0.02962997741997242,5.426424195320578e-06,0.0,0.0003268183791078627,0.1319218873977661,0.22500236336750626,0.22500236332416534,0.08616118878126144,0.08429029583930969,0.008677247911691666,0.013137058354914188,0.041430067270994186,0.18475154042243958,1.544844150543213,0.0015721758396556283,nan,nan,nan,0,0
8,136,0.25949662923812866,0.25924909114837646,0.0672074630856514,5.426978077593958e-06,0.0,0.0004950623260810971,0.12775000929832458,0.2337433564120878,0.233743354678154,0.09569966048002243,0.08604191988706589,0.012010919861495495,0.01322187203913927,0.041624974459409714,0.18979620933532715,1.5448439121246338,0.0015708844662848324,nan,nan,nan,0,0
8,137,0.29479220509529114,0.29434242844581604,0.08585327118635178,5.426424195320578e-06,0.0,0.0008995316457003355,0.12000781297683716,0.14112871422513748,0.14112870395183563,0.056788548827171326,0.05222048982977867,0.007305037695914507,0.008142723701894283,0.02383255586028099,0.1152290627360344,1.5448436737060547,0.001569591679723648,nan,nan,nan,0,0
8,138,0.26695311069488525,0.26681071519851685,0.07146503031253815,5.426424195320578e-06,0.0,0.0002847655850928277,0.13312500715255737,0.08369300787722683,0.0836930051445961,0.03728447109460831,0.026742329820990562,0.003815163392573595,0.004318808671087027,0.015387007035315037,0.06803872436285019,1.5448434352874756,0.0015682974831779072,nan,nan,nan,0,0
8,139,0.25862234830856323,0.25822487473487854,0.06803762167692184,5.426424195320578e-06,0.0,0.0007949761347845197,0.12180468440055847,0.2281186336796091,0.2281186282634735,0.09457381814718246,0.08257489651441574,0.010963857173919678,0.01282715518027544,0.039305828511714935,0.18559525907039642,1.5448431968688965,0.0015670018798569375,nan,nan,nan,0,0
8,140,0.24271447956562042,0.24250146746635437,0.0591781847178936,5.427291398518719e-06,0.0,0.00042603546171449125,0.1293593794107437,0.2302082091985439,0.23020820319652557,0.09645777195692062,0.08511500805616379,0.01089700311422348,0.013430735096335411,0.038834910839796066,0.18611790239810944,1.5448429584503174,0.0015657048729735554,nan,nan,nan,0,0
8,141,0.23503732681274414,0.2346152365207672,0.05545758828520775,5.426601546787424e-06,0.0,0.0008441756945103407,0.12094530463218689,0.016847449044798117,0.01684745028614998,0.0094460379332304,0.005796770565211773,0.006121452897787094,0.0011141437571495771,0.003733875462785363,0.010409180074930191,1.5448427200317383,0.001564406465744058,nan,nan,nan,0,0
8,142,0.2101665586233139,0.21003146469593048,0.043616171926259995,5.426424195320578e-06,0.0,0.0002701914345379919,0.13356250524520874,0.2299201853898648,0.2299201935529709,0.0960022434592247,0.08245503157377243,0.012034108862280846,0.01285792887210846,0.03786546364426613,0.18736085295677185,1.5448424816131592,0.0015631066613882147,nan,nan,nan,0,0
8,143,0.3427286148071289,0.34258490800857544,0.11867918074131012,5.427291398518719e-06,0.0,0.0002874084748327732,0.13304688036441803,0.2500982556086867,0.25009825825691223,0.0985046848654747,0.09411001950502396,0.014228454791009426,0.014432137832045555,0.0448562316596508,0.2038785219192505,1.54484224319458,0.0015618054631292596,nan,nan,nan,0,0
8,144,0.31489118933677673,0.3144972324371338,0.09974595904350281,5.426478310255334e-06,0.0,0.0007879430195316672,0.12192968279123306,0.11680755316346798,0.11680755019187927,0.04972844198346138,0.04734062775969505,0.011872327886521816,0.0066445390693843365,0.01609644666314125,0.09211815148591995,1.544842004776001,0.0015605028741938836,nan,nan,nan,0,0
8,145,0.18545299768447876,0.18536971509456635,0.03425544872879982,5.426424195320578e-06,0.0,0.00016657098603900522,0.13709376752376556,0.04248412152979045,0.04248412325978279,0.015786034986376762,0.01298427488654852,0.002858903957530856,0.0024919856805354357,0.008215379901230335,0.036128029227256775,1.5448417663574219,0.001559198897812225,nan,nan,nan,0,0
8,146,0.3443514406681061,0.3441850543022156,0.11897476017475128,5.426424195320578e-06,0.0,0.0003327776794321835,0.13175781071186066,0.22724581428115817,0.22724580764770508,0.09133173525333405,0.08510351926088333,0.01882164739072323,0.013157742097973824,0.03755500167608261,0.18471276760101318,1.5448415279388428,0.0015578935372178647,nan,nan,nan,0,0
8,147,0.23633958399295807,0.23618412017822266,0.0554923377931118,5.426424195320578e-06,0.0,0.00031091555138118565,0.13236720860004425,0.042693486100280176,0.04269348829984665,0.01801621913909912,0.017775418236851692,0.0037030598614364862,0.002750505693256855,0.006625948008149862,0.0334215946495533,1.5448412895202637,0.0015565867956478143,nan,nan,nan,0,0
8,148,0.40532398223876953,0.40513309836387634,0.16496700048446655,5.426424195320578e-06,0.0,0.0003817747929133475,0.1304609477519989,0.01953516277659111,0.019535163417458534,0.009067624807357788,0.007901405915617943,0.004597648978233337,0.00130334566347301,0.0029468154534697533,0.014333448372781277,1.5448410511016846,0.0015552786763425113,nan,nan,nan,0,0
8,149,0.22906388342380524,0.22882531583309174,0.052519336342811584,5.426424195320578e-06,0.0,0.00047714990796521306,0.12815624475479126,0.040982159073323206,0.04098216071724892,0.016358673572540283,0.011797601357102394,0.00391603447496891,0.002361095044761896,0.009113820269703865,0.03418736532330513,1.5448408126831055,0.0015539691825458082,nan,nan,nan,0,0
8,150,0.18643337488174438,0.18632960319519043,0.035381875932216644,5.426424195320578e-06,0.0,0.0002075400116154924,0.13559375703334808,0.019728418934621843,0.019728418439626694,0.009860140271484852,0.007422491908073425,0.005331690888851881,0.0012904839823022485,0.0021762768737971783,0.01421500276774168,1.5448405742645264,0.0015526583175049674,nan,nan,nan,0,0
8,151,0.32085156440734863,0.32066038250923157,0.10101356357336044,5.426424195320578e-06,0.0,0.00038238646811805665,0.13044530153274536,0.053266932586051884,0.05326693505048752,0.02109731361269951,0.01926286518573761,0.003651044564321637,0.003187282243743539,0.009220319800078869,0.04373452067375183,1.5448403358459473,0.0015513460844706506,nan,nan,nan,0,0
8,152,0.19730325043201447,0.19727998971939087,0.03851492330431938,5.426424195320578e-06,0.0,4.651677954825573e-05,0.15682032704353333,0.24826910490121903,0.24826911091804504,0.08848513662815094,0.09039805084466934,0.023256348446011543,0.014336935244500637,0.046580828726291656,0.2066880315542221,1.5448400974273682,0.0015500324866969126,nan,nan,nan,0,0
8,153,0.18904811143875122,0.18897658586502075,0.0355859100818634,5.426424195320578e-06,0.0,0.00014306405500974506,0.13803906738758087,0.035241889958122254,0.03524189069867134,0.013144590891897678,0.01396638248115778,0.002774373395368457,0.002090692985802889,0.005909082014113665,0.028760481625795364,1.544839859008789,0.0015487175274411925,nan,nan,nan,0,0
8,154,0.2443116456270218,0.2443091869354248,0.05942834913730621,5.426424195320578e-06,0.0,4.922799234918784e-06,0.1522187441587448,0.07137235805310409,0.07137235999107361,0.02564147301018238,0.026344910264015198,0.006609905976802111,0.004287825897336006,0.013773046433925629,0.05908215418457985,1.54483962059021,0.001547401209964305,nan,nan,nan,0,0
8,155,0.21643760800361633,0.21625277400016785,0.046458080410957336,5.426424195320578e-06,0.0,0.00036966026527807117,0.13077345490455627,0.05623078104126064,0.056230779737234116,0.02468683570623398,0.02392215095460415,0.0095282644033432,0.003522374900057912,0.00862815510481596,0.04245646670460701,1.5448393821716309,0.0015460835375304325,nan,nan,nan,0,0
8,156,0.28641119599342346,0.2862958610057831,0.0820440873503685,5.426424195320578e-06,0.0,0.00023066021094564348,0.13481250405311584,0.013223788083042712,0.01322378870099783,0.005574916023761034,0.005095984786748886,0.0027852237690240145,0.0010445454390719533,0.0038324466440826654,0.009709975682199001,1.5448391437530518,0.0015447645134071186,nan,nan,nan,0,0
8,157,0.17014525830745697,0.170145183801651,0.029054924845695496,5.426424195320578e-06,0.0,1.4062696607197722e-07,0.15037500858306885,0.08775307729934768,0.08775307983160019,0.033018406480550766,0.02729824371635914,0.0056744785979390144,0.004694052506238222,0.01636502332985401,0.07445230334997177,1.5448389053344727,0.0015434441408652582,nan,nan,nan,0,0
8,158,0.18572255969047546,0.1857171505689621,0.0341193713247776,5.426424195320578e-06,0.0,1.0817907423188444e-05,0.1532890647649765,0.08871575084577707,0.08871574699878693,0.03313523158431053,0.03609788417816162,0.009833310730755329,0.005431016441434622,0.015452150255441666,0.07144595682621002,1.5448386669158936,0.0015421224231790902,nan,nan,nan,0,0
8,159,0.2936171591281891,0.29320186376571655,0.08703754097223282,5.426779353001621e-06,0.0,0.0008306109230034053,0.12117968499660492,0.07098192271729377,0.07098191976547241,0.02801823802292347,0.027602113783359528,0.004910588264465332,0.004409356974065304,0.013008835725486279,0.057260360568761826,1.5448384284973145,0.0015407993636261887,nan,nan,nan,0,0
8,160,0.21276935935020447,0.21258090436458588,0.04516744986176491,5.426424195320578e-06,0.0,0.0003769060131162405,0.1305859386920929,0.049933708999250426,0.04993370920419693,0.02268616296350956,0.019152868539094925,0.006129222456365824,0.0028685934375971556,0.006975346244871616,0.03895419463515282,1.5448381900787354,0.0015394749654874557,nan,nan,nan,0,0
8,161,0.37810808420181274,0.378018856048584,0.14425688982009888,5.426424195320578e-06,0.0,0.0001784731139196083,0.13664062321186066,0.03612269578219957,0.03612269461154938,0.013884514570236206,0.012803131714463234,0.0033933345694094896,0.0020758588798344135,0.007059499155730009,0.029706712812185287,1.5448379516601562,0.0015381492320471124,nan,nan,nan,0,0
8,162,0.22247888147830963,0.22234132885932922,0.050981346517801285,5.426424195320578e-06,0.0,0.00027509310166351497,0.13341407477855682,0.1972426775913086,0.19724267721176147,0.07811643183231354,0.07253975421190262,0.009319921024143696,0.011504292488098145,0.034375548362731934,0.16167743504047394,1.5448377132415771,0.0015368221665926914,nan,nan,nan,0,0
8,163,0.19728365540504456,0.19713419675827026,0.03821971267461777,5.426424195320578e-06,0.0,0.0002989120257552713,0.13271093368530273,0.0391860091718926,0.039186008274555206,0.01612425222992897,0.013946843333542347,0.004108930937945843,0.0021414882503449917,0.006662844680249691,0.0318618044257164,1.544837474822998,0.0015354937724150286,nan,nan,nan,0,0
8,164,0.17798833549022675,0.17773397266864777,0.031176693737506866,5.4273923524306156e-06,0.0,0.0005087142926640809,0.1274453103542328,0.02113738795634089,0.021137388423085213,0.010245302692055702,0.009735423140227795,0.005584042053669691,0.00137613108381629,0.0019530061399564147,0.01449672318994999,1.544837236404419,0.0015341640528082547,nan,nan,nan,0,0
8,165,0.32628828287124634,0.32620346546173096,0.10586801171302795,5.426424195320578e-06,0.0,0.00016960989159997553,0.13697656989097595,0.11685473977882482,0.11685474216938019,0.04402275010943413,0.044621676206588745,0.006662301253527403,0.006920158863067627,0.020522816106677055,0.09598162770271301,1.5448369979858398,0.001532833011069787,nan,nan,nan,0,0
8,166,0.26556771993637085,0.26555973291397095,0.06980402022600174,5.426424195320578e-06,0.0,1.600006544322241e-05,0.1459999978542328,0.10746313509336812,0.10746313631534576,0.037992097437381744,0.04344162717461586,0.0076009551994502544,0.006512765306979418,0.01855263113975525,0.08816666156053543,1.5448367595672607,0.0015315006505003215,nan,nan,nan,0,0
8,167,0.15866708755493164,0.15862888097763062,0.024858245626091957,5.426424195320578e-06,0.0,7.642577111255378e-05,0.14125782251358032,0.10175876316896158,0.10175876319408417,0.03798649087548256,0.03698023408651352,0.004246752709150314,0.0055543286725878716,0.019478635862469673,0.08435657620429993,1.5448365211486816,0.0015301669744038245,nan,nan,nan,0,0
8,168,0.24462498724460602,0.24461692571640015,0.05984656512737274,5.426424195320578e-06,0.0,1.6125241018016823e-05,0.15401563048362732,0.507989527850338,0.5079895257949829,0.17060883343219757,0.18044692277908325,0.020846592262387276,0.02868400514125824,0.10735514760017395,0.42848852276802063,1.5448362827301025,0.0015288319860875252,nan,nan,nan,0,0
8,169,0.2598537504673004,0.2598397135734558,0.06782963871955872,5.426424195320578e-06,0.0,2.805700023600366e-05,0.14470311999320984,0.1527848625674259,0.15278486907482147,0.05270996317267418,0.05339302867650986,0.005625521764159203,0.008592597208917141,0.03429463505744934,0.12818914651870728,1.5448360443115234,0.0015274956888619057,nan,nan,nan,0,0
8,170,0.20700013637542725,0.2069922238588333,0.0426427461206913,5.426424195320578e-06,0.0,1.5813096979400143e-05,0.15397657454013824,0.2025887906166049,0.20258879661560059,0.06941360235214233,0.07580059766769409,0.011647837236523628,0.011812863871455193,0.03880662843585014,0.1694020926952362,1.5448358058929443,0.0015261580860406942,nan,nan,nan,0,0
8,171,0.3090854585170746,0.3090761601924896,0.09520674496889114,5.438370862975717e-06,0.0,1.8597658709040843e-05,0.1456875056028366,0.1661541876382161,0.1661541908979416,0.060763269662857056,0.06772173941135406,0.014149271883070469,0.01002558134496212,0.029129238799214363,0.13483166694641113,1.5448355674743652,0.001524819180940858,nan,nan,nan,0,0
8,172,0.24912281334400177,0.24911466240882874,0.06317581236362457,5.427304131444544e-06,0.0,1.631391751288902e-05,0.1459609568119049,0.3356589527096726,0.3356589674949646,0.11650895327329636,0.1241438016295433,0.025071727111935616,0.01965511590242386,0.06678503006696701,0.2796529233455658,1.5448353290557861,0.0015234789768825913,nan,nan,nan,0,0
8,173,0.29055237770080566,0.29054373502731323,0.08383256196975708,5.426424195320578e-06,0.0,1.727451126498636e-05,0.15415626764297485,0.07850867829734981,0.07850867509841919,0.028546765446662903,0.030419310554862022,0.008023200556635857,0.004611303564161062,0.01438120100647211,0.06427212059497833,1.544835090637207,0.0015221374771893115,nan,nan,nan,0,0
8,174,0.21883085370063782,0.21881037950515747,0.04766971617937088,5.426424195320578e-06,0.0,4.0940027247415856e-05,0.1563984453678131,0.02581510338874777,0.025815103203058243,0.012076376006007195,0.011270454153418541,0.004275243729352951,0.00160121894441545,0.003165382891893387,0.01904458738863468,1.544834852218628,0.0015207946851876477,nan,nan,nan,0,0
8,175,0.22382140159606934,0.2237880825996399,0.05309279263019562,5.426424195320578e-06,0.0,6.665192631771788e-05,0.15816406905651093,0.016242864851070116,0.01624286361038685,0.005161290988326073,0.006645603105425835,0.0019676173105835915,0.0010066191898658872,0.0020755999721586704,0.013558568432927132,1.5448346138000488,0.0015194506042074342,nan,nan,nan,0,0
8,176,0.35430556535720825,0.35430318117141724,0.12404471635818481,5.426424195320578e-06,0.0,4.751079814013792e-06,0.15217970311641693,0.16246285929062873,0.16246286034584045,0.05510031059384346,0.06353825330734253,0.022179540246725082,0.010132862254977226,0.032094210386276245,0.13302774727344513,1.5448343753814697,0.0015181052375817016,nan,nan,nan,0,0
8,177,0.31371891498565674,0.31368616223335266,0.09752754867076874,5.426424195320578e-06,0.0,6.550869875354692e-05,0.15809375047683716,0.028076215603310653,0.028076214715838432,0.008581914007663727,0.010466951876878738,0.0023093053605407476,0.0017052262555807829,0.0060268850065767765,0.02367495559155941,1.5448341369628906,0.001516758588646668,nan,nan,nan,0,0
8,178,0.23554599285125732,0.23554565012454987,0.055148497223854065,5.426424195320578e-06,0.0,6.987961000959331e-07,0.14916406571865082,0.0035059112904822476,0.0035059114452451468,0.001141231507062912,0.001226681168191135,0.0005061115371063352,0.00021215742162894458,0.0008516718517057598,0.0029082216788083315,1.5448338985443115,0.0015154106607417328,nan,nan,nan,0,0
8,179,0.14922717213630676,0.14901641011238098,0.022344255819916725,5.426424195320578e-06,0.0,0.00042153109097853303,0.1705312281847,0.00712681361986178,0.007126813288778067,0.0036823260597884655,0.003471307223662734,0.003650997532531619,0.0007569954614154994,0.00296795298345387,0.0015717516653239727,1.5448336601257324,0.0015140614572094653,nan,nan,nan,0,0
8,180,0.21920809149742126,0.21897578239440918,0.047042813152074814,5.426424195320578e-06,0.0,0.0004646041779778898,0.17155468463897705,0.017047148407393204,0.017047148197889328,0.006953702308237553,0.007827422581613064,0.0074828313663601875,0.0015327685978263617,0.004984359722584486,0.009889224544167519,1.5448334217071533,0.0015127109813955993,nan,nan,nan,0,0
8,181,0.28558456897735596,0.2855025827884674,0.08179790526628494,5.426424195320578e-06,0.0,0.0001639600086491555,0.16280469298362732,0.04273613601400998,0.04273613542318344,0.015323237515985966,0.0177621990442276,0.01248919777572155,0.002870031399652362,0.007984824478626251,0.03237445652484894,1.5448331832885742,0.001511359236649023,nan,nan,nan,0,0
8,182,0.43087252974510193,0.43076908588409424,0.18633127212524414,5.426424195320578e-06,0.0,0.00020686521020252258,0.16438281536102295,0.02215565798725507,0.022155657410621643,0.00849810428917408,0.009550590068101883,0.0077017731964588165,0.0016841413453221321,0.004843664355576038,0.015550784766674042,1.5448329448699951,0.0015100062263217712,nan,nan,nan,0,0
8,183,0.2817949950695038,0.28179338574409485,0.07980003952980042,5.426424195320578e-06,0.0,3.2287468911817996e-06,0.1517968773841858,0.024430407807523806,0.0244304072111845,0.008914964273571968,0.010385432280600071,0.006724838633090258,0.0015815126243978739,0.0038507364224642515,0.01862681470811367,1.544832706451416,0.0015086519537690175,nan,nan,nan,0,0
8,184,0.26612499356269836,0.26596829295158386,0.07077854871749878,5.426424195320578e-06,0.0,0.00031340084387920797,0.16770313680171967,0.013527096495814614,0.01352709624916315,0.005164191592484713,0.006367711815983057,0.005808905698359013,0.0012185844825580716,0.0042628273367881775,0.007897194474935532,1.544832468032837,0.0015072964223490656,nan,nan,nan,0,0
8,185,0.2861511707305908,0.2861155867576599,0.08144430071115494,5.426424195320578e-06,0.0,7.119165093172342e-05,0.15843752026557922,0.02455523621500183,0.024555236101150513,0.007795425131917,0.008671849966049194,0.004017199855297804,0.0013065312523394823,0.004120492376387119,0.020788617432117462,1.5448322296142578,0.0015059396354233398,nan,nan,nan,0,0
8,186,0.22328491508960724,0.22327755391597748,0.04959673061966896,5.426424195320578e-06,0.0,1.4714483768329956e-05,0.14616405963897705,0.018380559333235284,0.018380559980869293,0.007100315298885107,0.007480220403522253,0.004333007615059614,0.0010677051031962037,0.0024319151416420937,0.014340419322252274,1.5448319911956787,0.0015045815963563797,nan,nan,nan,0,0
8,187,0.37775400280952454,0.37770408391952515,0.14613506197929382,5.426424195320578e-06,0.0,9.984370262827724e-05,0.15999218821525574,0.0245192902392932,0.024519290775060654,0.009409651160240173,0.010931666940450668,0.008184759877622128,0.0017686611972749233,0.004555739928036928,0.017386186867952347,1.5448317527770996,0.0015032223085158277,nan,nan,nan,0,0
8,188,0.285144567489624,0.28508663177490234,0.08079158514738083,5.426424195320578e-06,0.0,0.00011589872883632779,0.1607656329870224,0.013871916047851459,0.013871915638446808,0.005263683386147022,0.005928403232246637,0.004843630827963352,0.001059442525729537,0.003333538305014372,0.009689276106655598,1.5448315143585205,0.0015018617752724252,nan,nan,nan,0,0
8,189,0.4450993239879608,0.44509464502334595,0.1972666233778,5.4278975767374504e-06,0.0,9.379006769449916e-06,0.14693748950958252,0.014775162376884062,0.014775162562727928,0.005147991236299276,0.005655235610902309,0.0029986524023115635,0.0008131541544571519,0.0021821202244609594,0.012058488093316555,1.5448312759399414,0.0015005000000000003,nan,nan,nan,0,0
8,190,0.27816927433013916,0.2780994176864624,0.07738146930932999,5.426424195320578e-06,0.0,0.00013972022861707956,0.16182033717632294,0.004410799401610582,0.004410799127072096,0.0022716689854860306,0.0018936169799417257,0.002193841151893139,0.00043513477430678904,0.001293137320317328,0.002008581766858697,1.5448310375213623,0.0014991369860754612,nan,nan,nan,0,0
9,1,0.2778579592704773,0.27781662344932556,0.0769997239112854,5.426424195320578e-06,0.0,8.269649697467685e-05,0.15909376740455627,0.020081783284769162,0.020081782713532448,0.00791339110583067,0.007785603404045105,0.005782934837043285,0.0012859954731538892,0.0038933604955673218,0.015158702619373798,1.5448307991027832,0.0014977727368787888,nan,nan,nan,0,0
9,2,0.2067289799451828,0.20658935606479645,0.04388450086116791,5.426424195320578e-06,0.0,0.0002792554150801152,0.13328906893730164,0.00792796843697028,0.007927968166768551,0.003372669918462634,0.003829102497547865,0.00397825101390481,0.0007963334210216999,0.002251909114420414,0.0039094798266887665,1.544830560684204,0.0014964072557930254,nan,nan,nan,0,0
9,3,0.298206090927124,0.29814255237579346,0.08786569535732269,5.426424195320578e-06,0.0,0.0001270905340788886,0.13872656226158142,0.007809699428788205,0.007809699513018131,0.0034167557023465633,0.0033569312654435635,0.003251917427405715,0.0006730578024871647,0.0019772027153521776,0.004807379096746445,1.544830322265625,0.00149504054620427,nan,nan,nan,0,0
9,4,0.27572962641716003,0.2757265865802765,0.0756259560585022,5.426424195320578e-06,0.0,6.056160600564908e-06,0.14753907918930054,0.014784601555623405,0.014784601517021656,0.005614269059151411,0.005562547128647566,0.0038403752259910107,0.0009157900349237025,0.0022354929242283106,0.011642075143754482,1.544830083847046,0.001493672611501667,nan,nan,nan,0,0
9,5,0.22350816428661346,0.22341912984848022,0.04994237422943115,5.426424195320578e-06,0.0,0.00017805570678319782,0.136656254529953,0.012472582573264493,0.012472582049667835,0.0046223527751863,0.004605898633599281,0.001466846908442676,0.0005987369804643095,0.0012855733511969447,0.010431780479848385,1.5448298454284668,0.0014923034550773989,nan,nan,nan,0,0
9,6,0.24113526940345764,0.24111005663871765,0.058955587446689606,5.426424195320578e-06,0.0,5.043223427492194e-05,0.14289844036102295,0.002662133239980537,0.002662133192643523,0.0014633155660703778,0.0012005456956103444,0.0015147540252655745,0.00028776610270142555,0.0006490563391707838,0.0008401117520406842,1.5448296070098877,0.0014909330803266779,nan,nan,nan,0,0
9,7,0.2531176507472992,0.25307828187942505,0.06401996314525604,5.426424195320578e-06,0.0,7.87655808380805e-05,0.14112500846385956,0.032889189369755004,0.032889191061258316,0.012763014063239098,0.012470679357647896,0.008559932000935078,0.00205207453109324,0.005567919462919235,0.02558908425271511,1.5448293685913086,0.0014895614906477376,nan,nan,nan,0,0
9,8,0.19953759014606476,0.1995333731174469,0.03928685560822487,5.426424195320578e-06,0.0,8.446277206530795e-06,0.1470937579870224,0.02208341280844105,0.02208341285586357,0.008272589184343815,0.00778853427618742,0.004169126972556114,0.0011727218516170979,0.0032118537928909063,0.018152333796024323,1.5448291301727295,0.0014881886894418238,nan,nan,nan,0,0
9,9,0.27512747049331665,0.27509987354278564,0.07557927072048187,5.426424195320578e-06,0.0,5.520028207683936e-05,0.14257031679153442,0.024526218168559332,0.024526217952370644,0.00930438656359911,0.009234387427568436,0.004643370397388935,0.00130613858345896,0.0031951316632330418,0.019905127584934235,1.5448288917541504,0.0014868146801131873,nan,nan,nan,0,0
9,10,0.26832085847854614,0.2683202624320984,0.07130241394042969,5.426424195320578e-06,0.0,1.196278617499047e-06,0.14890626072883606,0.013388154513248273,0.013388154096901417,0.004950907081365585,0.004431735724210739,0.002331832889467478,0.000694844638928771,0.0019836081191897392,0.011190887540578842,1.5448286533355713,0.0014854394660690742,nan,nan,nan,0,0
9,11,0.2991633117198944,0.2991504669189453,0.091208316385746,5.426424195320578e-06,0.0,2.5708082830533385e-05,0.1449296921491623,0.006316265103633444,0.006316265091300011,0.002606557449325919,0.0027379514649510384,0.0011322525097057223,0.00031920798937790096,0.00046829035272821784,0.004899132531136274,1.5448284149169922,0.0014840630507197189,nan,nan,nan,0,0
9,12,0.2720146179199219,0.27198782563209534,0.07392533123493195,5.426424195320578e-06,0.0,5.3586787544190884e-05,0.14267970621585846,0.012250894321647849,0.012250893749296665,0.004746677819639444,0.004681565333157778,0.002043175743892789,0.0006108657107688487,0.0011842020321637392,0.009984305128455162,1.544828176498413,0.0014826854374783334,nan,nan,nan,0,0
9,13,0.16324156522750854,0.1631852090358734,0.026138151064515114,5.426424195320578e-06,0.0,0.000112724861537572,0.13938280940055847,0.013160554574568746,0.013160554692149162,0.005372900050133467,0.005134708248078823,0.00200528628192842,0.00062120973598212,0.0012087776558473706,0.010587667115032673,1.544827938079834,0.0014813066297611013,nan,nan,nan,0,0
9,14,0.31438425183296204,0.3143828809261322,0.09713881462812424,5.426424195320578e-06,0.0,2.7431119633547496e-06,0.15165624022483826,0.0027496227524975683,0.0027496227994561195,0.0018119440646842122,0.0014215201372280717,0.0009316366049461067,0.00016155806952156126,0.0003150026604998857,0.0011239617597311735,1.5448276996612549,0.0014799266309871682,nan,nan,nan,0,0
9,15,0.2971697151660919,0.2971354126930237,0.09050698578357697,5.426424195320578e-06,0.0,6.857902917545289e-05,0.1417187601327896,0.03868683698068111,0.0386868380010128,0.014658765867352486,0.014872374013066292,0.008043674752116203,0.0021400267723947763,0.00495576299726963,0.03109283559024334,1.5448274612426758,0.0014785454445786325,nan,nan,nan,0,0
9,16,0.21804800629615784,0.21804487705230713,0.047638602554798126,5.426424195320578e-06,0.0,6.250062597246142e-06,0.14749999344348907,0.016546977971943117,0.016546977683901787,0.006387484259903431,0.006427604239434004,0.004324123729020357,0.0010596959618851542,0.002473437460139394,0.012874375097453594,1.5448272228240967,0.0014771630739605387,nan,nan,nan,0,0
9,17,0.43371888995170593,0.43371275067329407,0.18539433181285858,5.426424195320578e-06,0.0,1.2304715710342862e-05,0.14649219810962677,0.008017542929702956,0.008017542771995068,0.0030454674270004034,0.0030369595624506474,0.0013495987514033914,0.0004037808976136148,0.0009212882141582668,0.006553607527166605,1.5448269844055176,0.0014757795225608667,nan,nan,nan,0,0
9,18,0.2862263321876526,0.2861596643924713,0.0824550986289978,5.426424195320578e-06,0.0,0.00013333043898455799,0.13845312595367432,0.03351916949231559,0.03351917117834091,0.012984844855964184,0.012579771690070629,0.006333128083497286,0.0017594574019312859,0.0037846576888114214,0.02718731388449669,1.5448267459869385,0.0014743947938105257,nan,nan,nan,0,0
9,19,0.2909020483493805,0.2908387780189514,0.08328092843294144,5.426424195320578e-06,0.0,0.0001265629252884537,0.13874998688697815,0.011357633008817508,0.011357633396983147,0.005261652171611786,0.0051708342507481575,0.004584610462188721,0.0009209084673784673,0.001942041446454823,0.006995360367000103,1.5448265075683594,0.001473008891143344,nan,nan,nan,0,0
9,20,0.2380417287349701,0.23798951506614685,0.05588618665933609,5.426424195320578e-06,0.0,0.00010442294296808541,0.13978125154972076,0.0087289035457534,0.008728903718292713,0.0032289510127156973,0.0036398996599018574,0.0032080765813589096,0.0007116326596587896,0.001984013943001628,0.006146891508251429,1.5448262691497803,0.0014716218179960604,nan,nan,nan,0,0
9,21,0.22946831583976746,0.2293413132429123,0.05231688916683197,5.426424195320578e-06,0.0,0.00025400365120731294,0.1340625137090683,0.025816605909990506,0.025816606357693672,0.010190967470407486,0.009398127906024456,0.0038850223645567894,0.0012541590258479118,0.002751416526734829,0.021215086802840233,1.5448260307312012,0.001470233577808317,nan,nan,nan,0,0
9,22,0.27676206827163696,0.2766730487346649,0.07707466185092926,5.426424195320578e-06,0.0,0.00017805570678319782,0.136656254529953,0.019592980438846858,0.019592979922890663,0.007255632430315018,0.0066618481650948524,0.002416648669168353,0.000951602472923696,0.0024243302177637815,0.016560113057494164,1.544825792312622,0.0014688441740226493,nan,nan,nan,0,0
9,23,0.25216731429100037,0.25194796919822693,0.06323366612195969,5.426424195320578e-06,0.0,0.0004387060471344739,0.1290546953678131,0.03260204036318005,0.03260204195976257,0.013392006978392601,0.012794550508260727,0.005584901198744774,0.0016402499750256538,0.0030171305406838655,0.02601657249033451,1.544825553894043,0.001467453610084479,nan,nan,nan,0,0
9,24,0.2908041775226593,0.2907778322696686,0.08558440953493118,5.426424195320578e-06,0.0,5.267572123557329e-05,0.14274220168590546,0.024962338005273067,0.02496233955025673,0.009652871638536453,0.009927245788276196,0.004796202760189772,0.0013363843318074942,0.002909783273935318,0.01995329186320305,1.5448253154754639,0.0014660618894421047,nan,nan,nan,0,0
9,25,0.24052396416664124,0.24030640721321106,0.057591937482357025,5.426424195320578e-06,0.0,0.0004351135576143861,0.12914063036441803,0.01438577889512687,0.014385778456926346,0.005538268946111202,0.005389561876654625,0.0011259042657911777,0.0006943439366295934,0.0015694480389356613,0.011959008872509003,1.5448250770568848,0.0014646690155466918,nan,nan,nan,0,0
9,26,0.2764368951320648,0.2762714922428131,0.07515082508325577,5.426424195320578e-06,0.0,0.0003307849110569805,0.13181251287460327,0.005068188111769434,0.005068188067525625,0.0019460254115983844,0.002005839953199029,0.0020940862596035004,0.0004735866095870733,0.0013930550776422024,0.003365417942404747,1.5448248386383057,0.0014632749918522673,nan,nan,nan,0,0
9,27,0.2384115755558014,0.23819677531719208,0.056382548063993454,5.426424195320578e-06,0.0,0.0004295897379051894,0.1292734593153,0.016518537601278093,0.01651853695511818,0.007680205162614584,0.007414385676383972,0.005911636166274548,0.0012580453185364604,0.0026343585923314095,0.010743996128439903,1.5448246002197266,0.0014618798218157094,nan,nan,nan,0,0
9,28,0.2412087768316269,0.24105755984783173,0.058697134256362915,5.426424195320578e-06,0.0,0.0003024337929673493,0.13260938227176666,0.10854055472654389,0.10854054987430573,0.041897714138031006,0.041357677429914474,0.01729116030037403,0.006820989772677422,0.0173724964261055,0.0875663310289383,1.5448243618011475,0.0014604835088967377,nan,nan,nan,0,0
9,29,0.2091168612241745,0.20903950929641724,0.04365428537130356,5.426424195320578e-06,0.0,0.00015469158824998885,0.13756249845027924,0.009497887060524027,0.009497886523604393,0.0034876279532909393,0.002385249361395836,0.00198755762539804,0.000640456157270819,0.0030995667912065983,0.007641270291060209,1.5448241233825684,0.001459086056557907,nan,nan,nan,0,0
9,30,0.3825482130050659,0.3823840916156769,0.14612023532390594,5.426424195320578e-06,0.0,0.00032823256333358586,0.13188281655311584,0.00995201573152371,0.009952016174793243,0.004223539028316736,0.0038974254857748747,0.001118759741075337,0.0006541306502185762,0.0018103400943800807,0.007813934236764908,1.5448238849639893,0.0014576874682645973,nan,nan,nan,0,0
9,31,0.27020812034606934,0.27009350061416626,0.07758786529302597,5.438370862975717e-06,0.0,0.00022923845972400159,0.1348593831062317,0.03520504335773075,0.035205043852329254,0.013258342631161213,0.011783761903643608,0.005598206538707018,0.0018221884965896606,0.004604870919138193,0.02947692759335041,1.5448236465454102,0.0014562877474850054,nan,nan,nan,0,0
9,32,0.2641759216785431,0.2640717029571533,0.06931464374065399,5.426424195320578e-06,0.0,0.00020844131358899176,0.13556250929832458,0.06653406799423145,0.06653407216072083,0.025372764095664024,0.024676768109202385,0.013229690492153168,0.004091697279363871,0.010804519057273865,0.05353090539574623,1.544823408126831,0.0014548868976901365,nan,nan,nan,0,0
9,33,0.2162608504295349,0.2162141501903534,0.046955227851867676,5.426424195320578e-06,0.0,9.339403186459094e-05,0.14033594727516174,0.04238674602096724,0.042386747896671295,0.016941700130701065,0.016906142234802246,0.011540724895894527,0.0027088336646556854,0.006472995039075613,0.032270289957523346,1.544823169708252,0.0014534849223537957,nan,nan,nan,0,0
9,34,0.3046363294124603,0.3046262264251709,0.09149414300918579,5.426424195320578e-06,0.0,2.0179802959319204e-05,0.1455078125,0.044971982190559805,0.04497198387980461,0.017634619027376175,0.017384681850671768,0.010321905836462975,0.002578129991889,0.005790135357528925,0.03553249314427376,1.5448229312896729,0.0014520818249525787,nan,nan,nan,0,0
9,35,0.288272887468338,0.288253515958786,0.08370862901210785,5.426424195320578e-06,0.0,3.8770165701862425e-05,0.14377343654632568,0.0031627643266790564,0.0031627642456442118,0.0011545734014362097,0.000996174057945609,0.00048422481631860137,0.00018336325592827052,0.0005343176308088005,0.002669098088517785,1.5448226928710938,0.001450677608965864,nan,nan,nan,0,0
9,36,0.24649636447429657,0.2464887648820877,0.06110076606273651,5.426424195320578e-06,0.0,1.5197848370007705e-05,0.14610156416893005,0.001981307938603743,0.0019813079852610826,0.0008519342518411577,0.0005954359075985849,0.0006712357862852514,0.00015474345127586275,0.0004678870609495789,0.0014669096563011408,1.5448224544525146,0.0014492722778758045,nan,nan,nan,0,0
9,37,0.30041295289993286,0.30041274428367615,0.08954473584890366,5.426424195320578e-06,0.0,4.004643301414035e-07,0.1506328284740448,0.06577607709393622,0.06577607244253159,0.025904107838869095,0.024051044136285782,0.015145232900977135,0.0037988603580743074,0.009492899291217327,0.05237453803420067,1.5448222160339355,0.001447865835167317,nan,nan,nan,0,0
9,38,0.33353739976882935,0.3335112929344177,0.10872058570384979,5.426424195320578e-06,0.0,5.222312029218301e-05,0.14277344942092896,0.051867457560693275,0.05186745524406433,0.02043062262237072,0.019470607861876488,0.011324853636324406,0.0029050034936517477,0.006703951861709356,0.04137733578681946,1.5448219776153564,0.0014464582843280766,nan,nan,nan,0,0
9,39,0.21500059962272644,0.2149663120508194,0.04575521871447563,5.426424195320578e-06,0.0,6.857927655801177e-05,0.14171874523162842,0.018880028309340345,0.018880028277635574,0.0077090016566216946,0.0068468027748167515,0.0031761890277266502,0.0009268225985579193,0.002046616980805993,0.015330108813941479,1.5448217391967773,0.0014450496288485046,nan,nan,nan,0,0
9,40,0.3093060255050659,0.3092705011367798,0.09634950757026672,5.426424195320578e-06,0.0,7.105969416443259e-05,0.1415703147649765,0.015114771695054484,0.015114772133529186,0.005822494626045227,0.005583513528108597,0.002456053625792265,0.0007595501956529915,0.0015249659772962332,0.012427574954926968,1.5448215007781982,0.001443639872221762,nan,nan,nan,0,0
9,41,0.38847917318344116,0.38847628235816956,0.14994871616363525,5.426424195320578e-06,0.0,5.7524725889379624e-06,0.14760157465934753,0.028107218184465786,0.02810721844434738,0.010286074131727219,0.0104750981554389,0.004456572700291872,0.0017676688730716705,0.00442875549197197,0.023062635213136673,1.5448212623596191,0.001442229017943742,nan,nan,nan,0,0
9,42,0.1985473781824112,0.19849777221679688,0.03897945582866669,5.426424195320578e-06,0.0,9.921992023009807e-05,0.1400390863418579,0.03998845170618012,0.039988450706005096,0.014427891001105309,0.014897758141160011,0.006869003642350435,0.002483431715518236,0.006891197524964809,0.032682254910469055,1.54482102394104,0.001440817069513057,nan,nan,nan,0,0
9,43,0.35538291931152344,0.355336457490921,0.12586630880832672,5.426424195320578e-06,0.0,9.294182382291183e-05,0.14035937190055847,0.09228002524617,0.09228002279996872,0.03594912588596344,0.03607965260744095,0.013235987164080143,0.00566652650013566,0.013223354704678059,0.07442690432071686,1.544820785522461,0.0014394040304310355,nan,nan,nan,0,0
9,44,0.33998095989227295,0.3398657441139221,0.11372247338294983,5.426424195320578e-06,0.0,0.00023042310203891248,0.13482031226158142,0.008204439769707037,0.008204439654946327,0.0053080301731824875,0.00306869950145483,0.0019753091037273407,0.0006001311703585088,0.0023392338771373034,0.004470650106668472,1.5448205471038818,0.0014379899042017085,nan,nan,nan,0,0
9,45,0.32090628147125244,0.3207365870475769,0.10576391220092773,5.426424195320578e-06,0.0,0.0003393659717403352,0.13157811760902405,0.09415414871293332,0.09415414929389954,0.0384310744702816,0.03686671331524849,0.011501374654471874,0.0056963153183460236,0.012918505817651749,0.07548035681247711,1.5448203086853027,0.0014365746943318036,nan,nan,nan,0,0
9,46,0.29228290915489197,0.29202553629875183,0.08655854314565659,5.426424195320578e-06,0.0,0.0005147230695001781,0.12731249630451202,0.10148306418571001,0.1014830693602562,0.04123691841959953,0.038365863263607025,0.011339068412780762,0.006067975889891386,0.014563806354999542,0.0821516290307045,1.5448200702667236,0.001435158404330736,nan,nan,nan,0,0
9,47,0.322669118642807,0.3223937153816223,0.1050812304019928,5.426424195320578e-06,0.0,0.000550782133359462,0.12653125822544098,0.11134949773134548,0.11134949326515198,0.04703841358423233,0.043392568826675415,0.013672633096575737,0.006697779521346092,0.014267696999013424,0.08870070427656174,1.5448198318481445,0.0014337410377105984,nan,nan,nan,0,0
9,48,0.1957918405532837,0.1955578476190567,0.03813876956701279,5.426424195320578e-06,0.0,0.00046797891263850033,0.12836718559265137,0.062333228570902045,0.062333229929208755,0.02576344832777977,0.022372152656316757,0.005024565849453211,0.003634000662714243,0.009164241142570972,0.050977714359760284,1.5448195934295654,0.0014323225979861545,nan,nan,nan,0,0
9,49,0.3791933059692383,0.3789786696434021,0.15037226676940918,5.426424195320578e-06,0.0,0.000429266132414341,0.12928126752376556,0.012656245622111772,0.01265624538064003,0.004945536144077778,0.004401734098792076,0.0021902669686824083,0.0008619170403108001,0.0024070641957223415,0.010247576981782913,1.5448193550109863,0.0014309030886748284,nan,nan,nan,0,0
9,50,0.16668912768363953,0.16662991046905518,0.02752319723367691,5.426424195320578e-06,0.0,0.00011843586980830878,0.13911718130111694,0.06255228615368928,0.06255228817462921,0.02500891499221325,0.022689413279294968,0.006054982542991638,0.0036552452947944403,0.009122531861066818,0.05137401074171066,1.5448191165924072,0.0014294825132966959,nan,nan,nan,0,0
9,51,0.25783589482307434,0.2575826048851013,0.06679735332727432,5.426424195320578e-06,0.0,0.0005066018202342093,0.12749218940734863,0.032505555977717086,0.03250555694103241,0.013281798921525478,0.012787574902176857,0.007213051896542311,0.002117828233167529,0.0045437682420015335,0.025288807228207588,1.5448188781738281,0.001428060875374478,nan,nan,nan,0,0
9,52,0.3823942542076111,0.3820057511329651,0.1454484611749649,5.426424195320578e-06,0.0,0.0007770159863866866,0.12212499976158142,0.00917542676542528,0.009175426326692104,0.005169556476175785,0.004378544166684151,0.004717446863651276,0.0008320465567521751,0.001752084936015308,0.003503724467009306,1.544818639755249,0.0014266381784335288,nan,nan,nan,0,0
9,53,0.25672003626823425,0.2564069628715515,0.06580223143100739,5.426424195320578e-06,0.0,0.0006261728121899068,0.12497656047344208,0.14281087997764852,0.1428108811378479,0.06560656428337097,0.05176553502678871,0.014253837987780571,0.008154536597430706,0.018159562721848488,0.11318841576576233,1.54481840133667,0.0014252144260018306,nan,nan,nan,0,0
9,54,0.22463065385818481,0.22403526306152344,0.051088739186525345,5.426424195320578e-06,0.0,0.0011907890439033508,0.11549219489097595,0.017015349498644756,0.017015349119901657,0.010807661339640617,0.00713580334559083,0.0032153944484889507,0.0012296625645831227,0.0027567751239985228,0.010116632096469402,1.5448181629180908,0.001423789621609981,nan,nan,nan,0,0
9,55,0.2998644709587097,0.2993398904800415,0.08892182260751724,5.42668658454204e-06,0.0,0.0010491535067558289,0.11760936677455902,0.04648115579982536,0.04648115858435631,0.023315157741308212,0.01784970425069332,0.0033551487140357494,0.0027761654928326607,0.005949326790869236,0.03526940196752548,1.5448179244995117,0.0014223637687911868,nan,nan,nan,0,0
9,56,0.2784671187400818,0.2780397832393646,0.0764138475060463,5.426424195320578e-06,0.0,0.00085464894073084,0.12076562643051147,0.20091728145598506,0.2009172886610031,0.09195982664823532,0.07401406019926071,0.02431362494826317,0.01148846186697483,0.026745054870843887,0.15809689462184906,1.5448176860809326,0.0014209368710812562,nan,nan,nan,0,0
9,57,0.25727277994155884,0.2565787136554718,0.06566426903009415,5.426838015409885e-06,0.0,0.0013881446793675423,0.11274219304323196,0.023494861963455557,0.023494862020015717,0.013093646615743637,0.01092088595032692,0.008229919709265232,0.0016533309826627374,0.0025137090124189854,0.013583644293248653,1.5448174476623535,0.0014195089320185865,nan,nan,nan,0,0
9,58,0.26352575421333313,0.26268813014030457,0.06816190481185913,5.426424195320578e-06,0.0,0.0016752389492467046,0.10907032340765,0.010901807351804238,0.010901807807385921,0.00679313438013196,0.004875592887401581,0.005921461619436741,0.0010549725266173482,0.0021635026205331087,0.00284146168269217,1.5448172092437744,0.0014180799551441587,nan,nan,nan,0,0
9,59,0.24135084450244904,0.24037767946720123,0.05745423212647438,5.42668658454204e-06,0.0,0.0019463264616206288,0.10588281601667404,0.037786260288072915,0.03778626024723053,0.019414708018302917,0.015344607643783092,0.009854125790297985,0.0026267978828400373,0.005594215821474791,0.026079004630446434,1.5448169708251953,0.0014166499440015261,nan,nan,nan,0,0
9,60,0.2824600338935852,0.2818293571472168,0.08002500236034393,5.426424195320578e-06,0.0,0.0012613603612408042,0.11448436975479126,0.12309849277985148,0.12309849262237549,0.05718430131673813,0.04476054757833481,0.008686396293342113,0.006853856611996889,0.015928247943520546,0.09748615324497223,1.5448167324066162,0.001415218902136808,nan,nan,nan,0,0
9,61,0.3003549575805664,0.3002222776412964,0.08951116353273392,5.426424195320578e-06,0.0,0.0002653333358466625,0.13371095061302185,0.015671187640294112,0.01567118801176548,0.007262165658175945,0.006355950143188238,0.0012687010457739234,0.0010673264041543007,0.0027175340801477432,0.011929593048989773,1.544816493988037,0.001413786833098679,nan,nan,nan,0,0
9,62,0.20980258285999298,0.2097657173871994,0.0436532124876976,5.426424195320578e-06,0.0,7.371819083346054e-05,0.141414076089859,0.059702970156733974,0.05970297008752823,0.023010196164250374,0.022017590701580048,0.004858747590333223,0.0034482080955058336,0.010924961417913437,0.04894230142235756,1.544816255569458,0.0014123537404383609,nan,nan,nan,0,0
9,63,0.17343473434448242,0.17330773174762726,0.030540773645043373,5.426424195320578e-06,0.0,0.00025400365120731294,0.1340625137090683,0.08685577198966501,0.08685576915740967,0.034124571830034256,0.035684067755937576,0.011259865015745163,0.0052248211577534676,0.013454033061861992,0.06907236576080322,1.544816017150879,0.001410919627709614,nan,nan,nan,0,0
9,64,0.314918577671051,0.3148088753223419,0.10212437808513641,5.426424195320578e-06,0.0,0.0002194101398345083,0.13518750667572021,0.07501150594196102,0.07501150667667389,0.02915698103606701,0.02921675704419613,0.009344280697405338,0.00446948129683733,0.011083109304308891,0.06076882779598236,1.5448157787322998,0.0014094844984687284,nan,nan,nan,0,0
9,65,0.23986166715621948,0.23969198763370514,0.056674614548683167,5.426424195320578e-06,0.0,0.0003393659717403352,0.13157811760902405,0.06621751286573235,0.06621751189231873,0.026784038171172142,0.026999063789844513,0.009875861927866936,0.004005356691777706,0.009353356435894966,0.05231982469558716,1.5448155403137207,0.0014080483562745143,nan,nan,nan,0,0
9,66,0.28904566168785095,0.28888168931007385,0.0836813896894455,5.426424195320578e-06,0.0,0.0003279491502325982,0.13189063966274261,0.041797664152377574,0.041797664016485214,0.015907522290945053,0.01523764617741108,0.0020597062539309263,0.0024511886294931173,0.007539308629930019,0.03456468880176544,1.5448153018951416,0.0014066112046882944,nan,nan,nan,0,0
9,67,0.24422839283943176,0.24416984617710114,0.058873895555734634,5.426424195320578e-06,0.0,0.00011707920202752575,0.13917969167232513,0.056161012829079766,0.05616101250052452,0.02186712995171547,0.020305879414081573,0.004251282196491957,0.0032489749137312174,0.009156867861747742,0.046379756182432175,1.5448150634765625,0.001405173047273894,nan,nan,nan,0,0
9,68,0.3059777617454529,0.3057836592197418,0.09309550374746323,5.426424195320578e-06,0.0,0.0003882123564835638,0.13029690086841583,0.0068988498881389256,0.0068988497368991375,0.0031033686827868223,0.002909186063334346,0.0032511702738702297,0.0007207017624750733,0.0020732488483190536,0.0037565927486866713,1.5448148250579834,0.001403733887597633,nan,nan,nan,0,0
9,69,0.27137526869773865,0.2712641656398773,0.07386426627635956,5.426424195320578e-06,0.0,0.00022219651145860553,0.13509374856948853,0.1082336638248728,0.10823366045951843,0.043431077152490616,0.043632280081510544,0.014282639138400555,0.006526033394038677,0.016832657158374786,0.08599168807268143,1.5448145866394043,0.0014022937292283168,nan,nan,nan,0,0
9,70,0.46003490686416626,0.45991671085357666,0.2128029316663742,5.427304131444544e-06,0.0,0.0002363907260587439,0.13462500274181366,0.07773819642189929,0.0777381956577301,0.029324309900403023,0.029266487807035446,0.006154270842671394,0.004594570025801659,0.01295650564134121,0.06403068453073502,1.5448143482208252,0.0014008525757372265,nan,nan,nan,0,0
9,71,0.3290826678276062,0.32907983660697937,0.10869380086660385,5.426424195320578e-06,0.0,5.640586095978506e-06,0.14762501418590546,0.06514885784512225,0.06514886021614075,0.02445189654827118,0.02460123598575592,0.00671975314617157,0.0038381798658519983,0.010609732940793037,0.053561221808195114,1.544814109802246,0.001399410430698112,nan,nan,nan,0,0
9,72,0.34130987524986267,0.3413058817386627,0.1153058260679245,5.426424195320578e-06,0.0,7.998269211384468e-06,0.14717188477516174,0.055114796727866,0.05511479452252388,0.02218817174434662,0.023034512996673584,0.007971365004777908,0.0034208667930215597,0.007020564284175634,0.04347647354006767,1.544813871383667,0.001397967297687181,nan,nan,nan,0,0
9,73,0.28173381090164185,0.2816370129585266,0.07912936061620712,5.426424195320578e-06,0.0,0.00019360074657015502,0.13608595728874207,0.008605309474662332,0.008605309762060642,0.004541235044598579,0.002574474783614278,0.0018619759939610958,0.0005771952564828098,0.0018849638290703297,0.0062807179056108,1.544813632965088,0.0013965231802830923,nan,nan,nan,0,0
9,74,0.31296437978744507,0.3129003942012787,0.0967005044221878,5.426424195320578e-06,0.0,0.00012797299132216722,0.13868749141693115,0.1580953172135281,0.1580953150987625,0.05898521468043327,0.0625317171216011,0.016870679333806038,0.00951551552861929,0.026263689622282982,0.12860681116580963,1.5448133945465088,0.001395078082066945,nan,nan,nan,0,0
9,75,0.2646024525165558,0.2646009922027588,0.06953147798776627,5.426424195320578e-06,0.0,2.900645768022514e-06,0.1517031341791153,0.17032099920470237,0.1703210026025772,0.06195883825421333,0.06333515793085098,0.012930787168443203,0.009967177174985409,0.029993731528520584,0.14139600098133087,1.5448131561279297,0.00139363200662227,nan,nan,nan,0,0
9,76,0.3127458691596985,0.312724232673645,0.0965501219034195,5.426424195320578e-06,0.0,4.327182614360936e-05,0.14342187345027924,0.01973692920643559,0.01973692886531353,0.008511693216860294,0.006269713863730431,0.00119938631542027,0.0011294289724901319,0.004532985854893923,0.015953872352838516,1.5448129177093506,0.0013921849575350227,nan,nan,nan,0,0
9,77,0.25507694482803345,0.2550760805606842,0.06426570564508438,5.426424195320578e-06,0.0,1.7022057363647036e-06,0.14869531989097595,0.10291131306162718,0.1029113158583641,0.03699065372347832,0.03842267021536827,0.008127384819090366,0.005958919879049063,0.019425103440880775,0.08524805307388306,1.5448126792907715,0.0013907369383935717,nan,nan,nan,0,0
9,78,0.26816222071647644,0.2681616544723511,0.07256243377923965,5.426424195320578e-06,0.0,1.1123695458081784e-06,0.14894531667232513,0.04121305093882354,0.04121305048465729,0.014425614848732948,0.016253819689154625,0.0034711819607764482,0.002395175863057375,0.007451020646840334,0.03395477682352066,1.5448124408721924,0.0013892879527886925,nan,nan,nan,0,0
9,79,0.2136404663324356,0.21363726258277893,0.04504058510065079,5.426424195320578e-06,0.0,6.407278306141961e-06,0.14746874570846558,0.08693331850878976,0.08693332225084305,0.030607668682932854,0.03234580159187317,0.007976689375936985,0.005144990980625153,0.01540787611156702,0.0724349394440651,1.5448122024536133,0.0013878380043135558,nan,nan,nan,0,0
9,80,0.24580442905426025,0.24580195546150208,0.06111964210867882,5.426424195320578e-06,0.0,4.957575129083125e-06,0.14777344465255737,0.03524186530683141,0.03524186462163925,0.01419822871685028,0.014657891355454922,0.003975073806941509,0.0021298276260495186,0.005464932881295681,0.027844976633787155,1.5448119640350342,0.0013863870965637208,nan,nan,nan,0,0
9,81,0.28270119428634644,0.2826441526412964,0.08044164627790451,5.426424195320578e-06,0.0,0.00011405550321796909,0.13932032883167267,0.11065190432786959,0.1106519028544426,0.040670908987522125,0.042736414819955826,0.009585047140717506,0.006588726304471493,0.019389022141695023,0.09084107726812363,1.544811725616455,0.0013849352331371252,nan,nan,nan,0,0
9,82,0.27641332149505615,0.27640578150749207,0.07649463415145874,5.426424195320578e-06,0.0,1.5076217096066102e-05,0.1461171954870224,0.08239628435264451,0.08239628374576569,0.03037331998348236,0.03300236538052559,0.009646890684962273,0.005063245072960854,0.01337483897805214,0.066931813955307,1.544811487197876,0.0013834824176340772,nan,nan,nan,0,0
9,83,0.27634987235069275,0.2763064503669739,0.07598619163036346,5.426424195320578e-06,0.0,8.686806540936232e-05,0.14067970216274261,0.061810657993276404,0.061810657382011414,0.022000029683113098,0.02149778977036476,0.0028852755203843117,0.0034301914274692535,0.012888993136584759,0.05184770002961159,1.5448112487792969,0.0013820286536572453,nan,nan,nan,0,0
9,84,0.372730016708374,0.37272191047668457,0.1382574439048767,5.426424195320578e-06,0.0,1.6188130757655017e-05,0.14597655832767487,0.00609614294064143,0.0060961428098380566,0.003902279771864414,0.002558530541136861,0.0011195067781955004,0.00038698725984431803,0.0009728901786729693,0.0036110279615968466,1.5448110103607178,0.0013805739448116497,nan,nan,nan,0,0
9,85,0.23516800999641418,0.235164612531662,0.05564342066645622,5.426424195320578e-06,0.0,6.808900707255816e-06,0.15260939300060272,0.05291858477531513,0.052918583154678345,0.018912488594651222,0.019056981429457664,0.0026852302253246307,0.0029755160212516785,0.010804999619722366,0.044121578335762024,1.5448107719421387,0.0013791182947046547,nan,nan,nan,0,0
9,86,0.2425447404384613,0.24248552322387695,0.05937089025974274,5.426424195320578e-06,0.0,0.00011843554966617376,0.13911719620227814,0.14861038811060936,0.14861039817333221,0.0557127371430397,0.059043824672698975,0.013795103877782822,0.009023117832839489,0.023434799164533615,0.12113650888204575,1.5448105335235596,0.0013776617069459578,nan,nan,nan,0,0
9,87,0.21802151203155518,0.21802134811878204,0.046842947602272034,5.426424195320578e-06,0.0,3.252559395150456e-07,0.14942969381809235,0.08410641508836969,0.08410641551017761,0.029903706163167953,0.03224958851933479,0.007190541364252567,0.005116691347211599,0.015672380104660988,0.06939822435379028,1.5448102951049805,0.001376204185147582,nan,nan,nan,0,0
9,88,0.30300113558769226,0.3029993176460266,0.09108869731426239,5.426424195320578e-06,0.0,3.6636033655668143e-06,0.14808595180511475,0.029437846746806884,0.029437847435474396,0.01063492801040411,0.011049428954720497,0.0019189980812370777,0.0017598686972633004,0.0056193177588284016,0.024352388456463814,1.5448100566864014,0.0013747457329238671,nan,nan,nan,0,0
9,89,0.23662810027599335,0.2365950345993042,0.055778078734874725,5.426424195320578e-06,0.0,6.614244193769991e-05,0.14186720550060272,0.15753354755962512,0.15753354132175446,0.05815510451793671,0.06244654208421707,0.015916898846626282,0.009535417892038822,0.0265705157071352,0.12839379906654358,1.5448098182678223,0.0013732863538914591,nan,nan,nan,0,0
9,90,0.2915390133857727,0.29153478145599365,0.08520837128162384,5.426424195320578e-06,0.0,8.446190804534126e-06,0.15290623903274536,0.09839047679548009,0.09839047491550446,0.035513948649168015,0.03628932684659958,0.0066008372232317924,0.0056624687276780605,0.018387645483016968,0.08178502321243286,1.5448095798492432,0.0013718260516693028,nan,nan,nan,0,0
9,91,0.26708680391311646,0.26703813672065735,0.07135100662708282,5.426424195320578e-06,0.0,9.73611677181907e-05,0.1401328295469284,0.12167171423553157,0.12167171388864517,0.041805755347013474,0.04570021852850914,0.010634818114340305,0.007196397986263037,0.024648392572999,0.1009719967842102,1.544809341430664,0.0013703648298786326,nan,nan,nan,0,0
9,92,0.19877822697162628,0.1987730711698532,0.03887788951396942,5.426424195320578e-06,0.0,1.0310180186934303e-05,0.1467890590429306,0.056342052996664026,0.056342050433158875,0.02208930253982544,0.022938672453165054,0.005857448093593121,0.0034586037509143353,0.008730183355510235,0.04514221101999283,1.544809103012085,0.0013689026921429623,nan,nan,nan,0,0
9,93,0.18523308634757996,0.18523304164409637,0.034176722168922424,5.426424195320578e-06,0.0,7.47755635188696e-08,0.15027345716953278,0.07428900133580298,0.0742890015244484,0.027360426262021065,0.028024300932884216,0.006697115022689104,0.0043808999471366405,0.012078342027962208,0.06144079566001892,1.5448088645935059,0.0013674396420880785,nan,nan,nan,0,0
9,94,0.4373522996902466,0.43731436133384705,0.18978123366832733,5.426424195320578e-06,0.0,7.588040170958266e-05,0.14128907024860382,0.0386206749358648,0.03862067312002182,0.01430332101881504,0.01459876261651516,0.0026576370000839233,0.0023366883397102356,0.00693496223539114,0.0318312868475914,1.5448086261749268,0.001365975683342029,nan,nan,nan,0,0
9,95,0.2787291407585144,0.27870598435401917,0.07836932688951492,5.426424195320578e-06,0.0,4.6303601266117766e-05,0.14319533109664917,0.044065170002945714,0.044065169990062714,0.01903408206999302,0.01925685815513134,0.005720391403883696,0.0028105571400374174,0.005393053404986858,0.033747728914022446,1.5448083877563477,0.001364510819535115,nan,nan,nan,0,0
9,96,0.28811943531036377,0.28804248571395874,0.08269428461790085,5.426424195320578e-06,0.0,0.00015391528722830117,0.13759374618530273,0.18928510001792906,0.18928509950637817,0.06878188252449036,0.07307669520378113,0.01641158014535904,0.011344356462359428,0.03278619796037674,0.1558355838060379,1.5448081493377686,0.0013630450542998827,nan,nan,nan,0,0
9,97,0.2474452704191208,0.24742279946804047,0.06086347997188568,5.426424195320578e-06,0.0,4.4931864977115765e-05,0.14329688251018524,0.2704267066454446,0.2704266905784607,0.09764392673969269,0.10405528545379639,0.024293724447488785,0.01607191376388073,0.048874374479055405,0.22255688905715942,1.5448079109191895,0.0013615783912711132,nan,nan,nan,0,0
9,98,0.31919384002685547,0.31919145584106445,0.10468115657567978,5.426424195320578e-06,0.0,4.785114469996188e-06,0.1521874964237213,0.13726095276679004,0.13726095855236053,0.05010833591222763,0.0531766377389431,0.012434829957783222,0.008115435019135475,0.02505163848400116,0.11248955130577087,1.5448076725006104,0.0013601108340858142,nan,nan,nan,0,0
9,99,0.252090185880661,0.25202369689941406,0.06387635320425034,5.4278975767374504e-06,0.0,0.00013296969700604677,0.13846875727176666,0.04965153501909804,0.049651533365249634,0.01677282154560089,0.015904590487480164,0.0024195469450205564,0.002744422759860754,0.011182264424860477,0.04233866184949875,1.5448074340820312,0.0013586423863832101,nan,nan,nan,0,0
9,100,0.3079881966114044,0.3078673481941223,0.09571290016174316,5.426424195320578e-06,0.0,0.00024170572578441352,0.13445311784744263,0.1503039868712992,0.15030398964881897,0.05501390993595123,0.05924442037940025,0.01427411288022995,0.00931149534881115,0.025345586240291595,0.1229715570807457,1.5448071956634521,0.0013571730518047343,nan,nan,nan,0,0
9,101,0.30095410346984863,0.300944060087204,0.08985559642314911,5.426424195320578e-06,0.0,2.010971184063237e-05,0.14551562070846558,0.0453271913312846,0.045327190309762955,0.016584962606430054,0.017167892307043076,0.004191631451249123,0.002585804322734475,0.007521149702370167,0.03746909275650978,1.544806957244873,0.0013557028339940193,nan,nan,nan,0,0
9,102,0.2674347758293152,0.26739147305488586,0.07130685448646545,5.426424195320578e-06,0.0,8.657720900373533e-05,0.14069531857967377,0.06888946672375738,0.06888946890830994,0.025184422731399536,0.026118777692317963,0.00633011432364583,0.004081780090928078,0.013760996051132679,0.05642000213265419,1.544806718826294,0.0013542317365968877,nan,nan,nan,0,0
9,103,0.2453049272298813,0.24530135095119476,0.059924088418483734,5.426424195320578e-06,0.0,7.138956334529212e-06,0.14732812345027924,0.09576562215281272,0.095765620470047,0.03483559563755989,0.03650086373090744,0.007403453812003136,0.005685778334736824,0.01821187697350979,0.07878077775239944,1.5448064804077148,0.0013527597632613433,nan,nan,nan,0,0
9,104,0.2159288227558136,0.21589531004428864,0.04690287634730339,5.426424195320578e-06,0.0,6.703520193696022e-05,0.1418125033378601,0.08895457705347784,0.08895457535982132,0.03335952386260033,0.03510218858718872,0.008363156579434872,0.00543651869520545,0.014034513384103775,0.07260461151599884,1.5448062419891357,0.001351286917637562,nan,nan,nan,0,0
9,105,0.3430478870868683,0.34302768111228943,0.11647970229387283,5.426424195320578e-06,0.0,4.0441569581162184e-05,0.1436406373977661,0.16478178481431305,0.16478177905082703,0.06083793193101883,0.06328263133764267,0.011588775552809238,0.009588344022631645,0.028095243498682976,0.13576270639896393,1.5448060035705566,0.0013498132033778823,nan,nan,nan,0,0
9,106,0.31162047386169434,0.3115711808204651,0.09592968225479126,5.426424195320578e-06,0.0,9.859897545538843e-05,0.14007030427455902,0.13054490873497557,0.13054491579532623,0.045672059059143066,0.0499267652630806,0.00767726544290781,0.007686596363782883,0.02384358085691929,0.10852102935314178,1.5448057651519775,0.0013483386241367984,nan,nan,nan,0,0
9,107,0.23601579666137695,0.2360118180513382,0.05558057874441147,5.426424195320578e-06,0.0,7.954165084811393e-06,0.15282031893730164,0.03375375314337339,0.03375375270843506,0.01157164853066206,0.011078359559178352,0.0015535526908934116,0.001688627409748733,0.005656925495713949,0.02907605469226837,1.5448055267333984,0.0013468631835709473,nan,nan,nan,0,0
9,108,0.3533218204975128,0.3533145487308502,0.1287791132926941,5.426424195320578e-06,0.0,1.4535207810695283e-05,0.14618749916553497,0.1273536551870908,0.12735365331172943,0.04836389049887657,0.047481223940849304,0.006392772309482098,0.007256913464516401,0.02218669466674328,0.10506969690322876,1.5448052883148193,0.0013453868853391033,nan,nan,nan,0,0
9,109,0.2566464841365814,0.256633460521698,0.06594228744506836,5.426424195320578e-06,0.0,2.6025778424809687e-05,0.1448984593153,0.6669401104498813,0.6669400930404663,0.26101064682006836,0.26912716031074524,0.03305765241384506,0.03725878894329071,0.11676590144634247,0.5367847084999084,1.5448050498962402,0.0013439097331021676,nan,nan,nan,0,0
9,110,0.24258284270763397,0.24254241585731506,0.0588553249835968,5.426424195320578e-06,0.0,8.085957233561203e-05,0.14100781083106995,0.522828238990123,0.522828221321106,0.20704127848148346,0.20700675249099731,0.025075096637010574,0.027940424159169197,0.0930267721414566,0.42138826847076416,1.5448048114776611,0.0013424317305231579,nan,nan,nan,0,0
9,111,0.22433878481388092,0.22430063784122467,0.050518110394477844,5.426424195320578e-06,0.0,7.628957246197388e-05,0.1412656158208847,0.009514647393970338,0.009514647535979748,0.005502624902874231,0.003355892840772867,0.0009042956517077982,0.0006619023624807596,0.0025602481327950954,0.006416921503841877,1.544804573059082,0.0013409528812672016,nan,nan,nan,0,0
9,112,0.2851991653442383,0.2850930094718933,0.0815068706870079,5.426424195320578e-06,0.0,0.00021229394769761711,0.13542969524860382,0.31098085704603,0.3109808564186096,0.1223306730389595,0.11764905601739883,0.024385306984186172,0.017868394032120705,0.04921824857592583,0.25409966707229614,1.544804334640503,0.001339473189001526,nan,nan,nan,0,0
9,113,0.1772507131099701,0.1772499978542328,0.031407564878463745,5.426424195320578e-06,0.0,1.4287696785686421e-06,0.1488046944141388,0.03791875553053544,0.037918753921985626,0.013655168935656548,0.013130630366504192,0.003207256319001317,0.002106341766193509,0.0065304371528327465,0.03196224570274353,1.5448040962219238,0.0013379926573954474,nan,nan,nan,0,0
9,114,0.2943257987499237,0.29428237676620483,0.08547091484069824,5.426424195320578e-06,0.0,8.686834189575166e-05,0.14067968726158142,0.07788253206892537,0.07788253575563431,0.0324714295566082,0.0328296534717083,0.01118976529687643,0.004860531073063612,0.009206569753587246,0.06082690507173538,1.5448038578033447,0.0013365112901203653,nan,nan,nan,0,0
9,115,0.24568398296833038,0.24553412199020386,0.06080261245369911,5.426424195320578e-06,0.0,0.0002997225383296609,0.132687509059906,0.06516662207211789,0.06516662240028381,0.025073716416954994,0.02242303639650345,0.004045115318149328,0.0037664182018488646,0.011027583852410316,0.05443388968706131,1.5448036193847656,0.0013350290908497498,nan,nan,nan,0,0
9,116,0.2819864749908447,0.2819238007068634,0.07991646975278854,5.426424195320578e-06,0.0,0.00012533512199297547,0.13880468904972076,0.009172608075366056,0.009172608144581318,0.00425119511783123,0.004188139457255602,0.0027862086426466703,0.0006716563366353512,0.001675558160059154,0.006123886909335852,1.5448033809661865,0.0013335460632591357,nan,nan,nan,0,0
9,117,0.18873876333236694,0.18872852623462677,0.03566334769129753,5.426424195320578e-06,0.0,2.0461520762182772e-05,0.1454765647649765,0.21502272222600974,0.2150227278470993,0.08244181424379349,0.08040134608745575,0.02018781565129757,0.012556293979287148,0.03489716723561287,0.17660894989967346,1.5448031425476074,0.0013320622110261106,nan,nan,nan,0,0
9,118,0.30414867401123047,0.30411359667778015,0.09132378548383713,5.426424195320578e-06,0.0,7.014068978605792e-05,0.14162500202655792,0.026774935055413614,0.02677493542432785,0.010650881566107273,0.008887517265975475,0.003625798737630248,0.0015821040142327547,0.004311584401875734,0.022141108289361,1.5448029041290283,0.0013305775378303073,nan,nan,nan,0,0
9,119,0.23027481138706207,0.23026588559150696,0.053174786269664764,5.426424195320578e-06,0.0,1.7863729226519354e-05,0.14577345550060272,0.018596645978752057,0.018596647307276726,0.00655137374997139,0.006165717262774706,0.0010911064455285668,0.0010747933993116021,0.002952942159026861,0.01593214087188244,1.5448026657104492,0.0013290920473533958,nan,nan,nan,0,0
9,120,0.23104779422283173,0.23098282516002655,0.05290214717388153,5.426424195320578e-06,0.0,0.00012992431584279984,0.13860157132148743,0.11527911511520984,0.11527911573648453,0.04433250427246094,0.041203469038009644,0.012259106151759624,0.006832891143858433,0.019080298021435738,0.09521105885505676,1.5448024272918701,0.0013276057432790702,nan,nan,nan,0,0
9,121,0.25085577368736267,0.2508476674556732,0.062361594289541245,5.426424195320578e-06,0.0,1.6188130757655017e-05,0.14597655832767487,0.08691426992984955,0.08691427111625671,0.033919643610715866,0.031209053471684456,0.007924213074147701,0.005101323127746582,0.01445201225578785,0.07163704186677933,1.544802188873291,0.0013261186292930448,nan,nan,nan,0,0
9,122,0.2453734576702118,0.2453269064426422,0.060667067766189575,5.426424195320578e-06,0.0,9.309243614552543e-05,0.1403515636920929,0.05459793555598497,0.05459793284535408,0.020314540714025497,0.018766792491078377,0.007080507930368185,0.003414747305214405,0.00930987298488617,0.04547080025076866,1.544801950454712,0.0013246307090830401,nan,nan,nan,0,0
9,123,0.19938769936561584,0.19935056567192078,0.039425402879714966,5.426424195320578e-06,0.0,7.425600779242814e-05,0.14138281345367432,0.07170476682560027,0.07170476764440536,0.028568623587489128,0.02833002619445324,0.009286167100071907,0.0043169730342924595,0.010895156301558018,0.05743904039263725,1.5448017120361328,0.0013231419863387777,nan,nan,nan,0,0
9,124,0.18356242775917053,0.18350672721862793,0.03360963985323906,5.426424195320578e-06,0.0,0.00011140171409351751,0.13944530487060547,0.11849002130804528,0.11849002540111542,0.04788416996598244,0.0432603619992733,0.010686377063393593,0.0069677140563726425,0.01822824962437153,0.09685306251049042,1.5448014736175537,0.001321652464751968,nan,nan,nan,0,0
9,125,0.23376810550689697,0.23364919424057007,0.05437888577580452,5.426424195320578e-06,0.0,0.00023783491633366793,0.13457810878753662,0.006210046621008133,0.006210046820342541,0.0033896176610141993,0.0024184321518987417,0.0032437890768051147,0.0007111215381883085,0.0022925077937543392,0.002223264193162322,1.5448012351989746,0.0013201621480163025,nan,nan,nan,0,0
9,126,0.3038875460624695,0.30376923084259033,0.09272334724664688,5.426424195320578e-06,0.0,0.00023663089086767286,0.13461719453334808,0.04337570080019595,0.04337570071220398,0.018860718235373497,0.017685381695628166,0.007341502700001001,0.002731038723140955,0.006220425479114056,0.03336018696427345,1.5448009967803955,0.0013186710398274454,nan,nan,nan,0,0
9,127,0.23362648487091064,0.233594611287117,0.05445244163274765,5.426424195320578e-06,0.0,6.375016528181732e-05,0.14201563596725464,0.20180742484139508,0.2018074244260788,0.0801670029759407,0.07235885411500931,0.01778341643512249,0.011675633490085602,0.03258124366402626,0.16598065197467804,1.5448007583618164,0.0013171791438830226,nan,nan,nan,0,0
9,128,0.30670812726020813,0.3066844344139099,0.09391650557518005,5.426424195320578e-06,0.0,4.7372959670610726e-05,0.14311720430850983,0.011182841396028903,0.011182841844856739,0.0073142764158546925,0.004810313694179058,0.0011076704831793904,0.000609744107350707,0.00231681065633893,0.006438311189413071,1.5448005199432373,0.0013156864638826141,nan,nan,nan,0,0
9,129,0.17705966532230377,0.17700974643230438,0.03103996068239212,5.426424195320578e-06,0.0,9.984400094253942e-05,0.14000780880451202,0.12673912022134595,0.12673911452293396,0.04899217560887337,0.047281939536333084,0.0109410947188735,0.007575937081128359,0.02123073674738407,0.10391892492771149,1.5448002815246582,0.0013141930035277438,nan,nan,nan,0,0
9,130,0.23231279850006104,0.23220857977867126,0.05443419888615608,5.426424195320578e-06,0.0,0.00020844173559453338,0.1355624943971634,0.13096493362073444,0.13096493482589722,0.05327382683753967,0.04932988062500954,0.011775989085435867,0.007715547922998667,0.020149268209934235,0.10618888586759567,1.544800043106079,0.0013126987665218704,nan,nan,nan,0,0
9,131,0.28803551197052,0.2876661419868469,0.08155632019042969,5.426424195320578e-06,0.0,0.0007387354271486402,0.12282031774520874,0.06558956686429421,0.06558956950902939,0.02727893739938736,0.024452289566397667,0.004213952925056219,0.003890855237841606,0.010330591350793839,0.053106676787137985,1.5447998046875,0.0013112037565703796,nan,nan,nan,0,0
9,132,0.325958788394928,0.3258751928806305,0.10831672698259354,5.426424195320578e-06,0.0,0.00016717657854314893,0.13707032799720764,0.018971453962242108,0.018971454352140427,0.008033390156924725,0.007645851466804743,0.0012753054033964872,0.0012177820317447186,0.003051219740882516,0.014983401633799076,1.544799566268921,0.0013097079773805728,nan,nan,nan,0,0
9,133,0.2789285182952881,0.27874037623405457,0.07815160602331161,5.426424195320578e-06,0.0,0.0003762987325899303,0.13060158491134644,0.08656012939118307,0.08656013011932373,0.03372672200202942,0.032249435782432556,0.008876423351466656,0.005017957650125027,0.013263034634292126,0.07095956057310104,1.5447993278503418,0.0013082114326616592,nan,nan,nan,0,0
9,134,0.2490280270576477,0.248869389295578,0.061246320605278015,5.426424195320578e-06,0.0,0.00031728480826132,0.13218751549720764,0.10421508071392274,0.10421507805585861,0.042257726192474365,0.040626078844070435,0.010888294316828251,0.006172873545438051,0.015668703243136406,0.08379989117383957,1.5447990894317627,0.0013067141261247468,nan,nan,nan,0,0
9,135,0.25174960494041443,0.25169649720191956,0.06261482834815979,5.426424195320578e-06,0.0,0.00010618662054184824,0.13969531655311584,0.14344507034224138,0.14344507455825806,0.05701781436800957,0.0512152761220932,0.008498280309140682,0.008164774626493454,0.023555168882012367,0.11835844814777374,1.5447988510131836,0.0013052160614828322,nan,nan,nan,0,0
9,136,0.2407141923904419,0.24068130552768707,0.057154227048158646,5.426424195320578e-06,0.0,6.576221494469792e-05,0.14189061522483826,0.025839116951609502,0.02583911642432213,0.014055886305868626,0.011171404272317886,0.002078614430502057,0.00156846409663558,0.003292555222287774,0.018101660534739494,1.5447986125946045,0.0013037172424507923,nan,nan,nan,0,0
9,137,0.29301929473876953,0.29279977083206177,0.08496246486902237,5.426424195320578e-06,0.0,0.00043903381447307765,0.12904687225818634,0.2437840776691229,0.2437840849161148,0.09372687339782715,0.09011602401733398,0.019297894090414047,0.013992569409310818,0.039803992956876755,0.20092907547950745,1.5447983741760254,0.0013022176727453744,nan,nan,nan,0,0
9,138,0.25290289521217346,0.25278979539871216,0.06422939151525497,5.426424195320578e-06,0.0,0.00022617366630584002,0.13496093451976776,0.04848865657698784,0.04848865792155266,0.01977035589516163,0.021242564544081688,0.007384901866316795,0.003118788357824087,0.006647933274507523,0.03742429241538048,1.5447981357574463,0.0013007173560851874,nan,nan,nan,0,0
9,139,0.24932846426963806,0.2492886632680893,0.06228913739323616,5.426424195320578e-06,0.0,7.959987851791084e-05,0.1410781294107437,0.1589218693073064,0.15892186760902405,0.06374552845954895,0.05850191041827202,0.010172783397138119,0.009153999388217926,0.025347601622343063,0.13015533983707428,1.5447978973388672,0.001299216296190693,nan,nan,nan,0,0
9,140,0.33031657338142395,0.3300013244152069,0.10791067034006119,5.426424195320578e-06,0.0,0.0006304805865511298,0.12489063292741776,0.029900501281133692,0.029900500550866127,0.012958241626620293,0.012498517520725727,0.006084458902478218,0.0018340891692787409,0.00433720275759697,0.022599007934331894,1.544797658920288,0.0012977144967841953,nan,nan,nan,0,0
9,141,0.26176315546035767,0.2617117464542389,0.07001317292451859,5.426424195320578e-06,0.0,0.00010283202573191375,0.1398593932390213,0.037335873080319826,0.037335872650146484,0.01480993814766407,0.011261741630733013,0.0031068315729498863,0.0020590019412338734,0.006423265673220158,0.03150644525885582,1.544797420501709,0.0012962119615898323,nan,nan,nan,0,0
9,142,0.2682496905326843,0.2681880593299866,0.07267249375581741,5.426424195320578e-06,0.0,0.00012324460840318352,0.13889844715595245,0.26257238417550005,0.26257237792015076,0.09849060326814651,0.09493675082921982,0.018811073154211044,0.01518059242516756,0.044254083186388016,0.21837614476680756,1.5447971820831299,0.0012947086943335667,nan,nan,nan,0,0
9,143,0.2551225423812866,0.2550627291202545,0.06544271111488342,5.426424195320578e-06,0.0,0.00011962851567659527,0.1390625238418579,0.1262494652734898,0.12624946236610413,0.04804569482803345,0.0472092367708683,0.007950033992528915,0.00732837850227952,0.020996278151869774,0.10413488745689392,1.5447969436645508,0.0012932046987431769,nan,nan,nan,0,0
9,144,0.1980389654636383,0.19802966713905334,0.03903070092201233,5.426424195320578e-06,0.0,1.8597531379782595e-05,0.1456875205039978,0.21441410079578258,0.2144141048192978,0.08440699428319931,0.08030964434146881,0.016212223097682,0.01242770068347454,0.03432236239314079,0.1755104511976242,1.5447967052459717,0.001291699978548247,nan,nan,nan,0,0
9,145,0.21380311250686646,0.21363914012908936,0.045451570302248,5.426424195320578e-06,0.0,0.0003279496741015464,0.13189062476158142,0.22241888769204704,0.2224188894033432,0.0856291800737381,0.08099830895662308,0.01849238947033882,0.01291503943502903,0.03415852412581444,0.18412362039089203,1.5447964668273926,0.001290194537480158,nan,nan,nan,0,0
9,146,0.2047356516122818,0.20462408661842346,0.04205576330423355,5.426424195320578e-06,0.0,0.0002231290563941002,0.13506250083446503,0.0680468406246468,0.06804683804512024,0.027892248705029488,0.019816799089312553,0.004735443275421858,0.003919126000255346,0.013543286360800266,0.056907687336206436,1.5447962284088135,0.0012886883792720787,nan,nan,nan,0,0
9,147,0.26112908124923706,0.2610129117965698,0.06803097575902939,5.4278971219900995e-06,0.0,0.00023232432431541383,0.13475781679153442,0.15753042269137832,0.15753042697906494,0.060117289423942566,0.061946798115968704,0.016245199367403984,0.009252612479031086,0.025260914117097855,0.12797151505947113,1.5447959899902344,0.001287181507658956,nan,nan,nan,0,0
9,148,0.30019518733024597,0.30015334486961365,0.09117141366004944,5.426424195320578e-06,0.0,8.369411079911515e-05,0.14085155725479126,0.08940678539405027,0.08940678834915161,0.03358864039182663,0.033727437257766724,0.007921944372355938,0.0051611620001494884,0.014466174878180027,0.07368291169404984,1.5447957515716553,0.0012856739263775064,nan,nan,nan,0,0
9,149,0.2883318364620209,0.28825193643569946,0.08215110003948212,5.426424195320578e-06,0.0,0.0001597850350663066,0.1373593956232071,0.13936607970327788,0.13936607539653778,0.05257795751094818,0.052644167095422745,0.012813166715204716,0.008307191543281078,0.0228047426789999,0.11460284143686295,1.5447955131530762,0.0012841656391662055,nan,nan,nan,0,0
9,150,0.2290533483028412,0.22899673879146576,0.051784105598926544,5.426424195320578e-06,0.0,0.0001132228208007291,0.13935938477516174,0.12185799023649463,0.12185798585414886,0.04780743271112442,0.046934597194194794,0.012558643706142902,0.007309155073016882,0.01925681158900261,0.09888879954814911,1.544795274734497,0.0012826566497652796,nan,nan,nan,0,0
9,151,0.2199590802192688,0.21983307600021362,0.047877486795186996,5.426424195320578e-06,0.0,0.00025201551034115255,0.1341250091791153,0.03897908198064575,0.03897908329963684,0.014782052487134933,0.01439396757632494,0.00266513554379344,0.0023156043607741594,0.006194970104843378,0.032292891293764114,1.544795036315918,0.0012811469619166968,nan,nan,nan,0,0
9,152,0.3362910747528076,0.33628958463668823,0.11240723729133606,5.426424195320578e-06,0.0,3.0080082069616765e-06,0.1517343670129776,0.03327362183714567,0.03327362239360809,0.013490980491042137,0.011990376748144627,0.0033920619171112776,0.001903545344248414,0.0054051559418439865,0.027147982269525528,1.5447947978973389,0.0012796365793641571,nan,nan,nan,0,0
9,153,0.3804984986782074,0.3804771602153778,0.14490289986133575,5.426424195320578e-06,0.0,4.2657076846808195e-05,0.14346876740455627,0.07656846474958626,0.07656846195459366,0.030220478773117065,0.030217288061976433,0.008435041643679142,0.004714930895715952,0.012427655048668385,0.06155112385749817,1.5447945594787598,0.001278125505853083,nan,nan,nan,0,0
9,154,0.3000260889530182,0.3000181019306183,0.08853527903556824,5.426424195320578e-06,0.0,1.600006544322241e-05,0.1459999978542328,0.10159437247696057,0.10159437358379364,0.040161244571208954,0.039488911628723145,0.011218016035854816,0.006080723367631435,0.016414884477853775,0.08195638656616211,1.5447943210601807,0.00127661374513061,nan,nan,nan,0,0
9,155,0.31702402234077454,0.3169979155063629,0.09999357908964157,5.426424195320578e-06,0.0,5.222333493293263e-05,0.14277343451976776,0.03539891827714777,0.03539891913533211,0.014162789098918438,0.014311025850474834,0.003432330908253789,0.002155593829229474,0.005484370514750481,0.028305256739258766,1.5447940826416016,0.0012751013009455782,nan,nan,nan,0,0
9,156,0.18645066022872925,0.1864500790834427,0.03431231901049614,5.426424195320578e-06,0.0,1.1623295677054557e-06,0.1489218920469284,0.012818024036256244,0.01281802449375391,0.006607810966670513,0.004909143783152103,0.0020214871037751436,0.0006233155727386475,0.0008153578382916749,0.009560289792716503,1.5447938442230225,0.0012735881770485232,nan,nan,nan,0,0
9,157,0.35182493925094604,0.35171476006507874,0.121670663356781,5.426424195320578e-06,0.0,0.000220337271457538,0.13515624403953552,0.017239092703176372,0.01723909191787243,0.005833488889038563,0.006296130828559399,0.001688158605247736,0.0010954829631373286,0.004027142189443111,0.014256494119763374,1.5447936058044434,0.0012720743771916644,nan,nan,nan,0,0
9,158,0.2687305510044098,0.2686559855937958,0.07334613054990768,5.426424195320578e-06,0.0,0.0001491069415351376,0.1377890706062317,0.0838994404749029,0.08389943838119507,0.03228453919291496,0.03202493488788605,0.01076614111661911,0.0051031578332185745,0.013751981779932976,0.06811871379613876,1.5447933673858643,0.0012705599051288994,nan,nan,nan,0,0
9,159,0.19217821955680847,0.19216054677963257,0.036536943167448044,5.426424195320578e-06,0.0,3.5346711229067296e-05,0.14405469596385956,0.03374742754095473,0.03374742716550827,0.011994211934506893,0.013298946432769299,0.003994723316282034,0.0020425983238965273,0.0059117539785802364,0.02762402780354023,1.5447931289672852,0.0012690447646157915,nan,nan,nan,0,0
9,160,0.21373191475868225,0.2136767953634262,0.045297011733055115,5.426424195320578e-06,0.0,0.00011025029380107298,0.1394999921321869,0.08812106226069537,0.08812106400728226,0.034313883632421494,0.03322194516658783,0.008636128157377243,0.0050927032716572285,0.014716466888785362,0.071882463991642,1.544792890548706,0.0012675289594095617,nan,nan,nan,0,0
9,161,0.25548475980758667,0.25542348623275757,0.0659014880657196,5.426424195320578e-06,0.0,0.000122552111861296,0.13892967998981476,0.09449509661157503,0.09449509531259537,0.03400518000125885,0.03424897417426109,0.009348863735795021,0.0055143204517662525,0.016127925366163254,0.07888003438711166,1.544792652130127,0.0012660124932690796,nan,nan,nan,0,0
9,162,0.321729838848114,0.3214915990829468,0.10315699875354767,5.426424195320578e-06,0.0,0.0004764672485180199,0.1281718760728836,0.0954241783654194,0.09542417526245117,0.03909798711538315,0.0388740673661232,0.009361617267131805,0.0057694027200341225,0.013695643283426762,0.07587774097919464,1.5447924137115479,0.0012644953699548539,nan,nan,nan,0,0
9,163,0.2639811933040619,0.26389577984809875,0.07031215727329254,5.426424195320578e-06,0.0,0.00017083314014598727,0.1369296908378601,0.005771706090935454,0.0057717058807611465,0.003289434127509594,0.0024403410498052835,0.0017170027131214738,0.0005801503430120647,0.001866581616923213,0.003125404007732868,1.5447921752929688,0.0012629775932290223,nan,nan,nan,0,0
9,164,0.23995065689086914,0.23989412188529968,0.05778420343995094,5.426424195320578e-06,0.0,0.00011305671068839729,0.13936719298362732,0.01001562684975145,0.01001562736928463,0.004442097153514624,0.004553567618131638,0.0011210142401978374,0.0007424167124554515,0.0021427483297884464,0.007310701068490744,1.5447919368743896,0.001261459166855344,nan,nan,nan,0,0
9,165,0.24284520745277405,0.24282130599021912,0.058959320187568665,5.426424195320578e-06,0.0,4.7804285713937134e-05,0.14308594167232513,0.15450905625390787,0.1545090526342392,0.05874897167086601,0.056490447372198105,0.014375895261764526,0.00894979853183031,0.024814631789922714,0.12778069078922272,1.5447916984558105,0.0012599400945991878,nan,nan,nan,0,0
9,166,0.40392833948135376,0.40389004349708557,0.16345509886741638,5.426424195320578e-06,0.0,7.656235538888723e-05,0.14125001430511475,0.10302588483652318,0.103025883436203,0.037146855145692825,0.03880132734775543,0.010150201618671417,0.005975720938295126,0.017018336802721024,0.08544320613145828,1.5447914600372314,0.0012584203802275251,nan,nan,nan,0,0
9,167,0.35375547409057617,0.3537483215332031,0.12445525079965591,5.426424195320578e-06,0.0,1.4297919733508024e-05,0.14621874690055847,0.04360195110905338,0.043601952493190765,0.019489463418722153,0.018431352451443672,0.004011079668998718,0.0025609040167182684,0.005402369424700737,0.033611658960580826,1.5447912216186523,0.001256900027508919,nan,nan,nan,0,0
9,168,0.2740756571292877,0.27393680810928345,0.07536567747592926,5.426424195320578e-06,0.0,0.0002776913170237094,0.1333359330892563,0.15225320498604222,0.15225321054458618,0.059048984199762344,0.059182796627283096,0.012833461165428162,0.00892370194196701,0.023419924080371857,0.12409202009439468,1.5447909832000732,0.0012553790402135164,nan,nan,nan,0,0
9,169,0.2989317774772644,0.2989142835140228,0.08854354918003082,5.426424195320578e-06,0.0,3.4976132155861706e-05,0.14408594369888306,0.0475426125083011,0.04754260927438736,0.017471766099333763,0.015773508697748184,0.0026578179094940424,0.002524296287447214,0.008628902956843376,0.04022859409451485,1.5447907447814941,0.0012538574221130365,nan,nan,nan,0,0
9,170,0.21954596042633057,0.2194855511188507,0.04766948148608208,5.426424195320578e-06,0.0,0.00012082844477845356,0.1390078067779541,0.06154435908207033,0.06154435873031616,0.023515621200203896,0.0228780135512352,0.0042040166445076466,0.003572857705876231,0.009327064268290997,0.050930216908454895,1.544790506362915,0.0012523351769807643,nan,nan,nan,0,0
9,171,0.33357349038124084,0.3335162103176117,0.11398216336965561,5.426424195320578e-06,0.0,0.00011455702770035714,0.13929687440395355,0.12292315915723645,0.12292315810918808,0.04527381807565689,0.045936278998851776,0.011715549975633621,0.007225431967526674,0.020452626049518585,0.10169794410467148,1.544790267944336,0.0012508123085915384,nan,nan,nan,0,0
9,172,0.2595987319946289,0.2595689296722412,0.06735892593860626,5.426424195320578e-06,0.0,5.957920802757144e-05,0.14228124916553497,0.19723248042423605,0.19723248481750488,0.0730406790971756,0.07613862305879593,0.017488613724708557,0.011820005252957344,0.035132214426994324,0.16152022778987885,1.5447900295257568,0.0012492888207217437,nan,nan,nan,0,0
9,173,0.1953325867652893,0.19524092972278595,0.038532983511686325,5.426601546787424e-06,0.0,0.00018330657621845603,0.13646093010902405,0.1704019743161489,0.17040197551250458,0.06555642932653427,0.06844530254602432,0.019283035770058632,0.010217403993010521,0.025824755430221558,0.1375182867050171,1.5447897911071777,0.0012477647171493013,nan,nan,nan,0,0
9,174,0.20151957869529724,0.20148137211799622,0.04033839702606201,5.426424195320578e-06,0.0,7.642603304702789e-05,0.14125780761241913,0.03198421889646211,0.03198421746492386,0.013486789539456367,0.012620316818356514,0.002388630760833621,0.0018840222619473934,0.005361123010516167,0.025373758748173714,1.5447895526885986,0.0012462400016536586,nan,nan,nan,0,0
9,175,0.22195467352867126,0.22195467352867126,0.04890222102403641,5.426424195320578e-06,0.0,0.0,0.15000000596046448,0.03481509654371984,0.034815095365047455,0.012081212364137173,0.011541982181370258,0.002395275980234146,0.0020037705544382334,0.006959379650652409,0.029575876891613007,1.5447893142700195,0.0012447146780157807,nan,nan,nan,0,0
9,176,0.3007211983203888,0.3006470203399658,0.08926389366388321,5.426424195320578e-06,0.0,0.00014834478497505188,0.1378203183412552,0.06487866701738018,0.0648786649107933,0.023956112563610077,0.02448483742773533,0.005768885370343924,0.0037651804741472006,0.012564175762236118,0.05320266634225845,1.5447890758514404,0.0012431887500181406,nan,nan,nan,0,0
9,177,0.284956693649292,0.2849479913711548,0.08027668297290802,5.426424195320578e-06,0.0,1.7404567188350484e-05,0.14582812786102295,0.16123237982995858,0.1612323820590973,0.06137740612030029,0.06054932251572609,0.01201280951499939,0.009376958943903446,0.02620459906756878,0.13282905519008636,1.5447888374328613,0.0012416622214447106,nan,nan,nan,0,0
9,178,0.2928692102432251,0.2928605079650879,0.08494067192077637,5.426424195320578e-06,0.0,1.7404567188350484e-05,0.14582812786102295,0.08112854439642284,0.0811285451054573,0.03190678358078003,0.03112555854022503,0.005666901357471943,0.004799982998520136,0.014554612338542938,0.06578759104013443,1.5447885990142822,0.0012401350960809519,nan,nan,nan,0,0
9,179,0.2617705464363098,0.2617206275463104,0.068743497133255,5.426424195320578e-06,0.0,9.984370262827724e-05,0.14000782370567322,0.044184400312956666,0.044184401631355286,0.016268420964479446,0.016728557646274567,0.003997954539954662,0.002675952622666955,0.008751577697694302,0.03616656735539436,1.5447883605957031,0.0012386073777138048,nan,nan,nan,0,0
9,180,0.22265908122062683,0.2226206660270691,0.049056001007556915,5.426424195320578e-06,0.0,7.683614967390895e-05,0.1412343829870224,0.025826211383054114,0.025826212018728256,0.007908155210316181,0.007747557479888201,0.002228916622698307,0.0014783841324970126,0.005885085090994835,0.022419672459363937,1.544788122177124,0.0012370790701316814,nan,nan,nan,0,0
9,181,0.23145055770874023,0.23144304752349854,0.052824024111032486,5.426424195320578e-06,0.0,1.5015642929938622e-05,0.14612500369548798,0.18442784251481606,0.18442784249782562,0.0704592764377594,0.07038149982690811,0.013822624459862709,0.010599873960018158,0.03008601814508438,0.15128441154956818,1.544787883758545,0.0012355501771244546,nan,nan,nan,0,0
9,182,0.2691631317138672,0.26916107535362244,0.071045882999897,5.426424195320578e-06,0.0,4.094324140169192e-06,0.15202344954013824,0.034022418563561856,0.03402242064476013,0.010929632000625134,0.011755882762372494,0.0022073506843298674,0.0021382116246968508,0.007283262442797422,0.02893746830523014,1.5447876453399658,0.0012340207024834483,nan,nan,nan,0,0
9,183,0.20290343463420868,0.20288017392158508,0.041088201105594635,5.426424195320578e-06,0.0,4.651657582144253e-05,0.14317969977855682,0.009522615533428699,0.009522615931928158,0.005442293360829353,0.00335184414871037,0.0025354260578751564,0.0005824744002893567,0.001714599784463644,0.0063339779153466225,1.5447874069213867,0.00123249065000143,nan,nan,nan,0,0
9,184,0.2546107769012451,0.25449663400650024,0.06428610533475876,5.426424195320578e-06,0.0,0.00022829366207588464,0.134890615940094,0.19293269219135986,0.19293269515037537,0.07404103130102158,0.07228890806436539,0.012415364384651184,0.011128202080726624,0.03162674605846405,0.1588616818189621,1.5447871685028076,0.0012309600234725988,nan,nan,nan,0,0
9,185,0.33204472064971924,0.3320425748825073,0.11037255078554153,5.426424195320578e-06,0.0,4.286235707695596e-06,0.14792968332767487,0.13541063071166495,0.1354106366634369,0.04971032589673996,0.04733457416296005,0.007574178744107485,0.007555222604423761,0.024941619485616684,0.11352456361055374,1.5447869300842285,0.0012294288266925777,nan,nan,nan,0,0
9,186,0.2907375693321228,0.2907114624977112,0.08419021964073181,5.426424195320578e-06,0.0,5.222333493293263e-05,0.14277343451976776,0.03761249475931761,0.037612494081258774,0.0159644465893507,0.01725069247186184,0.005155782215297222,0.002395783783867955,0.004655552562326193,0.028429804369807243,1.5447866916656494,0.0012278970634584047,nan,nan,nan,0,0
9,187,0.2550423741340637,0.25499144196510315,0.06449718773365021,5.426424195320578e-06,0.0,0.00010188375745201483,0.13990625739097595,0.03848243939036011,0.038482438772916794,0.016342220827937126,0.013360645622015,0.0025820203591138124,0.002246228978037834,0.007087809033691883,0.031198937445878983,1.5447864532470703,0.0012263647375685212,nan,nan,nan,0,0
9,188,0.38834747672080994,0.3882993459701538,0.14886796474456787,5.426687039289391e-06,0.0,9.628523548599333e-05,0.14018750190734863,0.0758976802306705,0.07589767873287201,0.029937004670500755,0.018996495753526688,0.0027974226977676153,0.0037799873389303684,0.014478429220616817,0.06535769253969193,1.5447862148284912,0.0012248318528227647,nan,nan,nan,0,0
9,189,0.20381352305412292,0.20380398631095886,0.04189971461892128,5.426424195320578e-06,0.0,1.907232763187494e-05,0.1456328183412552,0.020347734149405678,0.020347734913229942,0.0077683525159955025,0.007914434187114239,0.0019577930215746164,0.0014553617220371962,0.004102782346308231,0.016378670930862427,1.544785976409912,0.0012232984130223581,nan,nan,nan,0,0
9,190,0.3135952055454254,0.3134453296661377,0.10304416716098785,5.426424195320578e-06,0.0,0.0002997225383296609,0.132687509059906,0.05835566167021764,0.058355662971735,0.02328169159591198,0.023155977949500084,0.003584290388971567,0.003325336379930377,0.009120076894760132,0.047117576003074646,1.544785737991333,0.0012217644219699013,nan,nan,nan,0,0
10,1,0.36271607875823975,0.3626447319984436,0.1320393681526184,5.426424195320578e-06,0.0,0.0001426903618266806,0.13805469870567322,0.09937825345120141,0.09937825053930283,0.037685927003622055,0.03845777362585068,0.0055125136859714985,0.005728325340896845,0.017696136608719826,0.08124317228794098,1.544785499572754,0.0012202298834693606,nan,nan,nan,0,0
10,2,0.2188444584608078,0.21878370642662048,0.048348721116781235,5.426424195320578e-06,0.0,0.00012151605187682435,0.1389765739440918,0.09564024864397432,0.09564024955034256,0.03783128038048744,0.03856171295046806,0.00603351229801774,0.005854002665728331,0.017683211714029312,0.07645571976900101,1.5447852611541748,0.0012186948013260597,nan,nan,nan,0,0
10,3,0.22810035943984985,0.22809982299804688,0.05208141356706619,5.426424195320578e-06,0.0,1.0796724154715776e-06,0.1489609330892563,0.3867734836265987,0.3867734670639038,0.13368651270866394,0.1401243805885315,0.01954422891139984,0.022233381867408752,0.07562506198883057,0.32479432225227356,1.5447850227355957,0.0012171591793466712,nan,nan,nan,0,0
10,4,0.23280584812164307,0.23280426859855652,0.05360390990972519,5.426424195320578e-06,0.0,3.1728693556942744e-06,0.14821875095367432,0.6473618585050823,0.6473618745803833,0.22204431891441345,0.23721475899219513,0.03336845338344574,0.037248753011226654,0.12650583684444427,0.5431373715400696,1.5447847843170166,0.0012156230213392057,nan,nan,nan,0,0
10,5,0.23230548202991486,0.23227758705615997,0.05423201248049736,5.426424195320578e-06,0.0,5.578237687586807e-05,0.14253124594688416,0.00818543807307738,0.008185437880456448,0.005693077575415373,0.003641211660578847,0.0008470830507576466,0.0005433702608570457,0.0013919651973992586,0.004287362098693848,1.5447845458984375,0.0012140863311130034,nan,nan,nan,0,0
10,6,0.25425052642822266,0.2542242407798767,0.06387556344270706,5.426424195320578e-06,0.0,5.256244185147807e-05,0.14275000989437103,0.2170333231312774,0.21703332662582397,0.08155521750450134,0.0819423496723175,0.014119119383394718,0.012580156326293945,0.0405823178589344,0.17813794314861298,1.5447843074798584,0.001212549112478724,nan,nan,nan,0,0
10,7,0.24122315645217896,0.24122238159179688,0.0583743080496788,5.426424195320578e-06,0.0,1.5624970046701492e-06,0.14875000715255737,0.1328538907759948,0.13285388052463531,0.04651365056633949,0.04762502759695053,0.007973019033670425,0.0075528440065681934,0.023018522188067436,0.11210720986127853,1.5447840690612793,0.0012110113692483375,nan,nan,nan,0,0
10,8,0.266432523727417,0.26643240451812744,0.07008358091115952,5.426424195320578e-06,0.0,2.1246349035664025e-07,0.1495390683412552,0.057961937607925944,0.05796193704009056,0.022073358297348022,0.02179170772433281,0.0035986164584755898,0.003480765735730529,0.010130338370800018,0.047642260789871216,1.5447838306427002,0.0012094731052351155,nan,nan,nan,0,0
10,9,0.2372078001499176,0.23712249100208282,0.05727331340312958,5.426424195320578e-06,0.0,0.0001706290931906551,0.13693749904632568,0.08072535346565354,0.08072535693645477,0.03233066946268082,0.03281863033771515,0.007817295379936695,0.004802210256457329,0.012679776176810265,0.06441505998373032,1.544783592224121,0.0012079343242536204,nan,nan,nan,0,0
10,10,0.21183277666568756,0.21172446012496948,0.04455549642443657,5.426424195320578e-06,0.0,0.00021664134692400694,0.1352812647819519,0.11522385669104125,0.11522385478019714,0.04694938659667969,0.044385652989149094,0.009021040052175522,0.006802963092923164,0.016676345840096474,0.09325473755598068,1.544783353805542,0.0012063950301196963,nan,nan,nan,0,0
10,11,0.26560407876968384,0.2656038701534271,0.0691617950797081,5.426424195320578e-06,0.0,4.104077220290492e-07,0.14935937523841858,0.0648793072391545,0.06487930566072464,0.02571975439786911,0.023126905784010887,0.00490988977253437,0.0036365354899317026,0.00981171615421772,0.05365970358252525,1.544783115386963,0.0012048552266504605,nan,nan,nan,0,0
10,12,0.24404485523700714,0.24397774040699005,0.05877422168850899,5.426424195320578e-06,0.0,0.00013423425843939185,0.13841405510902405,0.07887232192869142,0.07887232303619385,0.02964845672249794,0.028065988793969154,0.0045379092916846275,0.004494824446737766,0.012919740751385689,0.06592720746994019,1.5447828769683838,0.001203314917664293,nan,nan,nan,0,0
10,13,0.20659421384334564,0.20658983290195465,0.042027547955513,5.426424195320578e-06,0.0,8.767049621383194e-06,0.14703908562660217,0.1702129356317803,0.17021293938159943,0.06435728818178177,0.06265080720186234,0.011927279643714428,0.009796061553061008,0.028243761509656906,0.14095930755138397,1.5447826385498047,0.0012017741069808273,nan,nan,nan,0,0
10,14,0.2785370945930481,0.2785361111164093,0.0770903006196022,5.426424195320578e-06,0.0,1.9556043753254926e-06,0.14860157668590546,0.029673759935511104,0.029673760756850243,0.01071953121572733,0.007218038663268089,0.0026892907917499542,0.001747522852383554,0.007516712881624699,0.025431014597415924,1.5447824001312256,0.0012002327984209412,nan,nan,nan,0,0
10,15,0.22937045991420746,0.2293056696653366,0.05294160544872284,5.426424195320578e-06,0.0,0.00012956855061929673,0.13861718773841858,0.15743845234850565,0.15743844211101532,0.05509316921234131,0.05318106710910797,0.011565355584025383,0.008984285406768322,0.02905612252652645,0.13365870714187622,1.5447821617126465,0.0011986909958067464,nan,nan,nan,0,0
10,16,0.3053347170352936,0.30531468987464905,0.09287309646606445,5.426424195320578e-06,0.0,4.004492438980378e-05,0.1436719000339508,0.20951230903622617,0.20951230823993683,0.07722781598567963,0.07599620521068573,0.016245193779468536,0.012167931534349918,0.036391329020261765,0.17441202700138092,1.5447819232940674,0.0011971487029615814,nan,nan,nan,0,0
10,17,0.22069790959358215,0.2205354869365692,0.04892783984541893,5.426424195320578e-06,0.0,0.00032484461553394794,0.13197655975818634,0.1666121206433305,0.16661211848258972,0.06504102796316147,0.06196633353829384,0.01181882619857788,0.009520268067717552,0.025563828647136688,0.13713353872299194,1.5447816848754883,0.0011956059237099989,nan,nan,nan,0,0
10,18,0.2424975037574768,0.24244360625743866,0.058452215045690536,5.426424195320578e-06,0.0,0.00010780287266243249,0.1396171897649765,0.04368290260733363,0.04368290305137634,0.017995456233620644,0.01835763081908226,0.005518686026334763,0.0026649937499314547,0.006163876969367266,0.03423164412379265,1.5447814464569092,0.001194062661877758,nan,nan,nan,0,0
10,19,0.2654702663421631,0.26537954807281494,0.06917305290699005,5.426424195320578e-06,0.0,0.00018140702741220593,0.136531263589859,0.09407148564790704,0.09407148510217667,0.03547123819589615,0.030147287994623184,0.004021032247692347,0.005061926785856485,0.01675085350871086,0.07974956929683685,1.54478120803833,0.001192518921291815,nan,nan,nan,0,0
10,20,0.17690466344356537,0.17675180733203888,0.0314076766371727,5.4278971219900995e-06,0.0,0.0003057036083191633,0.13251562416553497,0.3140215081386188,0.314021497964859,0.11947251856327057,0.11716198176145554,0.02735232189297676,0.01827005296945572,0.05211574211716652,0.258478045463562,1.544780969619751,0.0011909747057803127,nan,nan,nan,0,0
10,21,0.34334659576416016,0.3432847261428833,0.11927283555269241,5.426424195320578e-06,0.0,0.00012376558152027428,0.13887500762939453,0.047812696296846396,0.04781269654631615,0.017834067344665527,0.017790066078305244,0.003435478312894702,0.002813714323565364,0.008086167275905609,0.039577871561050415,1.5447807312011719,0.0011894300191725728,nan,nan,nan,0,0
10,22,0.27111154794692993,0.2710754871368408,0.07332191616296768,5.426424195320578e-06,0.0,7.21172327757813e-05,0.1415078192949295,0.07070921009709344,0.07070920616388321,0.025589387863874435,0.025424985215067863,0.00583964679390192,0.004146148916333914,0.012358324602246284,0.05911451205611229,1.5447804927825928,0.0011878848652990836,nan,nan,nan,0,0
10,23,0.31132110953330994,0.31131699681282043,0.09812814742326736,5.426424195320578e-06,0.0,8.22078982309904e-06,0.15286719799041748,0.076459093069516,0.07645909488201141,0.028704173862934113,0.029643265530467033,0.009073392488062382,0.004651726223528385,0.0123749403283,0.06233968213200569,1.5447802543640137,0.0011863392479914939,nan,nan,nan,0,0
10,24,0.223601832985878,0.22358877956867218,0.049207210540771484,5.426424195320578e-06,0.0,2.6105659344466403e-05,0.14489063620567322,0.11621998412223895,0.11621998250484467,0.043682947754859924,0.04442552477121353,0.012432418763637543,0.007048849947750568,0.01967284269630909,0.09504728019237518,1.5447800159454346,0.0011847931710826,nan,nan,nan,0,0
10,25,0.32007336616516113,0.31999078392982483,0.10247048735618591,5.426424195320578e-06,0.0,0.00016516275354661047,0.1371484398841858,0.11483078321560222,0.11483078449964523,0.04266374930739403,0.04378313198685646,0.014652332291007042,0.007009143941104412,0.01900782622396946,0.09393526613712311,1.5447797775268555,0.001183246638406339,nan,nan,nan,0,0
10,26,0.34625205397605896,0.34625113010406494,0.12148208916187286,5.426424195320578e-06,0.0,1.8267282939632423e-06,0.15135157108306885,0.07809351467798394,0.0780935138463974,0.03060588613152504,0.029248226433992386,0.008435677736997604,0.00459235068410635,0.012526440434157848,0.06369659304618835,1.5447795391082764,0.001181699653797778,nan,nan,nan,0,0
10,27,0.2506701350212097,0.25063806772232056,0.06237692013382912,5.426424195320578e-06,0.0,6.41252554487437e-05,0.14199218153953552,0.09109070060089128,0.09109070152044296,0.03529052436351776,0.03480974957346916,0.012033387087285519,0.00548607436940074,0.014359327033162117,0.07388698309659958,1.5447793006896973,0.0011801522210931044,nan,nan,nan,0,0
10,28,0.3323034346103668,0.3322038948535919,0.10870899260044098,5.426424195320578e-06,0.0,0.00019907440582755953,0.1358906328678131,0.007070162901362811,0.007070162799209356,0.004031522199511528,0.002800810383632779,0.0016616523498669267,0.0006242660456337035,0.001908766687847674,0.004369817674160004,1.5447790622711182,0.0011786043441296174,nan,nan,nan,0,0
10,29,0.1709839254617691,0.17096449434757233,0.029079630970954895,5.426424195320578e-06,0.0,3.886746344505809e-05,0.15623438358306885,0.048734672307827055,0.048734672367572784,0.019228214398026466,0.015732448548078537,0.0051254029385745525,0.002558870939537883,0.008133945055305958,0.04072904959321022,1.544778823852539,0.0011770560267457173,nan,nan,nan,0,0
10,30,0.21908798813819885,0.21904249489307404,0.04789046198129654,5.426424195320578e-06,0.0,9.09935261006467e-05,0.15953905880451202,0.19932093321102895,0.1993209272623062,0.07613400369882584,0.06892107427120209,0.018878942355513573,0.011532677337527275,0.03458874300122261,0.16582079231739044,1.54477858543396,0.001175507272780897,nan,nan,nan,0,0
10,31,0.30725210905075073,0.3072519302368164,0.09951537102460861,5.426424195320578e-06,0.0,3.5254103636361833e-07,0.14940625429153442,0.005683529456508959,0.005683529656380415,0.0032821595668792725,0.003501720493659377,0.0011048883898183703,0.0004440077464096248,0.0013236603699624538,0.0024693908635526896,1.5447783470153809,0.0011739580860757315,nan,nan,nan,0,0
10,32,0.2782975733280182,0.2782582640647888,0.07635153084993362,5.426424195320578e-06,0.0,7.862704660510644e-05,0.14113281667232513,0.02447969122874821,0.024479690939188004,0.008142264559864998,0.0094028040766716,0.003844423918053508,0.001637120614759624,0.004759669303894043,0.020110491663217545,1.5447781085968018,0.0011724084704718694,nan,nan,nan,0,0
10,33,0.314751535654068,0.3147508203983307,0.09967061877250671,5.426424195320578e-06,0.0,1.4474971976596862e-06,0.14879688620567322,0.10304438723389273,0.10304438322782516,0.04107348248362541,0.041666656732559204,0.011930540204048157,0.006149740889668465,0.015471289865672588,0.08231334388256073,1.5447778701782227,0.001170858429812023,nan,nan,nan,0,0
10,34,0.15524886548519135,0.15520231425762177,0.023806817829608917,5.426424195320578e-06,0.0,9.309215238317847e-05,0.1403515785932541,0.10522582097366331,0.1052258238196373,0.04006712883710861,0.040931377559900284,0.010977347381412983,0.006385400425642729,0.01697128266096115,0.08568792790174484,1.5447776317596436,0.0011693079679399579,nan,nan,nan,0,0
10,35,0.23025451600551605,0.2302514910697937,0.053178396075963974,5.426424195320578e-06,0.0,6.056160600564908e-06,0.15246093273162842,0.07384741377772129,0.07384741306304932,0.03175864368677139,0.03188079223036766,0.01008753851056099,0.004589938558638096,0.009610523469746113,0.056685589253902435,1.5447773933410645,0.0011677570887004848,nan,nan,nan,0,0
10,36,0.24513836205005646,0.24513684213161469,0.059316061437129974,5.426424195320578e-06,0.0,3.035205736523494e-06,0.14825782179832458,0.03436857698882701,0.03436857834458351,0.0114899268373847,0.012066052295267582,0.0030884083826094866,0.0019165007397532463,0.006295041646808386,0.0291676577180624,1.5447771549224854,0.0011662057959394496,nan,nan,nan,0,0
10,37,0.2742709517478943,0.2742632031440735,0.07486288249492645,5.426424195320578e-06,0.0,1.5504005205002613e-05,0.15393751859664917,0.2243808871837955,0.22438088059425354,0.07604458183050156,0.07781337201595306,0.017602602019906044,0.013152485713362694,0.043781328946352005,0.19002483785152435,1.5447769165039062,0.0011646540935037228,nan,nan,nan,0,0
10,38,0.23778851330280304,0.23778368532657623,0.05658703297376633,5.426424195320578e-06,0.0,9.668155144026969e-06,0.1531093716621399,0.18650683720320832,0.18650683760643005,0.06659473478794098,0.06758304685354233,0.017396342009305954,0.011161048896610737,0.03342703357338905,0.15568527579307556,1.5447766780853271,0.0011631019852411913,nan,nan,nan,0,0
10,39,0.33845585584640503,0.33845552802085876,0.11331292241811752,5.426424195320578e-06,0.0,6.350246053443698e-07,0.1492031216621399,0.06345291385578122,0.06345291435718536,0.02356555312871933,0.024183951318264008,0.006645376328378916,0.003896842710673809,0.011567812412977219,0.05189328268170357,1.544776439666748,0.0011615494750007488,nan,nan,nan,0,0
10,40,0.206264466047287,0.20625820755958557,0.04257723316550255,5.426424195320578e-06,0.0,1.2524914382083807e-05,0.15353906154632568,0.2601124724058153,0.260112464427948,0.09333975613117218,0.09260658174753189,0.024790553376078606,0.015491985715925694,0.04683464393019676,0.2175365537405014,1.544776201248169,0.0011599965666322849,nan,nan,nan,0,0
10,41,0.20161989331245422,0.2015741765499115,0.040826216340065,5.426424195320578e-06,0.0,9.144154319074005e-05,0.14043749868869781,0.07379998828139676,0.0737999901175499,0.027174141258001328,0.027213698253035545,0.0065614646300673485,0.00433430727571249,0.01235077902674675,0.06126204505562782,1.5447759628295898,0.0011584432639866772,nan,nan,nan,0,0
10,42,0.34166020154953003,0.34159523248672485,0.1159791499376297,5.426424195320578e-06,0.0,0.00012992431584279984,0.13860157132148743,0.028903760394507257,0.028903760015964508,0.013971303589642048,0.012325827963650227,0.002830826910212636,0.0016541453078389168,0.0036118365824222565,0.021552467718720436,1.5447757244110107,0.0011568895709157805,nan,nan,nan,0,0
10,43,0.18683603405952454,0.18680207431316376,0.03489210456609726,5.426424195320578e-06,0.0,6.79336953908205e-05,0.15824219584465027,0.04577463228325549,0.04577463120222092,0.014566520228981972,0.01683592051267624,0.00433615455403924,0.0028327666223049164,0.009485682472586632,0.038508184254169464,1.5447754859924316,0.0011553354912724188,nan,nan,nan,0,0
10,44,0.20768402516841888,0.20767909288406372,0.042856365442276,5.426424195320578e-06,0.0,9.863546438282356e-06,0.15314063429832458,0.10482756188529317,0.10482756048440933,0.03979771211743355,0.04025283828377724,0.014072013087570667,0.006449595559388399,0.017696447670459747,0.08504049479961395,1.5447752475738525,0.001153781028910373,nan,nan,nan,0,0
10,45,0.3292970359325409,0.32920706272125244,0.10674098134040833,5.426424195320578e-06,0.0,0.0001799368765205145,0.16341406106948853,0.027951411960215482,0.02795141190290451,0.012125559151172638,0.01227002963423729,0.006214815657585859,0.0018924680771306157,0.004397704731673002,0.02054637297987938,1.5447750091552734,0.0011522261876843742,nan,nan,nan,0,0
10,46,0.22991664707660675,0.22987911105155945,0.05331714451313019,5.426424195320578e-06,0.0,7.506588008254766e-05,0.1586640626192093,0.06419804941600218,0.06419804692268372,0.024482522159814835,0.025625646114349365,0.01039094664156437,0.004179506562650204,0.011613817885518074,0.051039211452007294,1.5447747707366943,0.0011506709714500934,nan,nan,nan,0,0
10,47,0.27879151701927185,0.27879151701927185,0.07643512636423111,5.426424195320578e-06,0.0,2.992326608719509e-09,0.1500547081232071,0.008218650974291206,0.008218650706112385,0.0030659351032227278,0.0019606822170317173,0.00039572303649038076,0.0004369010857772082,0.002245972864329815,0.006993576884269714,1.5447745323181152,0.0011491153840641304,nan,nan,nan,0,0
10,48,0.30572858452796936,0.30572810769081116,0.09205504506826401,5.426424195320578e-06,0.0,9.384560257785779e-07,0.1509687453508377,0.024105436943571694,0.024105437099933624,0.008726730942726135,0.009317094460129738,0.0034727321472018957,0.001564051490277052,0.0045651826076209545,0.019564278423786163,1.5447742938995361,0.001147559429384006,nan,nan,nan,0,0
10,49,0.23230190575122833,0.23229743540287018,0.05383532866835594,5.426424195320578e-06,0.0,8.953158612712286e-06,0.14700782299041748,0.07281245436123551,0.07281245291233063,0.026138998568058014,0.027929890900850296,0.009487702511250973,0.004621058236807585,0.013304798863828182,0.059581365436315536,1.544774055480957,0.001146003111268152,nan,nan,nan,0,0
10,50,0.23732821643352509,0.23726272583007812,0.05679871514439583,5.426424195320578e-06,0.0,0.0001309952058363706,0.16144531965255737,0.026856651548055388,0.02685665152966976,0.007689588237553835,0.008392340503633022,0.0014376689214259386,0.0016119948122650385,0.005989152006804943,0.02347729168832302,1.544773817062378,0.001144446433575901,nan,nan,nan,0,0
10,51,0.21878300607204437,0.21874044835567474,0.04898902773857117,5.426424195320578e-06,0.0,8.512941712979227e-05,0.15922656655311584,0.08586819338962166,0.08586819469928741,0.03113030642271042,0.034124575555324554,0.013514596037566662,0.005645638331770897,0.016282493248581886,0.06899367272853851,1.5447735786437988,0.0011428894001674773,nan,nan,nan,0,0
10,52,0.2222970575094223,0.2222934067249298,0.04897240176796913,5.426424195320578e-06,0.0,7.306832685571862e-06,0.15270312130451202,0.11020567132242826,0.11020567268133163,0.04031955078244209,0.042297959327697754,0.014894286170601845,0.006929832044988871,0.020756196230649948,0.0896092876791954,1.5447733402252197,0.0011413320149039877,nan,nan,nan,0,0
10,53,0.16395710408687592,0.16392287611961365,0.02690344862639904,5.426424195320578e-06,0.0,6.844977178843692e-05,0.15827344357967377,0.051954554723047476,0.05195455625653267,0.022352902218699455,0.020703135058283806,0.008457929827272892,0.003295629983767867,0.007282150909304619,0.04044225811958313,1.5447731018066406,0.0011397742816474112,nan,nan,nan,0,0
10,54,0.355293333530426,0.35527706146240234,0.12566685676574707,5.426424195320578e-06,0.0,3.2525593269383535e-05,0.1557031273841858,0.06383486847354915,0.06383486837148666,0.024705685675144196,0.0241213608533144,0.008528418838977814,0.0039490992203354836,0.011274338699877262,0.051645323634147644,1.5447728633880615,0.00113821620426059,nan,nan,nan,0,0
10,55,0.26590797305107117,0.2657713294029236,0.06940720230340958,5.426424195320578e-06,0.0,0.0002732825232669711,0.13346874713897705,0.033631520551099754,0.033631518483161926,0.011343107558786869,0.012069512158632278,0.0019718315452337265,0.0020464356057345867,0.006572304759174585,0.028380781412124634,1.5447726249694824,0.0011366577866072191,nan,nan,nan,0,0
10,56,0.2111646980047226,0.21108734607696533,0.04514961689710617,5.426424195320578e-06,0.0,0.00015469158824998885,0.13756249845027924,0.05368708392154401,0.05368708446621895,0.022418782114982605,0.021954335272312164,0.009123208932578564,0.0033632765989750624,0.007996478118002415,0.0417039580643177,1.5447723865509033,0.001135099032551838,nan,nan,nan,0,0
10,57,0.2194002866744995,0.2193911224603653,0.04806506633758545,5.426424195320578e-06,0.0,1.8329123122384772e-05,0.1457187533378601,0.04434948344360461,0.04434948414564133,0.017342697829008102,0.016742147505283356,0.004284034948796034,0.002618257189169526,0.006420342717319727,0.03632325679063797,1.5447721481323242,0.00113353994595982,nan,nan,nan,0,0
10,58,0.28623735904693604,0.28618401288986206,0.08106563240289688,5.426424195320578e-06,0.0,0.0001066702461685054,0.13967187702655792,0.03316171816190824,0.033161718398332596,0.01194344088435173,0.011265402659773827,0.0017984822625294328,0.0018662260845303535,0.005505601409822702,0.028162306174635887,1.5447719097137451,0.0011319805306973629,nan,nan,nan,0,0
10,59,0.24349215626716614,0.24345754086971283,0.05904316529631615,5.426424195320578e-06,0.0,6.922766624484211e-05,0.14167968928813934,0.04565177676901583,0.04565177857875824,0.017333533614873886,0.017419766634702682,0.006328242365270853,0.0028161141090095043,0.0077950600534677505,0.03703302517533302,1.544771671295166,0.0011304207906314802,nan,nan,nan,0,0
10,60,0.2558533847332001,0.2557757496833801,0.06599072366952896,5.426424195320578e-06,0.0,0.00015527520736213773,0.1375390589237213,0.06795460096586345,0.06795459985733032,0.026391124352812767,0.02697361260652542,0.00936002004891634,0.004261853639036417,0.010668685659766197,0.054535917937755585,1.544771432876587,0.0011288607296299899,nan,nan,nan,0,0
10,61,0.23031941056251526,0.23031504452228546,0.05260314792394638,5.426424195320578e-06,0.0,8.72104737936752e-06,0.14704686403274536,0.007887534940919524,0.00788753479719162,0.0052330149337649345,0.0028798675630241632,0.0008977354154922068,0.00044061464723199606,0.001247849897481501,0.004896725993603468,1.5447711944580078,0.0011273003515615066,nan,nan,nan,0,0
10,62,0.2985818684101105,0.2985008955001831,0.0885348990559578,5.426424195320578e-06,0.0,0.0001619657123228535,0.13727343082427979,0.062081045346774354,0.062081046402454376,0.02462933026254177,0.02255772054195404,0.007837648503482342,0.0037484331987798214,0.010369541123509407,0.050552889704704285,1.5447709560394287,0.001125739660295431,nan,nan,nan,0,0
10,63,0.2170746773481369,0.21683405339717865,0.04633413255214691,5.4278971219900995e-06,0.0,0.0004812541010323912,0.12806250154972076,0.05867529842433899,0.05867529660463333,0.024858441203832626,0.023338859900832176,0.004481044597923756,0.003413539379835129,0.00853804498910904,0.046642426401376724,1.5447707176208496,0.0011241786597019398,nan,nan,nan,0,0
10,64,0.2986375093460083,0.29861879348754883,0.08806134015321732,5.426424195320578e-06,0.0,3.741988984984346e-05,0.14388282597064972,0.09283810809614722,0.0928381085395813,0.0362110435962677,0.037955690175294876,0.012070929631590843,0.005925330799072981,0.016035644337534904,0.07368230074644089,1.5447704792022705,0.0011226173536519782,nan,nan,nan,0,0
10,65,0.43958038091659546,0.43944910168647766,0.19308610260486603,5.426424195320578e-06,0.0,0.0002625411143526435,0.13379688560962677,0.0337273821487307,0.03372738137841225,0.01308828592300415,0.012041247449815273,0.00197967910207808,0.0019496949389576912,0.0062641846016049385,0.02782590501010418,1.5447702407836914,0.0011210557460172468,nan,nan,nan,0,0
10,66,0.27591848373413086,0.27591028809547424,0.07569245249032974,5.426424195320578e-06,0.0,1.637717468838673e-05,0.14595313370227814,0.10649456519040139,0.10649456083774567,0.03677207976579666,0.037591733038425446,0.010828950442373753,0.006473541725426912,0.02050546184182167,0.08942103385925293,1.5447700023651123,0.0011194938406701963,nan,nan,nan,0,0
10,67,0.23498208820819855,0.2348644882440567,0.05477994307875633,5.426424195320578e-06,0.0,0.00023519081878475845,0.13466407358646393,0.048721319296410395,0.0487213209271431,0.021434012800455093,0.020165035501122475,0.004138053394854069,0.002869232092052698,0.006972948554903269,0.0378648042678833,1.5447697639465332,0.001117931641484014,nan,nan,nan,0,0
10,68,0.2901134788990021,0.29000595211982727,0.08323352783918381,5.426424195320578e-06,0.0,0.00021503491734620184,0.13533593714237213,0.04420244397871101,0.04420244321227074,0.015103654004633427,0.014468897134065628,0.0022770387586206198,0.0025402966421097517,0.008924655616283417,0.0377504862844944,1.544769525527954,0.0011163691523326169,nan,nan,nan,0,0
10,69,0.3057142198085785,0.3057105243206024,0.09334544837474823,5.426424195320578e-06,0.0,7.391583494609222e-06,0.14728125929832458,0.260066039610503,0.26006603240966797,0.09880778938531876,0.09827136248350143,0.02747274562716484,0.015682470053434372,0.042395174503326416,0.21311044692993164,1.544769287109375,0.00111480637709064,nan,nan,nan,0,0
10,70,0.2062525451183319,0.20613518357276917,0.04272512346506119,5.426424195320578e-06,0.0,0.0002347120753256604,0.13467969000339508,0.058612042885567726,0.058612044900655746,0.023125872015953064,0.02341649867594242,0.005104523617774248,0.0035090993624180555,0.008994396775960922,0.04725424945354462,1.544769048690796,0.0011132433196334292,nan,nan,nan,0,0
10,71,0.21765753626823425,0.2176545262336731,0.04727669060230255,5.426424195320578e-06,0.0,6.017790838086512e-06,0.1475468873977661,0.016107795477559857,0.016107795760035515,0.007906540296971798,0.0037773444782942533,0.0012261361116543412,0.0009359304094687104,0.004341295454651117,0.012706421315670013,1.5447688102722168,0.0011116799838370287,nan,nan,nan,0,0
10,72,0.23694711923599243,0.23694710433483124,0.056137558072805405,5.426424195320578e-06,0.0,4.126286512473598e-08,0.150203138589859,0.07731998546520331,0.07731998711824417,0.029871158301830292,0.02876344323158264,0.0081598786637187,0.0045107281766831875,0.012272206135094166,0.0634130984544754,1.5447685718536377,0.0011101163735781738,nan,nan,nan,0,0
10,73,0.22398829460144043,0.2239832580089569,0.05167560279369354,5.426424195320578e-06,0.0,1.0060797649202868e-05,0.14682812988758087,0.0037945998857837203,0.003794600022956729,0.0020288974046707153,0.0015175935113802552,0.00102151685860008,0.0002978480770252645,0.001140957698225975,0.0023548840545117855,1.5447683334350586,0.0011085524927342805,nan,nan,nan,0,0
10,74,0.2066454142332077,0.20664525032043457,0.0425267331302166,5.426424195320578e-06,0.0,3.163939084060985e-07,0.15056249499320984,0.04577936545150145,0.04577936604619026,0.016674727201461792,0.016370071098208427,0.00466498639434576,0.002681659534573555,0.007608900312334299,0.03824755921959877,1.5447680950164795,0.0011069883451834352,nan,nan,nan,0,0
10,75,0.27051442861557007,0.270488440990448,0.07225095480680466,5.426424195320578e-06,0.0,5.19976565556135e-05,0.1427890658378601,0.020356499852016565,0.020356498658657074,0.012360947206616402,0.009465833194553852,0.0027725643012672663,0.001177009311504662,0.002199670998379588,0.012573028914630413,1.5447678565979004,0.001105423934804386,nan,nan,nan,0,0
10,76,0.3682478070259094,0.36823365092277527,0.13868525624275208,5.426424195320578e-06,0.0,2.8305705200182274e-05,0.1446796953678131,0.006774987133026127,0.00677498709410429,0.003887707833200693,0.0019464100478217006,0.0011013823095709085,0.0006534936837852001,0.002680133795365691,0.004263150505721569,1.5447676181793213,0.001103859265476533,nan,nan,nan,0,0
10,77,0.3569034934043884,0.3568947911262512,0.1260945349931717,5.426424195320578e-06,0.0,1.7404567188350484e-05,0.14582812786102295,0.15979572805531678,0.15979573130607605,0.05659221112728119,0.06219825893640518,0.01942378282546997,0.009925871156156063,0.02913273125886917,0.13091543316841125,1.5447673797607422,0.0011022943410799175,nan,nan,nan,0,0
10,78,0.2157948762178421,0.2157842516899109,0.04638867452740669,5.426424195320578e-06,0.0,2.124634920619428e-05,0.14539062976837158,0.005610250583043788,0.005610250867903233,0.003569289343431592,0.0032502273097634315,0.0007717341068200767,0.0004128910368308425,0.0009396874811500311,0.0025538289919495583,1.544767141342163,0.0011007291654952153,nan,nan,nan,0,0
10,79,0.2562296688556671,0.2561759352684021,0.06645594537258148,5.426424195320578e-06,0.0,0.00010747852502390742,0.1603671908378601,0.16236954204249085,0.16236954927444458,0.058461494743824005,0.061285339295864105,0.019653448835015297,0.009883604943752289,0.03034062497317791,0.13336315751075745,1.544766902923584,0.0010991637426037224,nan,nan,nan,0,0
10,80,0.22538527846336365,0.2253687083721161,0.05029518902301788,5.426424195320578e-06,0.0,3.315236244816333e-05,0.14424219727516174,0.05717561361300657,0.057175613939762115,0.02263437770307064,0.0230389554053545,0.006695935502648354,0.003451076801866293,0.008517967537045479,0.045789092779159546,1.5447666645050049,0.0010975980762873503,nan,nan,nan,0,0
10,81,0.22773325443267822,0.22764192521572113,0.05194522812962532,5.426424195320578e-06,0.0,0.00018267202540300786,0.1635156273841858,0.10393852364067611,0.103938527405262,0.03886949270963669,0.036756355315446854,0.011727526783943176,0.006190442945808172,0.019922355189919472,0.08584050834178925,1.5447664260864258,0.001096032170428613,nan,nan,nan,0,0
10,82,0.21065355837345123,0.21064527332782745,0.0447271354496479,5.426424195320578e-06,0.0,1.656743734201882e-05,0.15407031774520874,0.06412013687781426,0.06412013620138168,0.021701311692595482,0.024697860702872276,0.00675278389826417,0.003945645410567522,0.012248662300407887,0.05309673026204109,1.5447661876678467,0.0010944660289106188,nan,nan,nan,0,0
10,83,0.2510632574558258,0.25105908513069153,0.06263480335474014,5.426424195320578e-06,0.0,8.355664249393158e-06,0.14710938930511475,0.04088866391494566,0.04088866338133812,0.014657547697424889,0.015829233452677727,0.004208654165267944,0.0024454081431031227,0.0077339159324765205,0.0335107184946537,1.5447659492492676,0.001092899655617061,nan,nan,nan,0,0
10,84,0.24157661199569702,0.24153397977352142,0.05820153281092644,5.426424195320578e-06,0.0,8.527356840204448e-05,0.15923437476158142,0.06697461610488276,0.06697461754083633,0.024127790704369545,0.024761853739619255,0.008051670156419277,0.004111526999622583,0.013161584734916687,0.055093903094530106,1.5447657108306885,0.0010913330544322058,nan,nan,nan,0,0
10,85,0.22750535607337952,0.22750455141067505,0.051267318427562714,5.426424195320578e-06,0.0,1.6216451967920875e-06,0.1512734442949295,0.17937992369979391,0.1793799251317978,0.0671176016330719,0.06979984790086746,0.021745525300502777,0.011022297665476799,0.030369862914085388,0.1458892673254013,1.5447654724121094,0.0010897662292408865,nan,nan,nan,0,0
10,86,0.3708633482456207,0.37079918384552,0.13676229119300842,5.426424195320578e-06,0.0,0.00012832620996050537,0.16132812201976776,0.048325572375752864,0.04832557216286659,0.019666556268930435,0.020877957344055176,0.007343067321926355,0.003061432158574462,0.008229420520365238,0.03717098385095596,1.5447652339935303,0.0010881991839284916,nan,nan,nan,0,0
10,87,0.26975545287132263,0.2697056233882904,0.07276599109172821,5.426424195320578e-06,0.0,9.968742961063981e-05,0.1400156468153,0.12267254503256819,0.12267254292964935,0.04739532247185707,0.04636934772133827,0.010728433728218079,0.007254000753164291,0.019644999876618385,0.10049116611480713,1.5447649955749512,0.0010866319223809542,nan,nan,nan,0,0
10,88,0.329961359500885,0.32996028661727905,0.10775887221097946,5.426424195320578e-06,0.0,2.1572202513198135e-06,0.1485312581062317,0.2245581225840881,0.22455811500549316,0.08287261426448822,0.07881790399551392,0.01754501461982727,0.01305767334997654,0.04015008732676506,0.187765434384346,1.544764757156372,0.0010850644484847447,nan,nan,nan,0,0
10,89,0.3609999120235443,0.36097508668899536,0.12825354933738708,5.426424195320578e-06,0.0,4.9658494390314445e-05,0.14295312762260437,0.010278001256267499,0.010278001427650452,0.004418195690959692,0.0024507828056812286,0.0016302912263199687,0.0005629878723993897,0.0030949183274060488,0.008219318464398384,1.544764518737793,0.0010834967661268603,nan,nan,nan,0,0
10,90,0.2694300413131714,0.2692902684211731,0.0718069076538086,5.426424195320578e-06,0.0,0.0002795169421005994,0.13328124582767487,0.08968563044398833,0.08968563377857208,0.035407811403274536,0.035569384694099426,0.011144086718559265,0.0053835962899029255,0.012308361008763313,0.07224921137094498,1.5447642803192139,0.0010819288791948138,nan,nan,nan,0,0
10,91,0.20359183847904205,0.20359092950820923,0.041509028524160385,5.426424195320578e-06,0.0,1.8056827002510545e-06,0.15134376287460327,0.022341184037076047,0.022341184318065643,0.007684784475713968,0.008900178596377373,0.00224121636711061,0.001500145299360156,0.0032860953360795975,0.018514521420001984,1.5447640419006348,0.0010803607915766268,nan,nan,nan,0,0
10,92,0.20043785870075226,0.20040005445480347,0.0400802418589592,5.438370862975717e-06,0.0,7.560857920907438e-05,0.14130468666553497,0.09368860238384628,0.09368859976530075,0.03669598326086998,0.03470123931765556,0.006375215947628021,0.005400379188358784,0.015442794188857079,0.07693175971508026,1.5447638034820557,0.0010787925071608175,nan,nan,nan,0,0
10,93,0.24825528264045715,0.2482055127620697,0.060363736003637314,5.426424195320578e-06,0.0,9.953186236089095e-05,0.14002344012260437,0.0714954260125595,0.0714954286813736,0.02863251231610775,0.027618389576673508,0.0046415482647717,0.004173344932496548,0.012030096724629402,0.05783870443701744,1.5447635650634766,0.001077224029836393,nan,nan,nan,0,0
10,94,0.27134713530540466,0.2712540924549103,0.07303415238857269,5.426424195320578e-06,0.0,0.0001860667107393965,0.13635937869548798,0.04007710468880274,0.04007710516452789,0.01676149293780327,0.013871491886675358,0.00473531149327755,0.002354046795517206,0.00644407793879509,0.032608550041913986,1.5447633266448975,0.001075655363492838,nan,nan,nan,0,0
10,95,0.22083911299705505,0.22070221602916718,0.04786497727036476,5.426424195320578e-06,0.0,0.00027379958191886544,0.1334531158208847,0.09968906984041345,0.0996890738606453,0.04012003168463707,0.036454543471336365,0.009320829063653946,0.00583928357809782,0.016213765367865562,0.08133571594953537,1.5447630882263184,0.0010740865120201061,nan,nan,nan,0,0
10,96,0.25872868299484253,0.2584206461906433,0.06605774164199829,5.426424195320578e-06,0.0,0.0006160479388199747,0.1251796931028366,0.05590750109005707,0.05590750277042389,0.02564132958650589,0.02189427614212036,0.003487285925075412,0.003217776073142886,0.007252558134496212,0.043745819479227066,1.5447628498077393,0.0010725174793086102,nan,nan,nan,0,0
10,97,0.31083446741104126,0.31056907773017883,0.09646641463041306,5.426424195320578e-06,0.0,0.0005307981627993286,0.12696094810962677,0.16816881870182518,0.1681688129901886,0.06607428193092346,0.06191936880350113,0.01441876869648695,0.009928658604621887,0.026970479637384415,0.13801103830337524,1.5447626113891602,0.0010709482692492127,nan,nan,nan,0,0
10,98,0.227696031332016,0.22746875882148743,0.05232870206236839,5.426424195320578e-06,0.0,0.00045455576037056744,0.12867969274520874,0.07805322441322331,0.07805322110652924,0.029908157885074615,0.028707878664135933,0.004285371396690607,0.004722843412309885,0.012721034698188305,0.06458460539579391,1.544762372970581,0.0010693788857332152,nan,nan,nan,0,0
10,99,0.18618589639663696,0.18615230917930603,0.03649028018116951,5.426424195320578e-06,0.0,6.716312054777518e-05,0.14180469512939453,0.015668879092565584,0.015668878331780434,0.0063611967489123344,0.005141391418874264,0.0017039646627381444,0.0008956273668445647,0.003564231563359499,0.012735998257994652,1.544762134552002,0.0010678093326523504,nan,nan,nan,0,0
10,100,0.36300134658813477,0.36289891600608826,0.13530588150024414,5.426424195320578e-06,0.0,0.00020484781998675317,0.13568750023841858,0.03194735782449229,0.03194735571742058,0.012211930006742477,0.010707665234804153,0.002332542557269335,0.0017994468798860908,0.006608166266232729,0.026542451232671738,1.5447618961334229,0.0010662396138987704,nan,nan,nan,0,0
10,101,0.2591683864593506,0.25916826725006104,0.06695561110973358,5.426424195320578e-06,0.0,2.5000846903822094e-07,0.14949999749660492,0.024190943418949677,0.02419094368815422,0.010831402614712715,0.0074527994729578495,0.0014054864877834916,0.001198044279590249,0.002608077833428979,0.020053066313266754,1.5447616577148438,0.0010646697333650391,nan,nan,nan,0,0
10,102,0.22620081901550293,0.22599484026432037,0.05084305629134178,5.426424195320578e-06,0.0,0.00041196300298906863,0.12970313429832458,0.04813192420355363,0.048131924122571945,0.021988077089190483,0.019089600071310997,0.0033731330186128616,0.002934037009254098,0.007139419671148062,0.03738764300942421,1.5447614192962646,0.0010630996949441208,nan,nan,nan,0,0
10,103,0.2848425507545471,0.28480851650238037,0.07975253462791443,5.426424195320578e-06,0.0,6.806246528867632e-05,0.1417500078678131,0.24666873987615312,0.246668741106987,0.09875456243753433,0.09397166967391968,0.01731356792151928,0.014360275119543076,0.04013798385858536,0.2003629058599472,1.5447611808776855,0.001061529502529372,nan,nan,nan,0,0
10,104,0.4517688751220703,0.4515668451786041,0.20898860692977905,5.426424195320578e-06,0.0,0.00040407280903309584,0.12989844381809235,0.0840445418794489,0.08404453843832016,0.03050409071147442,0.030253686010837555,0.004364419262856245,0.0049822344444692135,0.01523392740637064,0.07029762864112854,1.5447609424591064,0.0010599591600145303,nan,nan,nan,0,0
10,105,0.23526056110858917,0.23499785363674164,0.054783545434474945,5.426424195320578e-06,0.0,0.0005254123825579882,0.1270781308412552,0.06519825581212865,0.06519825756549835,0.026717495173215866,0.024466341361403465,0.0037568197585642338,0.0038219266571104527,0.009510647505521774,0.053096260875463486,1.5447607040405273,0.0010583886712937063,nan,nan,nan,0,0
10,106,0.2045993059873581,0.20458126068115234,0.04184062406420708,5.426424195320578e-06,0.0,3.609390478231944e-05,0.14399218559265137,0.008562938656924353,0.008562939241528511,0.005602734629064798,0.0034172090236097574,0.001663362723775208,0.0007005523657426238,0.002114109694957733,0.0047464678063988686,1.5447604656219482,0.001056818040261373,nan,nan,nan,0,0
10,107,0.2521074712276459,0.25209441781044006,0.0632052794098854,5.426424195320578e-06,0.0,2.6105659344466403e-05,0.14489063620567322,0.07748610873045457,0.07748611271381378,0.02876531332731247,0.024433458223938942,0.0035943854600191116,0.004487429279834032,0.014667279087007046,0.06581393629312515,1.5447602272033691,0.0010552472708123557,nan,nan,nan,0,0
10,108,0.2638580799102783,0.2638227343559265,0.06844649463891983,5.426424195320578e-06,0.0,7.066506805131212e-05,0.14159375429153442,0.040999151970199876,0.0409991517663002,0.017617126926779747,0.018615730106830597,0.0032391620334237814,0.0027701323851943016,0.006805262062698603,0.030976515263319016,1.54475998878479,0.0010536763668418238,nan,nan,nan,0,0
10,109,0.266862690448761,0.26665717363357544,0.07083045691251755,5.426424195320578e-06,0.0,0.0004110120644327253,0.1297265738248825,0.16200495839397677,0.16200494766235352,0.06421472877264023,0.06109990179538727,0.011430594138801098,0.00927829835563898,0.025345101952552795,0.13239999115467072,1.544759750366211,0.0010521053322452797,nan,nan,nan,0,0
10,110,0.20517194271087646,0.20513680577278137,0.04182681068778038,5.426424195320578e-06,0.0,7.02715406077914e-05,0.14161719381809235,0.09864072550166691,0.09864072501659393,0.04361305385828018,0.04293698072433472,0.007097349036484957,0.005962614435702562,0.01658451370894909,0.07498892396688461,1.5447595119476318,0.0010505341709185492,nan,nan,nan,0,0
10,111,0.2105887234210968,0.21053770184516907,0.04466020688414574,5.426424195320578e-06,0.0,0.00010204174759564921,0.13989843428134918,0.051740427724486414,0.05174042657017708,0.019318150356411934,0.020123593509197235,0.004632289987057447,0.0029299648012965918,0.007569574750959873,0.04256266728043556,1.5447592735290527,0.001048962886757774,nan,nan,nan,0,0
10,112,0.2935393154621124,0.29353928565979004,0.08869170397520065,5.426424195320578e-06,0.0,4.1256811300627305e-08,0.14979688823223114,0.05055914170449151,0.0505591444671154,0.024116842076182365,0.018417535349726677,0.0036699597258120775,0.0027296035550534725,0.004730019252747297,0.039901211857795715,1.5447590351104736,0.001047391483659399,nan,nan,nan,0,0
10,113,0.2671992778778076,0.2671745717525482,0.07125969976186752,5.426424195320578e-06,0.0,4.943864405504428e-05,0.14296874403953552,0.0660219819104506,0.06602197885513306,0.022567734122276306,0.02070699632167816,0.0026644596364349127,0.0037096873857080936,0.014302081428468227,0.05652794986963272,1.5447587966918945,0.0010458199655201646,nan,nan,nan,0,0
10,114,0.3353448212146759,0.3353436589241028,0.11267130821943283,5.426424195320578e-06,0.0,2.32085449169972e-06,0.14847657084465027,0.2118313713615564,0.21183137595653534,0.07698419690132141,0.07517166435718536,0.011984691023826599,0.012044592760503292,0.04078982397913933,0.17703860998153687,1.5447585582733154,0.0010442483362370963,nan,nan,nan,0,0
10,115,0.19372868537902832,0.19356569647789001,0.03735819831490517,5.426424195320578e-06,0.0,0.0003259714285377413,0.13194532692432404,0.14560352565966303,0.14560352265834808,0.05896129459142685,0.05713583528995514,0.009942264296114445,0.008826718665659428,0.02397778443992138,0.11708012223243713,1.5447583198547363,0.0010426765997074952,nan,nan,nan,0,0
10,116,0.3487866520881653,0.3487793207168579,0.12248246371746063,5.426424195320578e-06,0.0,1.4654527149104979e-05,0.14617188274860382,0.10781950378569961,0.10781950503587723,0.0367266908288002,0.03526041656732559,0.005041525699198246,0.005905356723815203,0.022115172818303108,0.09210606664419174,1.5447580814361572,0.0010411047598289287,nan,nan,nan,0,0
10,117,0.3336169123649597,0.33358314633369446,0.10894528031349182,5.426424195320578e-06,0.0,6.754785863449797e-05,0.1417812556028366,0.033751515698303355,0.03375151380896568,0.012119694612920284,0.012344282120466232,0.0027697542682290077,0.0019249338656663895,0.007302595768123865,0.027842264622449875,1.5447578430175781,0.0010395328204992195,nan,nan,nan,0,0
10,118,0.3821939527988434,0.3821896016597748,0.14890338480472565,5.426424195320578e-06,0.0,8.720959158381447e-06,0.14704687893390656,0.26608139783223234,0.26608139276504517,0.10116896033287048,0.09213623404502869,0.014798308722674847,0.01478197705000639,0.0522550605237484,0.22114922106266022,1.544757604598999,0.0010379607856164383,nan,nan,nan,0,0
10,119,0.17413651943206787,0.17409279942512512,0.03145526722073555,5.426424195320578e-06,0.0,8.745151717448607e-05,0.14064845442771912,0.16353110707061744,0.1635311096906662,0.05862560123205185,0.06260069459676743,0.010587268508970737,0.009775604121387005,0.03131173178553581,0.1349019557237625,1.54475736618042,0.0010363886590788922,nan,nan,nan,0,0
10,120,0.3074239194393158,0.30741560459136963,0.09511388838291168,5.426424195320578e-06,0.0,1.6631061953376047e-05,0.14592188596725464,0.2210113569642201,0.22101135551929474,0.08017901331186295,0.08283278346061707,0.013365354388952255,0.013103007338941097,0.04324111342430115,0.18258138000965118,1.5447571277618408,0.0010348164447851148,nan,nan,nan,0,0
10,121,0.2896588146686554,0.28964129090309143,0.08486678451299667,5.426424195320578e-06,0.0,3.5068551369477063e-05,0.14407813549041748,0.45368351943451923,0.4536834955215454,0.161973774433136,0.1720801740884781,0.02716168388724327,0.027096372097730637,0.08748100697994232,0.3753088712692261,1.5447568893432617,0.0010332441466338583,nan,nan,nan,0,0
10,122,0.2709810137748718,0.2709713280200958,0.07187167555093765,5.426424195320578e-06,0.0,1.934623287525028e-05,0.15439844131469727,0.042197404570771174,0.04219740629196167,0.016787949949502945,0.018100252375006676,0.0027799142990261316,0.002503402065485716,0.007588328327983618,0.033160049468278885,1.5447566509246826,0.0010316717685240825,nan,nan,nan,0,0
10,123,0.37020403146743774,0.37020134925842285,0.13551995158195496,5.426424195320578e-06,0.0,5.347639216779498e-06,0.14768750965595245,0.1266719965147401,0.12667199969291687,0.044840771704912186,0.047799088060855865,0.009286100044846535,0.007531255949288607,0.02397048845887184,0.10503719002008438,1.5447564125061035,0.0010300993143549455,nan,nan,nan,0,0
10,124,0.29534468054771423,0.29523301124572754,0.09028466045856476,5.426424195320578e-06,0.0,0.00022336239635478705,0.13505469262599945,0.15236944722910264,0.1523694545030594,0.05922909453511238,0.05944894254207611,0.010001186281442642,0.008962485939264297,0.0250545721501112,0.12396009266376495,1.5447561740875244,0.001028526788025794,nan,nan,nan,0,0
10,125,0.22636449337005615,0.22636447846889496,0.05138115584850311,5.426424195320578e-06,0.0,4.449603707712413e-08,0.15021094679832458,0.12420527817815936,0.12420527637004852,0.04576466232538223,0.045365482568740845,0.007792805787175894,0.007121019531041384,0.0222078338265419,0.10329518467187881,1.5447559356689453,0.0010269541934361537,nan,nan,nan,0,0
10,126,0.2308785617351532,0.23083847761154175,0.05652382969856262,5.426424195320578e-06,0.0,8.015843195607886e-05,0.14104688167572021,0.21573475335541795,0.21573475003242493,0.08034209907054901,0.08356433361768723,0.014651636593043804,0.012832851149141788,0.036729902029037476,0.17713044583797455,1.5447556972503662,0.0010253815344857195,nan,nan,nan,0,0
10,127,0.24256892502307892,0.24256733059883118,0.058396462351083755,5.426424195320578e-06,0.0,3.2007471872930182e-06,0.15178906917572021,0.19444363938726614,0.19444364309310913,0.07266843318939209,0.07268793880939484,0.013142812997102737,0.01127991359680891,0.03439447656273842,0.16050277650356293,1.544755458831787,0.0010238088150743459,nan,nan,nan,0,0
10,128,0.30317264795303345,0.303148090839386,0.09184316545724869,5.426424195320578e-06,0.0,4.91093669552356e-05,0.14299219846725464,0.015593115718007306,0.015593116171658039,0.0054839481599628925,0.005126993637531996,0.0017851658631116152,0.001053178682923317,0.0035963701084256172,0.01302135270088911,1.544755220413208,0.0010222360391020373,nan,nan,nan,0,0
10,129,0.2365729808807373,0.23656228184700012,0.055933818221092224,5.426424195320578e-06,0.0,2.1390556867117994e-05,0.15462499856948853,0.21725918605457528,0.21725918352603912,0.07761227339506149,0.07714609801769257,0.014411618001759052,0.012427897192537785,0.041049204766750336,0.18215154111385345,1.544754981994629,0.0010206632104689387,nan,nan,nan,0,0
10,130,0.24245671927928925,0.242456316947937,0.05835500359535217,5.426424195320578e-06,0.0,8.072134960457333e-07,0.14910155534744263,0.07125578587642349,0.07125578820705414,0.02934432215988636,0.026427138596773148,0.005776471924036741,0.003960354719310999,0.00972615834325552,0.05808832868933678,1.5447547435760498,0.0010190903330753245,nan,nan,nan,0,0
10,131,0.2781618535518646,0.278096079826355,0.07675658911466599,5.426424195320578e-06,0.0,0.00013153230247553438,0.13853125274181366,0.14785984708177133,0.1478598415851593,0.055036600679159164,0.05688270181417465,0.009811311960220337,0.008850634098052979,0.02746482379734516,0.12111545354127884,1.5447545051574707,0.0010175174108215924,nan,nan,nan,0,0
10,132,0.26898178458213806,0.268961101770401,0.07345820218324661,5.426424195320578e-06,0.0,4.1340877942275256e-05,0.14357031881809235,0.5888884208453595,0.58888840675354,0.22036291658878326,0.21802261471748352,0.04128352180123329,0.03491580858826637,0.10446447134017944,0.486682265996933,1.5447542667388916,0.0010159444476082486,nan,nan,nan,0,0
10,133,0.3225384056568146,0.3225358724594116,0.10294631123542786,5.426424195320578e-06,0.0,5.062570835434599e-06,0.14774999022483826,0.0814828569085221,0.08148285746574402,0.028651004657149315,0.026062745600938797,0.004404658917337656,0.004542894661426544,0.016360364854335785,0.06950977444648743,1.5447540283203125,0.0010143714473359025,nan,nan,nan,0,0
10,134,0.21934647858142853,0.21932610869407654,0.04778321832418442,5.426424195320578e-06,0.0,4.07402403652668e-05,0.1436171978712082,0.03488268052578399,0.03488267958164215,0.012007206678390503,0.014207448810338974,0.004629067145287991,0.0021330558229237795,0.005398022010922432,0.028559761121869087,1.5447537899017334,0.0010127984139052554,nan,nan,nan,0,0
10,135,0.20633333921432495,0.206332728266716,0.0428481288254261,5.426424195320578e-06,0.0,1.2134528333263006e-06,0.15110157430171967,0.10578042174359813,0.10578042268753052,0.03811873495578766,0.040598489344120026,0.007964380085468292,0.00639305030927062,0.019025232642889023,0.08730383962392807,1.5447535514831543,0.0010112253512170896,nan,nan,nan,0,0
10,136,0.43296006321907043,0.4329373836517334,0.1818813681602478,5.426424195320578e-06,0.0,4.5351956941885874e-05,0.1567343920469284,0.00876857828266365,0.008768578059971333,0.0036518857814371586,0.002453228924423456,0.001563375350087881,0.0005150291253812611,0.0024823849089443684,0.006975796073675156,1.5447533130645752,0.001009652263172262,nan,nan,nan,0,0
10,137,0.255145400762558,0.2551437020301819,0.06459817290306091,5.426424195320578e-06,0.0,3.3993608212767867e-06,0.15184374153614044,0.09108855672667632,0.09108855575323105,0.032023243606090546,0.03553355112671852,0.007920585572719574,0.005497585982084274,0.01447683572769165,0.07554115355014801,1.544753074645996,0.00100807915367169,nan,nan,nan,0,0
10,138,0.3139927387237549,0.3139877915382385,0.09818809479475021,5.426424195320578e-06,0.0,9.912652785715181e-06,0.1468515694141388,0.09172454312048685,0.09172453731298447,0.0342949740588665,0.03544408455491066,0.006015021353960037,0.005640598013997078,0.018331969156861305,0.0746786817908287,1.544752836227417,0.0010065060266163462,nan,nan,nan,0,0
10,139,0.20317693054676056,0.20317693054676056,0.041346512734889984,5.426424195320578e-06,0.0,3.905683776395108e-09,0.14993751049041748,0.28149681269011395,0.2814968228340149,0.1050305962562561,0.10611461848020554,0.019929273054003716,0.016433117911219597,0.05136923864483833,0.23160892724990845,1.544752597808838,0.0010049328859072456,nan,nan,nan,0,0
10,140,0.21139158308506012,0.21136948466300964,0.04499580338597298,5.426424195320578e-06,0.0,4.420170444063842e-05,0.14335156977176666,0.08105160859912536,0.08105161041021347,0.031386662274599075,0.03208528831601143,0.007603008765727282,0.005029091611504555,0.014265592209994793,0.06533123552799225,1.5447523593902588,0.0010033597354454373,nan,nan,nan,0,0
10,141,0.3331814706325531,0.3331613540649414,0.11454098671674728,5.426424195320578e-06,0.0,4.024319059681147e-05,0.14365625381469727,0.020807471648572846,0.020807472988963127,0.008614764548838139,0.008738227188587189,0.001380719942972064,0.0012984465574845672,0.003409662516787648,0.016345089301466942,1.5447521209716797,0.0010017865791319947,nan,nan,nan,0,0
10,142,0.23447665572166443,0.23447297513484955,0.05512988194823265,5.426424195320578e-06,0.0,7.349187399086077e-06,0.14728906750679016,0.042817755673358944,0.04281775653362274,0.017320742830634117,0.017658846452832222,0.0034860926680266857,0.0024540177546441555,0.005543336737900972,0.034243445843458176,1.5447518825531006,0.0010002134208680058,nan,nan,nan,0,0
10,143,0.23534993827342987,0.23534958064556122,0.05464131385087967,5.426424195320578e-06,0.0,7.119114684428496e-07,0.14915625751018524,0.08353387758480348,0.083533875644207,0.0332879014313221,0.032246239483356476,0.006051993928849697,0.004829961806535721,0.013383856043219566,0.06775633990764618,1.5447516441345215,0.0009986402645545632,nan,nan,nan,0,0
10,144,0.2912365198135376,0.2912351191043854,0.08605954051017761,5.426424195320578e-06,0.0,2.8213542009325465e-06,0.14832031726837158,0.09817380901999745,0.09817381203174591,0.03462853655219078,0.03461179509758949,0.006507319398224354,0.005677394103258848,0.019477730616927147,0.0823834016919136,1.5447514057159424,0.0009970671140927551,nan,nan,nan,0,0
10,145,0.1850714534521103,0.1850430965423584,0.03396352380514145,5.426424195320578e-06,0.0,5.671980761690065e-05,0.14246875047683716,0.04435201933771989,0.04435201734304428,0.015163780190050602,0.01570085622370243,0.0022755598183721304,0.0025395634584128857,0.008495439775288105,0.03750792518258095,1.5447511672973633,0.0009954939733836541,nan,nan,nan,0,0
10,146,0.23262012004852295,0.23257580399513245,0.054333943873643875,5.426424195320578e-06,0.0,8.862456161295995e-05,0.14058594405651093,0.09895620184492564,0.09895619750022888,0.037524230778217316,0.039886102080345154,0.009798034094274044,0.006076361984014511,0.01599041186273098,0.08002964407205582,1.5447509288787842,0.0009939208463283103,nan,nan,nan,0,0
10,147,0.3373503088951111,0.33731961250305176,0.11327317357063293,5.426424195320578e-06,0.0,6.140171171864495e-05,0.1578359305858612,0.006573755956064536,0.006573755759745836,0.0036840292159467936,0.0029783560894429684,0.0008265931392088532,0.0004153147747274488,0.0020600378047674894,0.003958799410611391,1.544750690460205,0.0009923477368277388,nan,nan,nan,0,0
10,148,0.21054047346115112,0.21052142977714539,0.04668679088354111,5.426424195320578e-06,0.0,3.809194458881393e-05,0.15617187321186066,0.06981645582959448,0.069816455245018,0.023913828656077385,0.02572011575102806,0.0043000830337405205,0.004249020479619503,0.013895909301936626,0.058406341820955276,1.544750452041626,0.0009907746487829107,nan,nan,nan,0,0
10,149,0.3001306653022766,0.300111323595047,0.09133712947368622,5.426424195320578e-06,0.0,3.8672806113027036e-05,0.14378125965595245,0.19536257273549523,0.19536256790161133,0.0714283287525177,0.07482493668794632,0.013749070465564728,0.011616289615631104,0.035905804485082626,0.16078729927539825,1.5447502136230469,0.000989201586094745,nan,nan,nan,0,0
10,150,0.3312097191810608,0.33119848370552063,0.1092151626944542,5.426424195320578e-06,0.0,2.2488367903861217e-05,0.14525781571865082,0.00964763872750562,0.009647638536989689,0.004760179203003645,0.00463143503293395,0.0027825720608234406,0.0008998014964163303,0.0033545061014592648,0.0054002199321985245,1.5447499752044678,0.000987628552664098,nan,nan,nan,0,0
10,151,0.3009377717971802,0.3008837103843689,0.0903598889708519,5.426424195320578e-06,0.0,0.00010812770779011771,0.13960155844688416,0.0647184433588091,0.06471844017505646,0.032492417842149734,0.030993536114692688,0.006021607201546431,0.003921328112483025,0.01123738568276167,0.04465652257204056,1.5447497367858887,0.000986055552391752,nan,nan,nan,0,0
10,152,0.2796102464199066,0.2796081602573395,0.07825180143117905,5.426424195320578e-06,0.0,4.157765488344012e-06,0.1520390659570694,0.014986030824826798,0.01498603168874979,0.007466047070920467,0.005246852990239859,0.001487251603975892,0.0006251429440453649,0.0014003908727318048,0.011693843640387058,1.5447494983673096,0.000984482589178408,nan,nan,nan,0,0
10,153,0.3969930112361908,0.3969530165195465,0.15767960250377655,5.426424195320578e-06,0.0,8.001868263818324e-05,0.1410546898841858,0.05945689002003842,0.05945688858628273,0.020952576771378517,0.019932890310883522,0.0028645298443734646,0.003287733066827059,0.010957962833344936,0.05059347301721573,1.5447492599487305,0.0009829096669246756,nan,nan,nan,0,0
10,154,0.25697147846221924,0.25696250796318054,0.06634551286697388,5.426424195320578e-06,0.0,1.7929920431924984e-05,0.14576563239097595,0.020606442562939708,0.020606443285942078,0.007953221909701824,0.005929014179855585,0.0020002168603241444,0.001181520870886743,0.006777031347155571,0.01657991297543049,1.5447490215301514,0.000981336789531062,nan,nan,nan,0,0
10,155,0.3188305199146271,0.3188258409500122,0.10144554823637009,5.426424195320578e-06,0.0,9.331150977232028e-06,0.1469453126192093,0.10923500562306249,0.1092350035905838,0.03564615547657013,0.03899083286523819,0.006047118920832872,0.006663753185421228,0.02270110510289669,0.09243938326835632,1.5447487831115723,0.0009797639608979632,nan,nan,nan,0,0
10,156,0.2473771572113037,0.24737368524074554,0.06066509708762169,5.426424195320578e-06,0.0,6.93169704391039e-06,0.1473671942949295,0.09925948877958052,0.09925948828458786,0.03877149149775505,0.03637963533401489,0.006242436356842518,0.005566033069044352,0.01636330410838127,0.08178039640188217,1.5447485446929932,0.0009781911849256544,nan,nan,nan,0,0
10,157,0.2664153575897217,0.26632124185562134,0.07287426292896271,5.426424195320578e-06,0.0,0.00018820421246346086,0.13628125190734863,0.008014723587603672,0.008014723658561707,0.0034916449803858995,0.003514871932566166,0.0038427188992500305,0.0009223889210261405,0.002701666671782732,0.004095557611435652,1.544748306274414,0.0009766184655142808,nan,nan,nan,0,0
10,158,0.24026641249656677,0.24026304483413696,0.05748427286744118,5.426424195320578e-06,0.0,6.727568688802421e-06,0.15259376168251038,0.1087277489162822,0.10872775316238403,0.03843974694609642,0.03711597993969917,0.005457340274006128,0.0061792004853487015,0.021106243133544922,0.09194060415029526,1.544748067855835,0.0009750458065638468,nan,nan,nan,0,0
10,159,0.23864801228046417,0.2386075109243393,0.05677168071269989,5.426424195320578e-06,0.0,8.100032573565841e-05,0.14099998772144318,0.24607044237076087,0.24607044458389282,0.08991813659667969,0.09136933088302612,0.01434272713959217,0.014312144368886948,0.04596278443932533,0.2039458453655243,1.5447478294372559,0.0009734732119742064,nan,nan,nan,0,0
10,160,0.22822372615337372,0.22820360958576202,0.05280011147260666,5.426424195320578e-06,0.0,4.024337977170944e-05,0.14365623891353607,0.021795776530762943,0.02179577760398388,0.01359071396291256,0.012733463197946548,0.0037045017816126347,0.0014932712074369192,0.003353036707267165,0.010050434619188309,1.5447475910186768,0.0009719006856450551,nan,nan,nan,0,0
10,161,0.2349359095096588,0.2349265068769455,0.05520756170153618,5.426424195320578e-06,0.0,1.880050331237726e-05,0.15433596074581146,0.060680304885748666,0.06068030744791031,0.019791334867477417,0.023957572877407074,0.004173708148300648,0.003765547415241599,0.013940304517745972,0.049904968589544296,1.5447473526000977,0.000970328231475918,nan,nan,nan,0,0
10,162,0.2781662940979004,0.27814948558807373,0.07670502364635468,5.426424195320578e-06,0.0,3.360381379025057e-05,0.14420312643051147,0.2510479538120511,0.25104793906211853,0.08718801289796829,0.09199339151382446,0.014098092913627625,0.014416564255952835,0.05015769228339195,0.2098526954650879,1.5447471141815186,0.000968755853366142,nan,nan,nan,0,0
10,163,0.5107477903366089,0.5107476711273193,0.2653983235359192,5.426424195320578e-06,0.0,2.0531275879420718e-07,0.150453120470047,0.051544549599058936,0.05154454708099365,0.021641116589307785,0.015045075677335262,0.0020563506986945868,0.0024687389377504587,0.010003676638007164,0.04303198307752609,1.5447468757629395,0.0009671835552148855,nan,nan,nan,0,0
10,164,0.25309160351753235,0.2530001699924469,0.0641668438911438,5.426424195320578e-06,0.0,0.000182883144589141,0.1364765763282776,0.06104550345780815,0.06104550510644913,0.0259542353451252,0.0251801535487175,0.004725146107375622,0.003916589077562094,0.011295498348772526,0.047472476959228516,1.5447466373443604,0.0009656113409211084,nan,nan,nan,0,0
10,165,0.46091002225875854,0.4609091579914093,0.2081221044063568,5.426424195320578e-06,0.0,1.7226803947778535e-06,0.14868749678134918,0.280230749419811,0.28023073077201843,0.09820903837680817,0.10469672083854675,0.015947477892041206,0.016507567837834358,0.056902892887592316,0.23271891474723816,1.5447463989257812,0.0009640392143835619,nan,nan,nan,0,0
10,166,0.24212659895420074,0.24212637543678284,0.05831953138113022,5.426424195320578e-06,0.0,4.514406839462026e-07,0.1493281126022339,0.2116232900094323,0.21162328124046326,0.07472649961709976,0.0782482847571373,0.012523328885436058,0.012060114182531834,0.03936205059289932,0.17670857906341553,1.5447461605072021,0.0009624671795007807,nan,nan,nan,0,0
10,167,0.35679396986961365,0.35679224133491516,0.1329103410243988,5.426424195320578e-06,0.0,3.4863428481912706e-06,0.1481328308582306,0.03947362253348718,0.03947362303733826,0.013021125458180904,0.01409295666962862,0.0022052230779081583,0.002358399098739028,0.007846590131521225,0.03343668207526207,1.544745922088623,0.0009608952401710721,nan,nan,nan,0,0
10,168,0.26019155979156494,0.26016777753829956,0.06766437739133835,5.426424195320578e-06,0.0,4.758858267450705e-05,0.1431015580892563,0.0242376227142073,0.024237623438239098,0.01490987278521061,0.0072950636968016624,0.0016634853091090918,0.0013648999156430364,0.005197770427912474,0.016741957515478134,1.544745683670044,0.0009593234002925053,nan,nan,nan,0,0
10,169,0.27168670296669006,0.2716865837574005,0.0730985552072525,5.426424195320578e-06,0.0,2.27117951112632e-07,0.1504765748977661,0.13159290781326966,0.13159291446208954,0.04396550729870796,0.04632754623889923,0.006501482799649239,0.007591396104544401,0.028965678066015244,0.1108989492058754,1.5447454452514648,0.000957751663762904,nan,nan,nan,0,0
10,170,0.33817046880722046,0.33816611766815186,0.11800194531679153,5.426424195320578e-06,0.0,8.674903256178368e-06,0.15294532477855682,0.22029521505279312,0.22029522061347961,0.07698842883110046,0.07790686935186386,0.011711478233337402,0.012698334641754627,0.04506918787956238,0.18494227528572083,1.5447452068328857,0.000956180034479836,nan,nan,nan,0,0
10,171,0.31536781787872314,0.3153377175331116,0.09939220547676086,5.426424195320578e-06,0.0,6.018365820636973e-05,0.1422421932220459,0.25424421848856477,0.25424423813819885,0.08910642564296722,0.09678960591554642,0.01600922830402851,0.014990678988397121,0.047459471970796585,0.21118362247943878,1.5447449684143066,0.0009546085163406015,nan,nan,nan,0,0
10,172,0.292723685503006,0.2927153408527374,0.08526314795017242,5.426424195320578e-06,0.0,1.669493030931335e-05,0.14591406285762787,0.3272595334208991,0.32725954055786133,0.11284230649471283,0.12000268697738647,0.018850939348340034,0.0190390907227993,0.06467915326356888,0.27397724986076355,1.5447447299957275,0.0009530371132422264,nan,nan,nan,0,0
10,173,0.27992796897888184,0.27991431951522827,0.07727187871932983,5.426424195320578e-06,0.0,2.7316851628711447e-05,0.15522655844688416,0.22367370117716887,0.22367370128631592,0.07911612838506699,0.08734950423240662,0.014714909717440605,0.012532618828117847,0.0429636687040329,0.184176966547966,1.5447444915771484,0.0009514658290814509,nan,nan,nan,0,0
10,174,0.29905328154563904,0.2990531027317047,0.08800458908081055,5.426424195320578e-06,0.0,3.43329730867481e-07,0.15058594942092896,0.06277946993159551,0.06277947127819061,0.023843029513955116,0.025216592475771904,0.0043815746903419495,0.003562693716958165,0.01186045166105032,0.05063925310969353,1.5447442531585693,0.0009498946677547212,nan,nan,nan,0,0
10,175,0.20622900128364563,0.2062283456325531,0.04223593696951866,5.426424195320578e-06,0.0,1.3010577504246612e-06,0.14885936677455902,0.16785463463139322,0.16785463690757751,0.06823086738586426,0.065074622631073,0.0116197494789958,0.009478087536990643,0.028705120086669922,0.13504141569137573,1.5447440147399902,0.0009483236331581767,nan,nan,nan,0,0
10,176,0.19567419588565826,0.19567419588565826,0.038029368966817856,5.426424195320578e-06,0.0,6.09681194418954e-11,0.15000781416893005,0.373721463574216,0.37372148036956787,0.13600490987300873,0.14864924550056458,0.024364285171031952,0.021433189511299133,0.07451950013637543,0.3040849268436432,1.5447437763214111,0.0009467527291876445,nan,nan,nan,0,0
10,177,0.24075041711330414,0.24072913825511932,0.057323504239320755,5.426424195320578e-06,0.0,4.255514431861229e-05,0.14347657561302185,0.15079260239599213,0.15079259872436523,0.05867194011807442,0.0625813752412796,0.010744568891823292,0.008676420897245407,0.027652844786643982,0.12010069936513901,1.544743537902832,0.0009451819597386273,nan,nan,nan,0,0
10,178,0.3079604208469391,0.3079538345336914,0.10180307179689407,5.426424195320578e-06,0.0,1.3197335647419095e-05,0.15363281965255737,0.023203003399115175,0.023203004151582718,0.0098684411495924,0.01033641118556261,0.00224764714948833,0.0013875055592507124,0.003152918303385377,0.017811059951782227,1.544743299484253,0.0009436113287062939,nan,nan,nan,0,0
10,179,0.2736298143863678,0.27360111474990845,0.07399336993694305,5.426424195320578e-06,0.0,5.742789653595537e-05,0.15757812559604645,0.24128579398891728,0.2412857860326767,0.08849556744098663,0.09384601563215256,0.015590633265674114,0.013697108253836632,0.04683395475149155,0.19737324118614197,1.5447430610656738,0.0009420408399854702,nan,nan,nan,0,0
10,180,0.223352313041687,0.22333113849163055,0.049443263560533524,5.426424195320578e-06,0.0,4.2351643060101196e-05,0.15650781989097595,0.08151660776037772,0.08151660859584808,0.02959774248301983,0.029238777235150337,0.004371088929474354,0.004813441541045904,0.015494780614972115,0.06805630773305893,1.5447428226470947,0.0009404704974706287,nan,nan,nan,0,0
10,181,0.38535284996032715,0.38535240292549133,0.1475895494222641,5.426424195320578e-06,0.0,8.788906029622012e-07,0.1509374976158142,0.1327993637055051,0.13279937207698822,0.05194100737571716,0.0539967305958271,0.009552490897476673,0.007558968383818865,0.024790016934275627,0.10610948503017426,1.5447425842285156,0.0009389003050558798,nan,nan,nan,0,0
10,182,0.24497225880622864,0.24497218430042267,0.060542747378349304,5.426424195320578e-06,0.0,1.348317368865537e-07,0.14963281154632568,0.027314924361115336,0.0273149237036705,0.010359599255025387,0.01154707558453083,0.0023217881098389626,0.0016109920106828213,0.004831406287848949,0.021774305030703545,1.5447423458099365,0.0009373302666349614,nan,nan,nan,0,0
10,183,0.23128493130207062,0.23128466308116913,0.052480701357126236,5.426424195320578e-06,0.0,5.393050628299534e-07,0.14926563203334808,0.03879585505462113,0.03879585489630699,0.01577681675553322,0.01655052788555622,0.0032964812126010656,0.002259651431813836,0.0057398490607738495,0.030551133677363396,1.5447421073913574,0.0009357603861012299,nan,nan,nan,0,0
10,184,0.30797192454338074,0.30793899297714233,0.096392422914505,5.426424195320578e-06,0.0,6.588867836399004e-05,0.14188282191753387,0.04581023699444942,0.045810237526893616,0.019958263263106346,0.020027903839945793,0.005529194138944149,0.0027173254638910294,0.006558555644005537,0.034902121871709824,1.5447418689727783,0.0009341906673476502,nan,nan,nan,0,0
10,185,0.31922051310539246,0.3192199468612671,0.10054716467857361,5.426424195320578e-06,0.0,1.128900976254954e-06,0.14893750846385956,0.0050444291051761425,0.00504442909732461,0.0019777959678322077,0.001504581538029015,0.0004202873387839645,0.0002456778602208942,0.00072305160574615,0.004302443470805883,1.5447416305541992,0.0009326211142667852,nan,nan,nan,0,0
10,186,0.215901717543602,0.21587882936000824,0.046138569712638855,5.426424195320578e-06,0.0,4.57735986856278e-05,0.1567656248807907,0.06718679774407443,0.06718679517507553,0.02502000704407692,0.024968735873699188,0.006210242863744497,0.003780578961595893,0.011469487100839615,0.055499713867902756,1.5447413921356201,0.0009310517307507877,nan,nan,nan,0,0
10,187,0.3549180328845978,0.3549172580242157,0.12593971192836761,5.426424195320578e-06,0.0,1.5236998933687573e-06,0.14876562356948853,0.08389292043159745,0.08389291912317276,0.033111657947301865,0.03512212261557579,0.008774589747190475,0.004930370952934027,0.014879420399665833,0.066222183406353,1.544741153717041,0.0009294825206913904,nan,nan,nan,0,0
10,188,0.36566025018692017,0.3656471073627472,0.13333410024642944,5.426424195320578e-06,0.0,2.6265635824529454e-05,0.15512500703334808,0.020105719428043546,0.020105719566345215,0.009185656905174255,0.008552394807338715,0.0035091538447886705,0.0012255666078999639,0.002414141083136201,0.015069039538502693,1.544740915298462,0.0009279134879798944,nan,nan,nan,0,0
10,189,0.24484169483184814,0.24481762945652008,0.05955556407570839,5.426424195320578e-06,0.0,4.812896077055484e-05,0.15693750977516174,0.09615137718658592,0.09615137428045273,0.03890053555369377,0.03961549326777458,0.011800700798630714,0.0056892335414886475,0.016712099313735962,0.07557466626167297,1.5447406768798828,0.0009263446365071624,nan,nan,nan,0,0
10,190,0.23945511877536774,0.2394137680530548,0.05669883266091347,5.426424195320578e-06,0.0,8.269622776424512e-05,0.14090625941753387,0.17245493980697066,0.17245493829250336,0.06848784536123276,0.07097650319337845,0.019359862431883812,0.010125114582479,0.028441403061151505,0.13684378564357758,1.5447404384613037,0.0009247759701636075,nan,nan,nan,0,0
11,1,0.24855642020702362,0.24855449795722961,0.06227845326066017,5.426424195320578e-06,0.0,3.845259016088676e-06,0.15196093916893005,0.08263146912645634,0.08263146877288818,0.03253384307026863,0.03334816172719002,0.009099123999476433,0.004843623843044043,0.014845369383692741,0.06580857932567596,1.5447402000427246,0.0009232074928391827,nan,nan,nan,0,0
11,2,0.2278292328119278,0.2278292179107666,0.05141639709472656,5.426424195320578e-06,0.0,3.22842552691327e-08,0.1501796841621399,0.02000822668237923,0.020008226856589317,0.0091145234182477,0.00613171374425292,0.001455271732993424,0.0009228134877048433,0.003068207763135433,0.016348497942090034,1.5447399616241455,0.0009216392084233735,nan,nan,nan,0,0
11,3,0.24563097953796387,0.24562771618366241,0.06014636158943176,5.426424195320578e-06,0.0,6.526414836116601e-06,0.1525546908378601,0.09201005348728426,0.09201005101203918,0.03636464104056358,0.03729845955967903,0.00956354197114706,0.005398507229983807,0.01704949513077736,0.07308212667703629,1.5447397232055664,0.0009200711208051864,nan,nan,nan,0,0
11,4,0.20300975441932678,0.20300863683223724,0.040722597390413284,5.426424195320578e-06,0.0,2.2266231098910794e-06,0.1514921933412552,0.10467759180142404,0.10467759519815445,0.04161408916115761,0.040610019117593765,0.010455324314534664,0.006043255794793367,0.018669376149773598,0.08415528386831284,1.5447394847869873,0.0009185032338731402,nan,nan,nan,0,0
11,5,0.2309921681880951,0.2309902012348175,0.05228033661842346,5.426424195320578e-06,0.0,3.937735073122894e-06,0.14801563322544098,0.06354292393336528,0.0635429248213768,0.02505868300795555,0.026483774185180664,0.006626290734857321,0.00381523952819407,0.01115025021135807,0.0502551831305027,1.5447392463684082,0.0009169355515152557,nan,nan,nan,0,0
11,6,0.2987562119960785,0.2987429201602936,0.09065438061952591,5.426424195320578e-06,0.0,2.6586902095004916e-05,0.14484375715255737,0.11726255182096262,0.11726254969835281,0.04743901267647743,0.04641275107860565,0.012449250556528568,0.007038456853479147,0.019854849204421043,0.09352627396583557,1.544739007949829,0.0009153680776190462,nan,nan,nan,0,0
11,7,0.21875128149986267,0.21859993040561676,0.0474187433719635,5.426424195320578e-06,0.0,0.0003027059428859502,0.1326015591621399,0.010796303861498775,0.010796303860843182,0.006845400203019381,0.0050320434384047985,0.002638669917359948,0.0008968136389739811,0.00317182089202106,0.005152854602783918,1.54473876953125,0.0009138008160715091,nan,nan,nan,0,0
11,8,0.19885072112083435,0.1988496035337448,0.0397169403731823,5.426424195320578e-06,0.0,2.2499866645375732e-06,0.1485000103712082,0.11976997287926278,0.11976996809244156,0.05061182379722595,0.04893988370895386,0.011188561096787453,0.0069590420462191105,0.020272212103009224,0.0938275158405304,1.544738531112671,0.0009122337707591138,nan,nan,nan,0,0
11,9,0.1882518231868744,0.1882515549659729,0.03512193635106087,5.426424195320578e-06,0.0,5.393050628299534e-07,0.15073437988758087,0.08089798308106531,0.0808979794383049,0.033497828990221024,0.03246518224477768,0.007689475081861019,0.004811552818864584,0.013724030926823616,0.06401377171278,1.5447382926940918,0.0009106669455677946,nan,nan,nan,0,0
11,10,0.23987774550914764,0.23978137969970703,0.056706372648477554,5.426424195320578e-06,0.0,0.00019273257930763066,0.13611719012260437,0.1580323888630094,0.1580323874950409,0.06526844203472137,0.06279628723859787,0.013239468447864056,0.00918924156576395,0.026652146130800247,0.12570135295391083,1.5447380542755127,0.00090910034438294,nan,nan,nan,0,0
11,11,0.3583274781703949,0.35824906826019287,0.12735871970653534,5.426424195320578e-06,0.0,0.00015683661331422627,0.13747656345367432,0.06849675151328097,0.06849675625562668,0.0301594790071249,0.029759369790554047,0.006180674768984318,0.0039031431078910828,0.010278915986418724,0.052321117371320724,1.5447378158569336,0.0009075339710893815,nan,nan,nan,0,0
11,12,0.24432021379470825,0.2443012148141861,0.05964766442775726,5.426424195320578e-06,0.0,3.7995807360857725e-05,0.14383593201637268,0.0871533169222897,0.08715331554412842,0.034970369189977646,0.03495476767420769,0.008663763292133808,0.005160375032573938,0.014267588965594769,0.06961094588041306,1.5447375774383545,0.0009059678295713873,nan,nan,nan,0,0
11,13,0.2529020607471466,0.2528911828994751,0.06315900385379791,5.4282736527966335e-06,0.0,2.1753487089881673e-05,0.14533594250679016,0.16240188668465533,0.16240188479423523,0.06254918873310089,0.061579685658216476,0.014327771961688995,0.009554280899465084,0.02958122454583645,0.1322811245918274,1.5447373390197754,0.0009044019237126499,nan,nan,nan,0,0
11,14,0.2608351409435272,0.26082128286361694,0.06961008906364441,5.426424195320578e-06,0.0,2.772678817564156e-05,0.14473438262939453,0.027968599483381967,0.027968600392341614,0.010352127254009247,0.009142985567450523,0.0015972283435985446,0.0016048557590693235,0.00703727500513196,0.023169633001089096,1.5447371006011963,0.000902836257396278,nan,nan,nan,0,0
11,15,0.30170756578445435,0.3016757667064667,0.09110335260629654,5.426424195320578e-06,0.0,6.362553540384397e-05,0.14202344417572021,0.193571762406812,0.1935717612504959,0.07811515778303146,0.07895706593990326,0.01777341403067112,0.011384325101971626,0.033845674246549606,0.15343664586544037,1.5447368621826172,0.0009012708345047853,nan,nan,nan,0,0
11,16,0.37558096647262573,0.37557685375213623,0.1408313810825348,5.426424195320578e-06,0.0,8.22078982309904e-06,0.14713281393051147,0.03927389085203102,0.03927389159798622,0.016351081430912018,0.016096245497465134,0.004720080643892288,0.0024374162312597036,0.005755157675594091,0.03089740313589573,1.544736623764038,0.0008997056589200824,nan,nan,nan,0,0
11,17,0.19802868366241455,0.19802851974964142,0.03865934535861015,5.426424195320578e-06,0.0,3.3422313094888523e-07,0.15057812631130219,0.029310922896153845,0.0293109230697155,0.010760413482785225,0.010327272117137909,0.001670645666308701,0.001707049086689949,0.007064296398311853,0.02410563826560974,1.544736385345459,0.0008981407345234677,nan,nan,nan,0,0
11,18,0.2854698896408081,0.28541848063468933,0.0809938907623291,5.426424195320578e-06,0.0,0.00010283233132213354,0.1398593783378601,0.035652047814635934,0.035652048885822296,0.022059926763176918,0.018742181360721588,0.004259556997567415,0.0021881931461393833,0.005404121242463589,0.01951979100704193,1.5447361469268799,0.0008965760651956145,nan,nan,nan,0,0
11,19,0.26298317313194275,0.2629830241203308,0.06837038695812225,5.426424195320578e-06,0.0,2.9059043527013273e-07,0.14946094155311584,0.03020973765617151,0.0302097387611866,0.013188015669584274,0.012986545450985432,0.0030875480733811855,0.001689303433522582,0.004965657368302345,0.023087002336978912,1.5447359085083008,0.0008950116548165653,nan,nan,nan,0,0
11,20,0.19418726861476898,0.1941862255334854,0.03751355782151222,5.426424195320578e-06,0.0,2.0889592633466236e-06,0.14855468273162842,0.02327236562688571,0.02327236533164978,0.0088255126029253,0.008874930441379547,0.0021410894114524126,0.0014191116206347942,0.004609803669154644,0.018897103145718575,1.5447356700897217,0.00089344750726572,nan,nan,nan,0,0
11,21,0.25700947642326355,0.2569532096385956,0.06560812145471573,5.426424195320578e-06,0.0,0.00011255880235694349,0.13939063251018524,0.028159158396714436,0.028159158304333687,0.009307472966611385,0.011278361082077026,0.0035092774778604507,0.0019686203449964523,0.0069003333337605,0.022700278088450432,1.5447355508804321,0.0008918836264218267,nan,nan,nan,0,0
11,22,0.33988916873931885,0.33988311886787415,0.11755906045436859,5.426424195320578e-06,0.0,1.2086470633221325e-05,0.1534765660762787,0.03343705077637297,0.03343705087900162,0.013841163367033005,0.013053074479103088,0.0035104285925626755,0.0018962371395900846,0.005554288160055876,0.02663281559944153,1.5447354316711426,0.0008903200161629718,nan,nan,nan,0,0
11,23,0.3305835425853729,0.33056944608688354,0.1113266721367836,5.426424195320578e-06,0.0,2.822268106683623e-05,0.1446875035762787,0.05334547171802143,0.05334547162055969,0.020950254052877426,0.016952456906437874,0.004833207465708256,0.0032024553511291742,0.010620465502142906,0.044418808072805405,1.544735312461853,0.0008887566803665712,nan,nan,nan,0,0
11,24,0.2551431357860565,0.2550872564315796,0.06458690762519836,5.426424195320578e-06,0.0,0.00011173130042152479,0.1394297033548355,0.13978850310552032,0.13978850841522217,0.05876312777400017,0.05921197682619095,0.013068320229649544,0.008292349055409431,0.022670777514576912,0.10875731706619263,1.5447351932525635,0.0008871936229093604,nan,nan,nan,0,0
11,25,0.23821885883808136,0.23820540308952332,0.05643759295344353,5.426424195320578e-06,0.0,2.6910120141110383e-05,0.15518750250339508,0.010586106098388514,0.010586106218397617,0.007133034989237785,0.005004178732633591,0.0018299291841685772,0.0005289936671033502,0.0008613822283223271,0.00563677167519927,1.544735074043274,0.0008856308476673836,nan,nan,nan,0,0
11,26,0.22073157131671906,0.22067320346832275,0.04836046323180199,5.426424195320578e-06,0.0,0.00011674149573082104,0.1391953080892563,0.12008031940224696,0.12008031457662582,0.04851658269762993,0.04828984662890434,0.009585417807102203,0.006934310309588909,0.021377431228756905,0.09558533132076263,1.5447349548339844,0.0008840683585159862,nan,nan,nan,0,0
11,27,0.23802576959133148,0.2379826307296753,0.05806891992688179,5.426424195320578e-06,0.0,8.62868400872685e-05,0.14071093499660492,0.045483079331385304,0.04548307880759239,0.016541587188839912,0.01861444301903248,0.005137997213751078,0.0029320905450731516,0.009273347444832325,0.03643621504306793,1.5447348356246948,0.0008825061593298045,nan,nan,nan,0,0
11,28,0.2769772410392761,0.2767946422100067,0.07573886215686798,5.426424195320578e-06,0.0,0.00036516794352792203,0.1308906376361847,0.18290203500941554,0.1829020380973816,0.07913962751626968,0.07706636935472488,0.017395826056599617,0.010634918697178364,0.02718331851065159,0.14176106452941895,1.5447347164154053,0.0008809442539827536,nan,nan,nan,0,0
11,29,0.17430274188518524,0.1741846650838852,0.0301499105989933,5.426424195320578e-06,0.0,0.00023615022655576468,0.13463282585144043,0.07346417820103539,0.07346417754888535,0.03089105524122715,0.03055168129503727,0.009577421471476555,0.004536351189017296,0.012757050804793835,0.05687068775296211,1.5447345972061157,0.0008793826463480225,nan,nan,nan,0,0
11,30,0.3161766529083252,0.31613531708717346,0.09953133761882782,5.426424195320578e-06,0.0,8.269622776424512e-05,0.14090625941753387,0.18213861285550031,0.1821386069059372,0.0769071877002716,0.07527639716863632,0.01774347759783268,0.010660555213689804,0.028441613540053368,0.1426738202571869,1.5447344779968262,0.0008778213402980608,nan,nan,nan,0,0
11,31,0.23727144300937653,0.23711252212524414,0.056571055203676224,5.444718681246741e-06,0.0,0.0003178419137839228,0.1321718841791153,0.0976586087130617,0.09765861183404922,0.04190967604517937,0.041256070137023926,0.013159459456801414,0.0057702274061739445,0.01364605501294136,0.07540582120418549,1.5447343587875366,0.0008762603397045696,nan,nan,nan,0,0
11,32,0.2291131168603897,0.2291097342967987,0.05248960107564926,5.426424195320578e-06,0.0,6.768134880985599e-06,0.147398442029953,0.0771229872109175,0.07712298631668091,0.03365775942802429,0.032898757606744766,0.007392754778265953,0.004494417458772659,0.012630158104002476,0.05914734676480293,1.544734239578247,0.0008746996484384937,nan,nan,nan,0,0
11,33,0.2385956346988678,0.23859094083309174,0.05807607248425484,5.4278975767374504e-06,0.0,9.379006769449916e-06,0.14693748950958252,0.016258890368300076,0.01625888980925083,0.006281618494540453,0.005180760752409697,0.002377958968281746,0.000997453578747809,0.005117691121995449,0.012853487394750118,1.5447341203689575,0.0008731392703700103,nan,nan,nan,0,0
11,34,0.19334359467029572,0.19328100979328156,0.0373319648206234,5.426424195320578e-06,0.0,0.0001251603534910828,0.13881249725818634,0.17008801020300465,0.1700880080461502,0.07031089812517166,0.06964894384145737,0.015860002487897873,0.009961073286831379,0.029487555846571922,0.13384713232517242,1.544734001159668,0.0008715792093685204,nan,nan,nan,0,0
11,35,0.2926359474658966,0.2925887107849121,0.08462194353342056,5.426424195320578e-06,0.0,9.445431351196021e-05,0.14028124511241913,0.06850645304272598,0.06850645691156387,0.02961355820298195,0.02909758687019348,0.005566737614572048,0.003908734302967787,0.011002383194863796,0.0529356449842453,1.5447338819503784,0.0008700194693026374,nan,nan,nan,0,0
11,36,0.3064737915992737,0.30647218227386475,0.09357639402151108,5.426424195320578e-06,0.0,3.2007471872930182e-06,0.14821094274520874,0.06384530074279383,0.06384529918432236,0.02745320089161396,0.02761097624897957,0.006149645894765854,0.003831263864412904,0.010576094500720501,0.04894719272851944,1.5447337627410889,0.0008684600540401804,nan,nan,nan,0,0
11,37,0.30297574400901794,0.3029724657535553,0.09027539193630219,5.426424195320578e-06,0.0,6.566447154909838e-06,0.15256251394748688,0.020411529238069114,0.020411528646945953,0.010521292686462402,0.008385958150029182,0.00279165618121624,0.0011672279797494411,0.002139472868293524,0.014895486645400524,1.5447336435317993,0.0008669009674481627,nan,nan,nan,0,0
11,38,0.3631185293197632,0.36310771107673645,0.13215142488479614,5.426424195320578e-06,0.0,2.1608060706057586e-05,0.1453515589237213,0.0637915224912887,0.06379152089357376,0.025764837861061096,0.025101348757743835,0.004516957327723503,0.0035870138090103865,0.011417962610721588,0.051105912774801254,1.5447335243225098,0.0008653422133927814,nan,nan,nan,0,0
11,39,0.3407835066318512,0.3407670557498932,0.115630142390728,5.426424195320578e-06,0.0,3.288315929239616e-05,0.14426562190055847,0.040247977338037116,0.040247976779937744,0.015607482753694057,0.015775958076119423,0.00453070318326354,0.0025076642632484436,0.007046652026474476,0.032418426126241684,1.5447334051132202,0.0008637837957394104,nan,nan,nan,0,0
11,40,0.3921622633934021,0.39210277795791626,0.1534978747367859,5.426424195320578e-06,0.0,0.00011894627095898613,0.13909375667572021,0.02951173577552965,0.02951173484325409,0.012759719975292683,0.013120674528181553,0.004471468273550272,0.0018040447030216455,0.004067873582243919,0.022275183349847794,1.5447332859039307,0.0008622257183525892,nan,nan,nan,0,0
11,41,0.2279862016439438,0.22798024117946625,0.05177643150091171,5.426424195320578e-06,0.0,1.1924042155442294e-05,0.1465468853712082,0.14476261202902346,0.14476260542869568,0.055067870765924454,0.05412159860134125,0.011115438304841518,0.00856300164014101,0.02905607409775257,0.11812477558851242,1.5447331666946411,0.0008606679850960125,nan,nan,nan,0,0
11,42,0.2500108480453491,0.2499905377626419,0.062413230538368225,5.426424195320578e-06,0.0,4.0640625229571015e-05,0.14362500607967377,0.012560856574506982,0.012560856528580189,0.008089859038591385,0.006636713165789843,0.0024577302392572165,0.00056790019152686,0.001962709939107299,0.0061699398793280125,1.5447330474853516,0.0008591105998325231,nan,nan,nan,0,0
11,43,0.27634814381599426,0.2763451933860779,0.07667189091444016,5.426424195320578e-06,0.0,5.9034127843915485e-06,0.14757031202316284,0.02491398827546721,0.024913987144827843,0.014231611974537373,0.011204698123037815,0.0028340572025626898,0.0014015189372003078,0.0036526452749967575,0.016409900039434433,1.544732928276062,0.0008575535664240994,nan,nan,nan,0,0
11,44,0.3512314260005951,0.35119980573654175,0.12378671765327454,5.426424195320578e-06,0.0,6.325215508695692e-05,0.14204688370227814,0.11831661683265003,0.11831661313772202,0.04746043309569359,0.047000668942928314,0.008746803738176823,0.006830837577581406,0.02153337374329567,0.09460662305355072,1.5447328090667725,0.0008559968887318486,nan,nan,nan,0,0
11,45,0.31088632345199585,0.3108550012111664,0.09569284319877625,5.426424195320578e-06,0.0,6.263244722504169e-05,0.15791407227516174,0.040866483159239866,0.04086648300290108,0.01746981032192707,0.013994692824780941,0.004405864514410496,0.002230183919891715,0.0060372259467840195,0.03328949213027954,1.544732689857483,0.0008544405706159943,nan,nan,nan,0,0
11,46,0.2529914379119873,0.25299108028411865,0.06333423405885696,5.426424195320578e-06,0.0,6.987961000959331e-07,0.15083594620227814,0.08825964737262411,0.08825964480638504,0.03720216825604439,0.03870827704668045,0.008661522530019283,0.005145841743797064,0.012950760312378407,0.06810440123081207,1.5447325706481934,0.00085288461593587,nan,nan,nan,0,0
11,47,0.2650156617164612,0.26497766375541687,0.06920737028121948,5.426424195320578e-06,0.0,7.601675315527245e-05,0.1587187647819519,0.15837736931735308,0.15837736427783966,0.06183626875281334,0.0644141137599945,0.01427120715379715,0.009128746576607227,0.027761071920394897,0.12669968605041504,1.5447324514389038,0.0008513290285499072,nan,nan,nan,0,0
11,48,0.26131612062454224,0.2612919509410858,0.06832382827997208,5.426424195320578e-06,0.0,4.83458825328853e-05,0.14304688572883606,0.027654644386492105,0.02765464410185814,0.010354858823120594,0.012108554132282734,0.0031203068792819977,0.0017710286192595959,0.005169868003576994,0.021710338070988655,1.5447323322296143,0.0008497738123156261,nan,nan,nan,0,0
11,49,0.334680438041687,0.33466243743896484,0.11149609833955765,5.426424195320578e-06,0.0,3.5999968531541526e-05,0.15600000321865082,0.13653660743220372,0.1365366131067276,0.051875535398721695,0.057253964245319366,0.011881554499268532,0.008063210174441338,0.022778457030653954,0.1093074232339859,1.5447322130203247,0.0008482189710896274,nan,nan,nan,0,0
11,50,0.40488019585609436,0.4048430025577545,0.16567039489746094,5.426424195320578e-06,0.0,7.439063483616337e-05,0.15862500667572021,0.16737916959366736,0.16737917065620422,0.06643024832010269,0.0700453370809555,0.015263514593243599,0.009741428308188915,0.030482076108455658,0.13205844163894653,1.5447320938110352,0.000846664508727582,nan,nan,nan,0,0
11,51,0.32277780771255493,0.32275688648223877,0.10671381652355194,5.426424195320578e-06,0.0,4.184463614365086e-05,0.15646874904632568,0.15626078749763342,0.15626078844070435,0.0594731830060482,0.06476322561502457,0.01259278692305088,0.009112306870520115,0.029208866879343987,0.12486524134874344,1.5447319746017456,0.0008451104290842198,nan,nan,nan,0,0
11,52,0.2301163226366043,0.23011253774166107,0.052938852459192276,5.426424195320578e-06,0.0,7.562551218143199e-06,0.15275001525878906,0.010901296086585681,0.010901296511292458,0.006239342037588358,0.0027358648367226124,0.0007733943639323115,0.0006389946793206036,0.0030828292947262526,0.00786852091550827,1.544731855392456,0.0008435567360133232,nan,nan,nan,0,0
11,53,0.2938859760761261,0.2938353419303894,0.08644871413707733,5.426424195320578e-06,0.0,0.00010125392145710066,0.1600625067949295,0.03390222459984688,0.03390222415328026,0.012852602638304234,0.014215459115803242,0.002467782236635685,0.0020275237038731575,0.00651653204113245,0.02700789086520672,1.5447317361831665,0.0008420034333677153,nan,nan,nan,0,0
11,54,0.24965058267116547,0.24955572187900543,0.06276944279670715,5.426424195320578e-06,0.0,0.00018970727978739887,0.1362265795469284,0.10377149203847325,0.10377149283885956,0.04024537280201912,0.042222607880830765,0.007668124046176672,0.0059218620881438255,0.018739044666290283,0.08319292962551117,1.544731616973877,0.0008404505249992518,nan,nan,nan,0,0
11,55,0.19956612586975098,0.19956251978874207,0.03945076838135719,5.426424195320578e-06,0.0,7.222650310723111e-06,0.14731250703334808,0.06308973846678398,0.06308974325656891,0.023945128545165062,0.024641765281558037,0.005523921921849251,0.0036816787905991077,0.010682784020900726,0.051395904272794724,1.5447314977645874,0.0008388980147588091,nan,nan,nan,0,0
11,56,0.20650464296340942,0.2064785361289978,0.042452119290828705,5.426424195320578e-06,0.0,5.222333493293263e-05,0.1572265774011612,0.1435634322095769,0.1435634344816208,0.055829014629125595,0.05692000687122345,0.011747579090297222,0.008336508646607399,0.028546659275889397,0.1150272935628891,1.5447313785552979,0.0008373459064962775,nan,nan,nan,0,0
11,57,0.20200978219509125,0.20200107991695404,0.04073619470000267,5.426424195320578e-06,0.0,1.7404567188350484e-05,0.14582812786102295,0.07398589882812485,0.07398589700460434,0.02598566934466362,0.027774862945079803,0.006354271434247494,0.004333533812314272,0.013687166385352612,0.06148756295442581,1.5447312593460083,0.0008357942040605508,nan,nan,nan,0,0
11,58,0.22818604111671448,0.2281855344772339,0.05181790888309479,5.426424195320578e-06,0.0,9.999743042499176e-07,0.1509999930858612,0.08434372239693073,0.08434372395277023,0.032515883445739746,0.03243352472782135,0.006696184631437063,0.004782835487276316,0.015359431505203247,0.06856399029493332,1.5447311401367188,0.0008342429112995156,nan,nan,nan,0,0
11,59,0.3248014748096466,0.3247106671333313,0.10542795807123184,5.426424195320578e-06,0.0,0.00018161741900257766,0.16347655653953552,0.16660727147113136,0.16660726070404053,0.06520553678274155,0.06743595004081726,0.014469465240836143,0.009707136079668999,0.03095201961696148,0.13303004205226898,1.5447310209274292,0.0008326920320600424,nan,nan,nan,0,0
11,60,0.22189046442508698,0.22188444435596466,0.04864038527011871,5.426424195320578e-06,0.0,1.203224019263871e-05,0.1534687578678131,0.05944264166314098,0.05944264307618141,0.02458423189818859,0.024716798216104507,0.004674539901316166,0.0033544604666531086,0.010240145958960056,0.046692170202732086,1.5447309017181396,0.0008311415701879775,nan,nan,nan,0,0
11,61,0.3267660439014435,0.326727956533432,0.10584726184606552,5.426424195320578e-06,0.0,7.615271169925109e-05,0.1587265580892563,0.21678702758970614,0.21678702533245087,0.07675794512033463,0.07952433824539185,0.01258766558021307,0.012221666052937508,0.04217823967337608,0.18081451952457428,1.54473078250885,0.0008295915295281308,nan,nan,nan,0,0
11,62,0.29680392146110535,0.29671981930732727,0.08789406716823578,5.426424195320578e-06,0.0,0.00016818844596855342,0.13703125715255737,0.07040799751952129,0.07040800154209137,0.027331186458468437,0.02727232500910759,0.005879833362996578,0.004083049483597279,0.012661123648285866,0.05705229938030243,1.5447306632995605,0.0008280419139242689,nan,nan,nan,0,0
11,63,0.28014737367630005,0.280145525932312,0.07826889306306839,5.426424195320578e-06,0.0,3.7237434753478738e-06,0.15192970633506775,0.2321138531585853,0.23211385309696198,0.08908429741859436,0.08547060936689377,0.013978215865790844,0.012992307543754578,0.0433310903608799,0.1907716691493988,1.544730544090271,0.0008264927272191034,nan,nan,nan,0,0
11,64,0.2402363121509552,0.24022766947746277,0.05820867046713829,5.426424195320578e-06,0.0,1.7274387573706917e-05,0.1458437591791153,0.2902063960828422,0.2902064025402069,0.11719881743192673,0.11505309492349625,0.019914092496037483,0.016444511711597443,0.05135445296764374,0.23225568234920502,1.5447304248809814,0.0008249439732542832,nan,nan,nan,0,0
11,65,0.23504553735256195,0.2349868267774582,0.0548812597990036,5.426424195320578e-06,0.0,0.00011741771595552564,0.1391640603542328,0.09149972144681558,0.09149972349405289,0.03760317713022232,0.036806296557188034,0.006735294591635466,0.0051792762242257595,0.015685319900512695,0.07269991934299469,1.544730305671692,0.0008233956558703831,nan,nan,nan,0,0
11,66,0.2598833441734314,0.2596893906593323,0.06703769415616989,5.426424195320578e-06,0.0,0.0003879058931488544,0.13030467927455902,0.05320194857626985,0.05320194736123085,0.023367637768387794,0.02219325304031372,0.0050275675021111965,0.003126725787296891,0.008649483323097229,0.04101211950182915,1.5447301864624023,0.0008218477789068958,nan,nan,nan,0,0
11,67,0.2633889615535736,0.2633644640445709,0.07056254893541336,5.426424195320578e-06,0.0,4.899999112240039e-05,0.14300000667572021,0.1657759885258537,0.16577598452568054,0.06526017934083939,0.06620413064956665,0.011309405788779259,0.009406308643519878,0.027301039546728134,0.1337089091539383,1.5447300672531128,0.0008203003462022226,nan,nan,nan,0,0
11,68,0.23025527596473694,0.23012235760688782,0.05288905277848244,5.426424195320578e-06,0.0,0.00026584279839880764,0.1336953192949295,0.2603299241277018,0.260329931974411,0.10654424875974655,0.1013224795460701,0.017605017870664597,0.014597773551940918,0.04374675825238228,0.20908595621585846,1.5447299480438232,0.0008187533615936613,nan,nan,nan,0,0
11,69,0.1777070313692093,0.1776999980211258,0.03165825083851814,5.426424195320578e-06,0.0,1.4062473383091856e-05,0.14625000953674316,0.02865351077288416,0.02865351177752018,0.009093603119254112,0.009127394296228886,0.0021031158976256847,0.001652526785619557,0.00454281410202384,0.025044552981853485,1.5447298288345337,0.0008172068289174002,nan,nan,nan,0,0
11,70,0.22693322598934174,0.22693321108818054,0.0512068048119545,5.426424195320578e-06,0.0,3.22842552691327e-08,0.1501796841621399,0.01020867386626046,0.010208673775196075,0.004678606986999512,0.0024147559888660908,0.0007351220119744539,0.00056665443116799,0.0030020521953701973,0.008162278681993484,1.5447297096252441,0.0008156607520085066,nan,nan,nan,0,0
11,71,0.24949775636196136,0.2494908720254898,0.06205521523952484,5.426424195320578e-06,0.0,1.377096850774251e-05,0.15371093153953552,0.010943995650540673,0.010943995788693428,0.004136520903557539,0.004606163594871759,0.0009133067796938121,0.0006564677460119128,0.00210736901499331,0.008702724240720272,1.5447295904159546,0.0008141151347009166,nan,nan,nan,0,0
11,72,0.34546348452568054,0.3454618752002716,0.11827018857002258,5.426424195320578e-06,0.0,3.228800551369204e-06,0.14820311963558197,0.10038907015843897,0.10038907080888748,0.037965621799230576,0.039673760533332825,0.006139834877103567,0.005529430229216814,0.018758360296487808,0.0815010517835617,1.544729471206665,0.0008125699808274276,nan,nan,nan,0,0
11,73,0.2106638252735138,0.21063299477100372,0.044633425772190094,5.426424195320578e-06,0.0,6.164716614875942e-05,0.15785157680511475,0.23323013395823292,0.2332301288843155,0.09050487726926804,0.0894874632358551,0.01361219771206379,0.012673625722527504,0.04195968806743622,0.1899753361940384,1.5447293519973755,0.0008110252942196874,nan,nan,nan,0,0
11,74,0.20760883390903473,0.20758378505706787,0.04306162893772125,5.426424195320578e-06,0.0,5.009986853110604e-05,0.14292187988758087,0.08649561743854085,0.08649561554193497,0.03325701132416725,0.0349305160343647,0.005505373235791922,0.004952054470777512,0.015531687065958977,0.06970836967229843,1.544729232788086,0.0008094810787081857,nan,nan,nan,0,0
11,75,0.31507018208503723,0.31506577134132385,0.09935995191335678,5.426424195320578e-06,0.0,8.81343748915242e-06,0.15296874940395355,0.3533817918943397,0.35338178277015686,0.1351441740989685,0.13844889402389526,0.02149895206093788,0.019297506660223007,0.06719963252544403,0.2865244448184967,1.5447291135787964,0.0008079373381222427,nan,nan,nan,0,0
11,76,0.3165091872215271,0.3164893090724945,0.10019493848085403,5.426424195320578e-06,0.0,3.97491930925753e-05,0.14369530975818634,0.17355553415851072,0.17355553805828094,0.06922013312578201,0.07150570303201675,0.011959011666476727,0.009851859882473946,0.031623538583517075,0.13775669038295746,1.5447289943695068,0.0008063940762900015,nan,nan,nan,0,0
11,77,0.21968451142311096,0.21967527270317078,0.048160336911678314,5.426424195320578e-06,0.0,1.8462955267750658e-05,0.1542968600988388,0.029630230219961307,0.029630228877067566,0.01297159306704998,0.012355648912489414,0.0024088192731142044,0.0015686388360336423,0.0041107917204499245,0.023062190040946007,1.5447288751602173,0.0008048512970384191,nan,nan,nan,0,0
11,78,0.2961793839931488,0.29617634415626526,0.08775979280471802,5.426424195320578e-06,0.0,6.094725904404186e-06,0.14753125607967377,0.28508835109760006,0.28508836030960083,0.11333922296762466,0.11586081981658936,0.019244922325015068,0.015499917790293694,0.051572564989328384,0.22745442390441895,1.5447287559509277,0.0008033090041932538,nan,nan,nan,0,0
11,79,0.3151364326477051,0.31509312987327576,0.09731283038854599,5.426424195320578e-06,0.0,8.6576932517346e-05,0.159304678440094,0.14494236250703119,0.14494235813617706,0.05376889929175377,0.05233699828386307,0.007787549868226051,0.008002995513379574,0.026824811473488808,0.12055607885122299,1.5447286367416382,0.0008017672015790594,nan,nan,nan,0,0
11,80,0.2889615297317505,0.2889505922794342,0.08307037502527237,5.426424195320578e-06,0.0,2.1899542844039388e-05,0.14532031118869781,0.08171866946771658,0.08171866834163666,0.03342793509364128,0.029447246342897415,0.004818946123123169,0.004074229393154383,0.01617411896586418,0.06627178937196732,1.5447285175323486,0.0008002258930191734,nan,nan,nan,0,0
11,81,0.18370449542999268,0.18365588784217834,0.033694587647914886,5.426424195320578e-06,0.0,9.720714297145605e-05,0.15985937416553497,0.32187684868099264,0.3218768537044525,0.1217876523733139,0.12872251868247986,0.020786339417099953,0.01819637045264244,0.06128969416022301,0.26016029715538025,1.544728398323059,0.0007986850823357076,nan,nan,nan,0,0
11,82,0.23239421844482422,0.23239396512508392,0.05534161254763603,5.426424195320578e-06,0.0,5.166123742128548e-07,0.14928124845027924,0.07381335636308153,0.07381335645914078,0.02638069912791252,0.028487972915172577,0.004824432078748941,0.003947237506508827,0.014618338085711002,0.06073182076215744,1.5447282791137695,0.0007971447733495399,nan,nan,nan,0,0
11,83,0.24236668646335602,0.2423151135444641,0.05993947014212608,5.426424195320578e-06,0.0,0.0001031495921779424,0.13984374701976776,0.14914792198081314,0.1491479128599167,0.05767376720905304,0.06106346473097801,0.010848312638700008,0.008841765113174915,0.0294934194535017,0.11884598433971405,1.54472815990448,0.0007956049698803039,nan,nan,nan,0,0
11,84,0.24658316373825073,0.246568962931633,0.06158310920000076,5.426424195320578e-06,0.0,2.8389009457896464e-05,0.14467187225818634,0.03443616983561674,0.034436170011758804,0.018864771351218224,0.014648940414190292,0.002804164309054613,0.0020317756570875645,0.003444226924329996,0.02432127855718136,1.5447280406951904,0.0007940656757463801,nan,nan,nan,0,0
11,85,0.2857358455657959,0.2856232225894928,0.08340106904506683,5.426424195320578e-06,0.0,0.0002252343256259337,0.13499219715595245,0.3435844671178602,0.34358447790145874,0.1333579123020172,0.1358039677143097,0.021581420674920082,0.0194950420409441,0.06313193589448929,0.27747392654418945,1.5447279214859009,0.0007925268947648848,nan,nan,nan,0,0
11,86,0.29533836245536804,0.2953369915485382,0.08701843023300171,5.426424195320578e-06,0.0,2.7691364721249556e-06,0.14833593368530273,0.056617536694998645,0.05661753565073013,0.020556678995490074,0.02151559852063656,0.0032948062289506197,0.0031467529479414225,0.012250249274075031,0.04635969176888466,1.5447278022766113,0.0007909886307516627,nan,nan,nan,0,0
11,87,0.22878065705299377,0.22875916957855225,0.051829732954502106,5.426424195320578e-06,0.0,4.2963998566847295e-05,0.1565546989440918,0.0653833684280458,0.06538336724042892,0.02429225482046604,0.023770514875650406,0.003224626649171114,0.0036636535078287125,0.010706325992941856,0.054602086544036865,1.5447276830673218,0.0007894508875212767,nan,nan,nan,0,0
11,88,0.4185370206832886,0.41853681206703186,0.17197105288505554,5.426424195320578e-06,0.0,3.906242511675373e-07,0.15062500536441803,0.07926482692581346,0.07926482707262039,0.026403896510601044,0.02782115899026394,0.005451299250125885,0.004526323638856411,0.013697968795895576,0.06763055175542831,1.5447275638580322,0.0007879136688869972,nan,nan,nan,0,0
11,89,0.22609272599220276,0.22609180212020874,0.05092750862240791,5.426424195320578e-06,0.0,1.8478552874512388e-06,0.15135936439037323,0.02622202005336525,0.026222020387649536,0.007206198293715715,0.010399719700217247,0.001602472155354917,0.0018080814043059945,0.003077945439144969,0.02263183705508709,1.5447274446487427,0.0007863769786607946,nan,nan,nan,0,0
11,90,0.2588536739349365,0.2588532865047455,0.06682656705379486,5.426424195320578e-06,0.0,7.932173389235686e-07,0.15089063346385956,0.028888291931881447,0.028888292610645294,0.012870476581156254,0.013636277988553047,0.003964150324463844,0.0015338571975007653,0.005310553591698408,0.020896578207612038,1.5447273254394531,0.0007848408206533294,nan,nan,nan,0,0
11,91,0.2962058484554291,0.29618576169013977,0.08687985688447952,5.426424195320578e-06,0.0,4.014418664155528e-05,0.1563359498977661,0.27377177636183686,0.2737717628479004,0.11009692400693893,0.11006862670183182,0.01757441833615303,0.015486123040318489,0.048273295164108276,0.2187134176492691,1.5447272062301636,0.0007833051986739408,nan,nan,nan,0,0
11,92,0.29252851009368896,0.2925145626068115,0.08578361570835114,5.426424195320578e-06,0.0,2.7891650461242534e-05,0.14471875131130219,0.32417371548429,0.3241737186908722,0.12920744717121124,0.13107314705848694,0.022436073049902916,0.018338264897465706,0.05736010894179344,0.2590058147907257,1.544727087020874,0.0007817701165306398,nan,nan,nan,0,0
11,93,0.2897449731826782,0.2897445857524872,0.08434087038040161,5.426424195320578e-06,0.0,7.656183242943371e-07,0.1508750021457672,0.07009054867663582,0.07009054720401764,0.029798679053783417,0.029434626922011375,0.005093456711620092,0.004215128254145384,0.010801181197166443,0.05475354194641113,1.5447269678115845,0.0007802355780300988,nan,nan,nan,0,0
11,94,0.27517035603523254,0.275165319442749,0.07533896714448929,5.426424195320578e-06,0.0,1.0060797649202868e-05,0.14682812988758087,0.017385935271869293,0.0173859354108572,0.010220451280474663,0.006990393623709679,0.001437592669390142,0.0010570351732894778,0.0035434255842119455,0.011541562154889107,1.544726848602295,0.0007787015869776421,nan,nan,nan,0,0
11,95,0.2640863358974457,0.2640863060951233,0.06823419034481049,5.426424195320578e-06,0.0,4.785114526839607e-08,0.1497812569141388,0.2025922787591356,0.20259228348731995,0.07987147569656372,0.08296835422515869,0.014156593009829521,0.011438018642365932,0.03711572661995888,0.1614670753479004,1.5447267293930054,0.0007771681471772357,nan,nan,nan,0,0
11,96,0.2461252212524414,0.24608351290225983,0.05987267941236496,5.426424195320578e-06,0.0,8.340807835338637e-05,0.1408672034740448,0.03541177249236365,0.0354117713868618,0.01744028739631176,0.0151827996596694,0.0025956910103559494,0.0024040299467742443,0.005420946050435305,0.026027081534266472,1.5447266101837158,0.0007756352624314792,nan,nan,nan,0,0
11,97,0.2266831248998642,0.22664429247379303,0.05216139927506447,5.426424195320578e-06,0.0,7.766045746393502e-05,0.14118748903274536,0.5100706305757078,0.5100706219673157,0.1987220197916031,0.21110431849956512,0.0345965176820755,0.029530951753258705,0.09155381470918655,0.40702024102211,1.5447264909744263,0.0007741029365415959,nan,nan,nan,0,0
11,98,0.2274986058473587,0.22748208045959473,0.05134604871273041,5.426424195320578e-06,0.0,3.30626753566321e-05,0.15575002133846283,0.21958349129938162,0.21958349645137787,0.08111343532800674,0.09112771600484848,0.016159966588020325,0.012720705941319466,0.04550042748451233,0.17561323940753937,1.5447263717651367,0.0007725711733074227,nan,nan,nan,0,0
11,99,0.31766632199287415,0.3176652193069458,0.10139522701501846,5.426424195320578e-06,0.0,2.18026184484188e-06,0.15147657692432404,0.06914285420168508,0.06914285570383072,0.02320999838411808,0.026666246354579926,0.004335632547736168,0.004065225366503,0.01600022241473198,0.05691757798194885,1.5447262525558472,0.0007710399765274016,nan,nan,nan,0,0
11,100,0.2644004821777344,0.2643086314201355,0.06925403326749802,5.426424195320578e-06,0.0,0.00018372968770563602,0.1364453136920929,0.22802924388521975,0.22802923619747162,0.09004046022891998,0.09237867593765259,0.01555031817406416,0.013209461234509945,0.043885983526706696,0.18169741332530975,1.5447261333465576,0.0007695093499985707,nan,nan,nan,0,0
11,101,0.30437344312667847,0.3043678402900696,0.09243307262659073,5.426424195320578e-06,0.0,1.1233016266487539e-05,0.1533515751361847,0.08053834057097231,0.08053833991289139,0.029392533004283905,0.028119519352912903,0.005079646594822407,0.004215839318931103,0.01797686330974102,0.06682104617357254,1.544726014137268,0.000767979297516552,nan,nan,nan,0,0
11,102,0.2883678078651428,0.2883581817150116,0.08257532119750977,5.426424195320578e-06,0.0,1.9277606043033302e-05,0.1543906331062317,0.12237619326532931,0.12237618863582611,0.05137084424495697,0.053134169429540634,0.00936059933155775,0.006982822436839342,0.020012812688946724,0.0947461649775505,1.5447258949279785,0.0007664498228755458,nan,nan,nan,0,0
11,103,0.24505560100078583,0.24505557119846344,0.06090351939201355,5.426424195320578e-06,0.0,5.4927170367591316e-08,0.14976564049720764,0.0802769621024112,0.0802769586443901,0.0321853905916214,0.03277396038174629,0.006247378420084715,0.004498818889260292,0.016648275777697563,0.06322914361953735,1.544725775718689,0.0007649209298683187,nan,nan,nan,0,0
11,104,0.3570115864276886,0.3569878935813904,0.12767204642295837,5.426424195320578e-06,0.0,4.737316339742392e-05,0.14311718940734863,0.09315762786647099,0.09315762668848038,0.03452972322702408,0.037325553596019745,0.0060369763523340225,0.005234953481703997,0.018690606579184532,0.07536349445581436,1.5447256565093994,0.0007633926222861959,nan,nan,nan,0,0
11,105,0.3031153380870819,0.3031109869480133,0.09311802685260773,5.426424195320578e-06,0.0,8.720959158381447e-06,0.14704687893390656,0.061350352592593846,0.06135035306215286,0.02304738201200962,0.024070562794804573,0.003930451348423958,0.0033916407264769077,0.010536585934460163,0.0501529723405838,1.5447255373001099,0.0007618649039190488,nan,nan,nan,0,0
11,106,0.20192398130893707,0.2019190788269043,0.040824443101882935,5.426424195320578e-06,0.0,9.814561963139568e-06,0.153132826089859,0.05286710057561058,0.0528670996427536,0.02421322464942932,0.015055669471621513,0.0024490049108862877,0.002388334833085537,0.008822707459330559,0.04350212588906288,1.5447254180908203,0.0007603377785552895,nan,nan,nan,0,0
11,107,0.31105726957321167,0.3110327124595642,0.09594273567199707,5.426424195320578e-06,0.0,4.91093669552356e-05,0.15700781345367432,0.05388632763524678,0.053886327892541885,0.024362381547689438,0.023081785067915916,0.003859019372612238,0.0032313528936356306,0.008024423383176327,0.041081830859184265,1.5447252988815308,0.0007588112499818598,nan,nan,nan,0,0
11,108,0.3066961467266083,0.3066955506801605,0.09343403577804565,5.426424195320578e-06,0.0,1.1623295677054557e-06,0.15107811987400055,0.12512086936830444,0.1251208782196045,0.05028747394680977,0.045973386615514755,0.007459292653948069,0.00667179748415947,0.021782992407679558,0.10216749459505081,1.5447251796722412,0.0007572853219842199,nan,nan,nan,0,0
11,109,0.1898532211780548,0.1898532211780548,0.03530064597725868,5.426424195320578e-06,0.0,8.790582484152765e-09,0.1499062478542328,0.24701655982004458,0.2470165491104126,0.09890569746494293,0.09877980500459671,0.017383771017193794,0.013885004445910454,0.04659814015030861,0.19700512290000916,1.5447250604629517,0.0007557599983463418,nan,nan,nan,0,0
11,110,0.24552001059055328,0.24549441039562225,0.060339923948049545,5.426424195320578e-06,0.0,5.121174035593867e-05,0.14284376800060272,0.2863972384635437,0.286397248506546,0.11103856563568115,0.11735965311527252,0.01939794048666954,0.016179999336600304,0.050749100744724274,0.22958001494407654,1.544724941253662,0.0007542352828506992,nan,nan,nan,0,0
11,111,0.2964335083961487,0.29640862345695496,0.08825185894966125,5.426424195320578e-06,0.0,4.976839045411907e-05,0.1429453343153,0.07109540578344542,0.07109540700912476,0.02770574949681759,0.029011627659201622,0.004637083504348993,0.003965463023632765,0.012959075160324574,0.05692195147275925,1.5447248220443726,0.0007527111792782567,nan,nan,nan,0,0
11,112,0.2224673479795456,0.22245962917804718,0.05067773163318634,5.426424195320578e-06,0.0,1.5442343283211812e-05,0.1539296805858612,0.1205655213410805,0.1205655187368393,0.05024634301662445,0.041078899055719376,0.006414955481886864,0.00634270953014493,0.017044395208358765,0.09975961595773697,1.544724702835083,0.000751187691408462,nan,nan,nan,0,0
11,113,0.20457185804843903,0.20443236827850342,0.04135872423648834,5.426424195320578e-06,0.0,0.0002789940044749528,0.1332968920469284,0.013580059451346712,0.013580059632658958,0.0054762102663517,0.004807226825505495,0.003413317957893014,0.0008493768982589245,0.003524612868204713,0.010321076959371567,1.5447245836257935,0.0007496648230192361,nan,nan,nan,0,0
11,114,0.3172164559364319,0.31721031665802,0.09981653839349747,5.426424195320578e-06,0.0,1.2304715710342862e-05,0.14649219810962677,0.08751433835210211,0.08751433342695236,0.0345999076962471,0.03631722182035446,0.0060254898853600025,0.004882582928985357,0.015175612643361092,0.06965787708759308,1.544724464416504,0.000748142577886964,nan,nan,nan,0,0
11,115,0.2604728639125824,0.2604281008243561,0.06789281219244003,5.426424195320578e-06,0.0,8.950940537033603e-05,0.14053906500339508,0.24390329053213688,0.2439032942056656,0.09225144237279892,0.09641648828983307,0.015063688158988953,0.013570880517363548,0.04601873457431793,0.19787253439426422,1.5447243452072144,0.0007466209597864843,nan,nan,nan,0,0
11,116,0.1786169707775116,0.1785927414894104,0.03191244229674339,5.426424195320578e-06,0.0,4.845452349400148e-05,0.15696093440055847,0.008146461489574057,0.008146461099386215,0.004857712425291538,0.0030478602275252342,0.0005032175104133785,0.0003696426865644753,0.0005228183581493795,0.00572842126712203,1.5447242259979248,0.0007450999724910811,nan,nan,nan,0,0
11,117,0.36718371510505676,0.3671814799308777,0.13412107527256012,5.426424195320578e-06,0.0,4.482480107981246e-06,0.14788281917572021,0.08270641642190794,0.08270641416311264,0.03155732899904251,0.036128245294094086,0.0059567708522081375,0.004965261556208134,0.01584140583872795,0.06502421945333481,1.5447241067886353,0.0007435796197724755,nan,nan,nan,0,0
11,118,0.26555219292640686,0.2655450701713562,0.07070790231227875,5.426424195320578e-06,0.0,1.4238818948797416e-05,0.1537734419107437,0.03588160647879205,0.03588160499930382,0.013780660927295685,0.01630883850157261,0.0027823124546557665,0.0019252962665632367,0.0057374583557248116,0.028057768940925598,1.5447239875793457,0.0007420599054008126,nan,nan,nan,0,0
11,119,0.26237159967422485,0.26235875487327576,0.06884699314832687,5.426424195320578e-06,0.0,2.5708082830533385e-05,0.1449296921491623,0.050175512968965566,0.050175514072179794,0.01793925277888775,0.01813986711204052,0.0029274618718773127,0.003111999947577715,0.013027705252170563,0.04097236692905426,1.5447238683700562,0.0007405408331446563,nan,nan,nan,0,0
11,120,0.21972471475601196,0.21971595287322998,0.04785434901714325,5.426424195320578e-06,0.0,1.753511060087476e-05,0.15418750047683716,0.3033806781086488,0.30338066816329956,0.11893955618143082,0.12319666147232056,0.01989142969250679,0.01692299172282219,0.05535290390253067,0.24283698201179504,1.5447237491607666,0.0007390224067709781,nan,nan,nan,0,0
11,121,0.2859835922718048,0.2859588861465454,0.08058400452136993,5.426424195320578e-06,0.0,4.943843305227347e-05,0.15703125298023224,0.2384678027663124,0.23846779763698578,0.09779471904039383,0.0886506512761116,0.013118794187903404,0.01315243262797594,0.04485669359564781,0.19257968664169312,1.544723629951477,0.0007375046300451466,nan,nan,nan,0,0
11,122,0.2489905208349228,0.2488989681005478,0.06190355122089386,5.426424195320578e-06,0.0,0.0001830948021961376,0.13646875321865082,0.196168144821707,0.19616815447807312,0.07593362778425217,0.07976341247558594,0.012824494391679764,0.010942698456346989,0.035232048481702805,0.1575700342655182,1.5447235107421875,0.0007359875067309207,nan,nan,nan,0,0
11,123,0.27980631589889526,0.27980172634124756,0.07807381451129913,5.426424195320578e-06,0.0,9.18849946174305e-06,0.15303125977516174,0.03394660821686756,0.03394660726189613,0.016750525683164597,0.008710341528058052,0.0017493065679445863,0.0015479043358936906,0.0066370414569973946,0.027320608496665955,1.544723391532898,0.0007344710405904387,nan,nan,nan,0,0
11,124,0.21823732554912567,0.21823731064796448,0.046789418905973434,5.426424195320578e-06,0.0,1.9774619275381156e-08,0.14985938370227814,0.11692536988714383,0.11692536622285843,0.043834906071424484,0.04666445404291153,0.007879924960434437,0.006575815379619598,0.02200053259730339,0.09477929025888443,1.5447232723236084,0.0007329552353842092,nan,nan,nan,0,0
11,125,0.27329427003860474,0.2732398808002472,0.07493965327739716,5.426424195320578e-06,0.0,0.00010877822933252901,0.1604296863079071,0.012155347655453286,0.012155347503721714,0.007161432411521673,0.005638043861836195,0.0027109843213111162,0.0008157151751220226,0.001869706902652979,0.007291652262210846,1.5447231531143188,0.000731440094871101,nan,nan,nan,0,0
11,126,0.2925530672073364,0.29255229234695435,0.08502182364463806,5.426424195320578e-06,0.0,1.5624970046701492e-06,0.15125000476837158,0.1516290974634745,0.15162910521030426,0.061282575130462646,0.06501950323581696,0.01195061020553112,0.008868182078003883,0.02691776305437088,0.11858442425727844,1.5447230339050293,0.0007299256228083357,nan,nan,nan,0,0
11,127,0.21016155183315277,0.21008165180683136,0.04357730224728584,5.426424195320578e-06,0.0,0.00015978541341610253,0.16264063119888306,0.10186310221323995,0.10186310112476349,0.038416408002376556,0.04408212751150131,0.008584410883486271,0.005879817996174097,0.020637989044189453,0.08014266192913055,1.5447229146957397,0.0007284118229514775,nan,nan,nan,0,0
11,128,0.22081653773784637,0.22078558802604675,0.04877578839659691,5.426424195320578e-06,0.0,6.189240230014548e-05,0.1578671783208847,0.02171881560584494,0.021718814969062805,0.012879869900643826,0.007698747329413891,0.002510982332751155,0.001168969552963972,0.0020137298852205276,0.015323790721595287,1.5447227954864502,0.0007268986990544221,nan,nan,nan,0,0
11,129,0.2822416126728058,0.2822254002094269,0.08060570806264877,5.426424195320578e-06,0.0,3.243642277084291e-05,0.14430470764636993,0.05532922014059776,0.05532922223210335,0.02220293879508972,0.02173353172838688,0.00351363024674356,0.0028878909070044756,0.010903863236308098,0.04423150420188904,1.5447226762771606,0.0007253862548693904,nan,nan,nan,0,0
11,130,0.2030150592327118,0.20299577713012695,0.0417853407561779,5.426424195320578e-06,0.0,3.8575752114411443e-05,0.14378906786441803,0.15438449997048798,0.15438449382781982,0.06134966388344765,0.06547072529792786,0.01143921259790659,0.009026392363011837,0.030631830915808678,0.1209699809551239,1.544722557067871,0.0007238744941469176,nan,nan,nan,0,0
11,131,0.46196064352989197,0.4618961215019226,0.2099219262599945,5.426424195320578e-06,0.0,0.00012903515016660094,0.16135936975479126,0.042791369966379326,0.042791370302438736,0.018370434641838074,0.020847566425800323,0.004193740896880627,0.00234418036416173,0.009806942194700241,0.03065532073378563,1.5447224378585815,0.0007223634206358432,nan,nan,nan,0,0
11,132,0.24862568080425262,0.24862055480480194,0.06716837733983994,5.426424195320578e-06,0.0,1.026000245474279e-05,0.15320312976837158,0.04987154111363312,0.0498715415596962,0.02637484297156334,0.02651694230735302,0.005581581499427557,0.0027387088630348444,0.007282522041350603,0.03157056123018265,1.544722318649292,0.0007208530380833035,nan,nan,nan,0,0
11,133,0.2715631425380707,0.27155643701553345,0.07316147536039352,5.426424195320578e-06,0.0,1.3425345969153568e-05,0.15366406738758087,0.015381177341244938,0.015381176955997944,0.006045042537152767,0.007176860701292753,0.001337006688117981,0.0009828908368945122,0.0019123032689094543,0.011921416968107224,1.5447221994400024,0.0007193433502347208,nan,nan,nan,0,0
11,134,0.26592057943344116,0.2659076154232025,0.07030735164880753,5.426424195320578e-06,0.0,2.59463231486734e-05,0.14490625262260437,0.05842046145675762,0.05842046067118645,0.025905154645442963,0.025260722264647484,0.00470944307744503,0.0034311385825276375,0.0081880372017622,0.04475235939025879,1.544722080230713,0.0007178343608337952,nan,nan,nan,0,0
11,135,0.2654256522655487,0.26536473631858826,0.0715869590640068,5.426424195320578e-06,0.0,0.00012186059029772878,0.13896095752716064,0.0772713064754687,0.07727130502462387,0.031482238322496414,0.03178960457444191,0.005630881991237402,0.004415151663124561,0.01313574705272913,0.06119964271783829,1.5447219610214233,0.0007163260736224942,nan,nan,nan,0,0
11,136,0.19770950078964233,0.19770874083042145,0.03938213735818863,5.426424195320578e-06,0.0,1.5236630588333355e-06,0.15123437345027924,0.14517214613667515,0.1451721489429474,0.055476266890764236,0.06053900346159935,0.010339470580220222,0.00830017775297165,0.027401309460401535,0.11578314006328583,1.5447218418121338,0.0007148184923410442,nan,nan,nan,0,0
11,137,0.43711769580841064,0.43711721897125244,0.18841864168643951,5.426424195320578e-06,0.0,9.689856597105972e-07,0.15098437666893005,0.004421988665935623,0.0044219885021448135,0.0015373078640550375,0.0015578008024021983,0.00037475497811101377,0.00024875247618183494,0.000977064366452396,0.0036887601017951965,1.5447217226028442,0.0007133116207279219,nan,nan,nan,0,0
11,138,0.20177395641803741,0.20176644623279572,0.039907436817884445,5.426424195320578e-06,0.0,1.5015758435765747e-05,0.14612498879432678,0.14005538667687828,0.14005538821220398,0.053368791937828064,0.05574697628617287,0.009082553908228874,0.007532108575105667,0.028119195252656937,0.11282572150230408,1.5447216033935547,0.0007118054625198424,nan,nan,nan,0,0
11,139,0.2291739284992218,0.22916334867477417,0.05191574618220329,5.426424195320578e-06,0.0,2.1174428184167482e-05,0.14539843797683716,0.049701100745909076,0.04970110207796097,0.019209863618016243,0.020689472556114197,0.0037623720709234476,0.0029135991353541613,0.010295378975570202,0.03929996117949486,1.5447214841842651,0.0007103000214517534,nan,nan,nan,0,0
11,140,0.26884177327156067,0.2688380479812622,0.07436218112707138,5.426424195320578e-06,0.0,7.476823157048784e-06,0.14726562798023224,0.1710311283977418,0.1710311323404312,0.06628355383872986,0.07162501662969589,0.011740189976990223,0.009791465476155281,0.029732685536146164,0.136419415473938,1.5447213649749756,0.0007087953012568239,nan,nan,nan,0,0
11,141,0.21797242760658264,0.21795447170734406,0.04712692275643349,5.426424195320578e-06,0.0,3.5906152334064245e-05,0.15599218010902405,0.2904005376635924,0.29040053486824036,0.11406758427619934,0.11722833663225174,0.0186003465205431,0.01625792682170868,0.054089564830064774,0.23247064650058746,1.544721245765686,0.0007072913056664339,nan,nan,nan,0,0
11,142,0.40530410408973694,0.4052966833114624,0.16265253722667694,5.426424195320578e-06,0.0,1.4834535249974579e-05,0.15385156869888306,0.24616276466504158,0.2461627572774887,0.09490840137004852,0.09982946515083313,0.016123296692967415,0.013878890313208103,0.045223090797662735,0.19780007004737854,1.5447211265563965,0.0007057880384101682,nan,nan,nan,0,0
11,143,0.2768464684486389,0.2768402397632599,0.07589522004127502,5.426424195320578e-06,0.0,1.246970805368619e-05,0.14646875858306885,0.10449238121580989,0.10449238121509552,0.041473764926195145,0.04297974705696106,0.007498930674046278,0.005905864294618368,0.015765294432640076,0.08373570442199707,1.544721007347107,0.000704285503215805,nan,nan,nan,0,0
11,144,0.32008084654808044,0.3200586438179016,0.10226315259933472,5.426424195320578e-06,0.0,4.440979682840407e-05,0.15666407346725464,0.10660011042561643,0.10660011321306229,0.048016153275966644,0.05064328387379646,0.009588862769305706,0.005984274670481682,0.01781526394188404,0.07776984572410583,1.5447208881378174,0.0007027837038093075,nan,nan,nan,0,0
11,145,0.22515355050563812,0.22507096827030182,0.050567496567964554,5.426424195320578e-06,0.0,0.0001651623606448993,0.16285155713558197,0.04003693778573656,0.04003693535923958,0.01932743564248085,0.010762517340481281,0.0026577815879136324,0.001778947189450264,0.008311604149639606,0.032159969210624695,1.5447207689285278,0.0007012826439148129,nan,nan,nan,0,0
11,146,0.2728506624698639,0.2728404998779297,0.0747397243976593,5.426424195320578e-06,0.0,2.0320348994573578e-05,0.1545078158378601,0.16790274508253983,0.16790273785591125,0.06756073236465454,0.07060333341360092,0.011726032011210918,0.009649105370044708,0.030583256855607033,0.13219723105430603,1.5447206497192383,0.000699782327254626,nan,nan,nan,0,0
11,147,0.22343486547470093,0.22340115904808044,0.04931245744228363,5.426424195320578e-06,0.0,6.741956894984469e-05,0.15821094810962677,0.15920328812300782,0.15920329093933105,0.060910411179065704,0.06409486383199692,0.010190934874117374,0.008903292007744312,0.028085513040423393,0.12866832315921783,1.5447205305099487,0.0006982827575492082,nan,nan,nan,0,0
11,148,0.32182708382606506,0.32181087136268616,0.10290572047233582,5.426424195320578e-06,0.0,3.243642277084291e-05,0.15569530427455902,0.30708380715328343,0.3070838153362274,0.1192401722073555,0.12781931459903717,0.02056306041777134,0.017513884231448174,0.05590159818530083,0.24472413957118988,1.5447204113006592,0.0006967839385171683,nan,nan,nan,0,0
11,149,0.3450687825679779,0.34493187069892883,0.11881626397371292,5.426424195320578e-06,0.0,0.0002737990871537477,0.16654688119888306,0.05794010316533315,0.057940103113651276,0.021308865398168564,0.02252727746963501,0.00460198475047946,0.003357039298862219,0.010856401175260544,0.047383543103933334,1.5447202920913696,0.0006952858738752536,nan,nan,nan,0,0
11,150,0.23167216777801514,0.23166537284851074,0.054975464940071106,5.426424195320578e-06,0.0,1.3597663382824976e-05,0.14631250500679016,0.04529569423728476,0.04529569298028946,0.019601525738835335,0.019499734044075012,0.0035553709603846073,0.002556596416980028,0.005953054875135422,0.03510875627398491,1.54472017288208,0.0006937885673383412,nan,nan,nan,0,0
11,151,0.3261794447898865,0.3261335790157318,0.10614990442991257,5.426424195320578e-06,0.0,9.174045408144593e-05,0.14042188227176666,0.04890628948150617,0.04890628904104233,0.01930925063788891,0.020777247846126556,0.004068188834935427,0.0028583714738488197,0.007886792533099651,0.03873450681567192,1.5447200536727905,0.0006922920226194278,nan,nan,nan,0,0
11,152,0.5201523303985596,0.5201317667961121,0.2674863040447235,5.426424195320578e-06,0.0,4.114030161872506e-05,0.1435859352350235,0.11923554514885586,0.11923554539680481,0.0530490018427372,0.051378924399614334,0.00863039679825306,0.007182017434388399,0.01854868233203888,0.09106594324111938,1.544719934463501,0.0006907962434296208,nan,nan,nan,0,0
11,153,0.32896897196769714,0.3289279639720917,0.11093030869960785,5.426424195320578e-06,0.0,8.19874185253866e-05,0.159054696559906,0.0802727736065681,0.08027277886867523,0.034990668296813965,0.033988986164331436,0.006561341695487499,0.004801883827894926,0.012167737819254398,0.06204802170395851,1.5447198152542114,0.0006893012334781296,nan,nan,nan,0,0
11,154,0.30450791120529175,0.3045009672641754,0.09208901226520538,5.426424195320578e-06,0.0,1.3887337445339654e-05,0.1462734341621399,0.17839106571727273,0.17839106917381287,0.06635929644107819,0.06840845942497253,0.010136233642697334,0.009971944615244865,0.03596178814768791,0.14575549960136414,1.5447196960449219,0.0006878069964722569,nan,nan,nan,0,0
11,155,0.24060451984405518,0.24059924483299255,0.0588596947491169,5.426424195320578e-06,0.0,1.05625185824465e-05,0.14675000309944153,0.14264487154248678,0.14264486730098724,0.05435953661799431,0.05786406248807907,0.009072923101484776,0.00795157440006733,0.027447152882814407,0.11465364694595337,1.5447195768356323,0.0006863135361173863,nan,nan,nan,0,0
11,156,0.17558793723583221,0.17558787763118744,0.03106795623898506,5.426424195320578e-06,0.0,1.1815717471108655e-07,0.15034374594688416,0.00959703985480538,0.00959703978151083,0.00403645820915699,0.0036393303889781237,0.0010073186131194234,0.0004944255924783647,0.0005899426760151982,0.007807577960193157,1.5447194576263428,0.0006848208561169777,nan,nan,nan,0,0
11,157,0.21721036732196808,0.2171855866909027,0.0482649989426136,5.426424195320578e-06,0.0,4.954850737703964e-05,0.14296093583106995,0.04977506604625217,0.04977506399154663,0.027357162907719612,0.02303352952003479,0.004687851294875145,0.0032419662456959486,0.007106850855052471,0.03340068459510803,1.5447193384170532,0.0006833289601725553,nan,nan,nan,0,0
11,158,0.2722281217575073,0.2722265124320984,0.07431377470493317,5.426424195320578e-06,0.0,3.2007471872930182e-06,0.15178906917572021,0.0161949918749966,0.016194991767406464,0.011121885851025581,0.007350296247750521,0.0026475992053747177,0.0005582059966400266,0.00156947853974998,0.008646960370242596,1.5447192192077637,0.000681837851983698,nan,nan,nan,0,0
11,159,0.2479616105556488,0.24793121218681335,0.0612110011279583,5.426424195320578e-06,0.0,6.0791160649387166e-05,0.14220313727855682,0.3023884317737854,0.30238842964172363,0.11875414848327637,0.12237642705440521,0.01909136213362217,0.016997305676341057,0.05453375354409218,0.24234873056411743,1.5447190999984741,0.0006803475352480326,nan,nan,nan,0,0
11,160,0.3950125575065613,0.3949609696865082,0.15465442836284637,5.426424195320578e-06,0.0,0.00010314929386368021,0.16015625,0.032786936904009925,0.03278693929314613,0.013035951182246208,0.012231948785483837,0.0031258962117135525,0.0019319010898470879,0.0063226050697267056,0.02649429813027382,1.5447189807891846,0.0006788580136612226,nan,nan,nan,0,0
11,161,0.2471277415752411,0.2470797449350357,0.06031336262822151,5.426424195320578e-06,0.0,9.597900498192757e-05,0.14020311832427979,0.1123390365199856,0.11233903467655182,0.045787081122398376,0.04660350829362869,0.00809432752430439,0.00613954896107316,0.019834602251648903,0.08862895518541336,1.544718861579895,0.0006773692909169603,nan,nan,nan,0,0
11,162,0.25396838784217834,0.2539342939853668,0.06375674158334732,5.426424195320578e-06,0.0,6.81913661537692e-05,0.15825781226158142,0.10356040983848713,0.10356041043996811,0.047756657004356384,0.04737559333443642,0.00869002565741539,0.005745809059590101,0.01803121715784073,0.07593390345573425,1.5447187423706055,0.0006758813707069557,nan,nan,nan,0,0
11,163,0.17646512389183044,0.1764615774154663,0.03130438178777695,5.426424195320578e-06,0.0,7.097212346707238e-06,0.15266406536102295,0.05677438475029228,0.056774385273456573,0.021837284788489342,0.02371925674378872,0.003994534257799387,0.0033678188920021057,0.010697265155613422,0.04518993943929672,1.544718623161316,0.0006743942567209298,nan,nan,nan,0,0
11,164,0.26406770944595337,0.26406723260879517,0.06863584369421005,5.426424195320578e-06,0.0,9.690149909147294e-07,0.1490156203508377,0.05122706636006448,0.05122706666588783,0.025628075003623962,0.020574631169438362,0.0036711094435304403,0.0029650770593434572,0.006608685478568077,0.038446784019470215,1.5447185039520264,0.000672907952646605,nan,nan,nan,0,0
11,165,0.2022828459739685,0.20225052535533905,0.04147540405392647,5.426424195320578e-06,0.0,6.462667806772515e-05,0.15803907811641693,0.636998604359111,0.6369985938072205,0.24259410798549652,0.25563299655914307,0.042812563478946686,0.03575751930475235,0.12204695492982864,0.5133810639381409,1.5447183847427368,0.0006714224621696929,nan,nan,nan,0,0
11,166,0.21267010271549225,0.21264278888702393,0.04469939321279526,5.426424195320578e-06,0.0,5.4621457820758224e-05,0.1426093727350235,0.02257826405190913,0.02257826365530491,0.008712520822882652,0.008577346801757812,0.002277067629620433,0.0012542146723717451,0.0013243978610262275,0.01875598542392254,1.5447182655334473,0.0006699377889738899,nan,nan,nan,0,0
11,167,0.2275305986404419,0.2275209277868271,0.05217116326093674,5.426424195320578e-06,0.0,1.9346363842487335e-05,0.1456015557050705,0.12456481605095068,0.12456481158733368,0.05393505468964577,0.05130806192755699,0.008561834692955017,0.006957832723855972,0.018655724823474884,0.09749427437782288,1.5447181463241577,0.000668453936740865,nan,nan,nan,0,0
11,168,0.2205176204442978,0.22050908207893372,0.048514705151319504,5.426424195320578e-06,0.0,1.7080095858545974e-05,0.14586719870567322,0.07445699751153215,0.07445699721574783,0.03269156441092491,0.03160282224416733,0.005414409562945366,0.0041970619931817055,0.011724922806024551,0.057375628501176834,1.5447180271148682,0.0006669709091502505,nan,nan,nan,0,0
11,169,0.20770131051540375,0.20765036344528198,0.044148169457912445,5.426424195320578e-06,0.0,0.00010188375745201483,0.13990625739097595,0.06676282721184129,0.06676282733678818,0.027686579152941704,0.026385663077235222,0.004438063129782677,0.0037349830381572247,0.011036914773285389,0.053282879292964935,1.5447179079055786,0.0006654887098796351,nan,nan,nan,0,0
11,170,0.5313014984130859,0.5312865972518921,0.2873823642730713,5.426424195320578e-06,0.0,2.9821787393302657e-05,0.14453907310962677,0.01939053784678401,0.019390536472201347,0.007727131713181734,0.0076311370357871056,0.0017306482186540961,0.0010768900392577052,0.0036097366828471422,0.015519829466938972,1.544717788696289,0.000664007342604553,nan,nan,nan,0,0
11,171,0.1798914223909378,0.17982779443264008,0.03257128596305847,5.426424195320578e-06,0.0,0.0001272666413569823,0.13871875405311584,0.04928323657287115,0.049283236265182495,0.020648034289479256,0.0211611520498991,0.004173933528363705,0.003041621996089816,0.008384432643651962,0.03818022832274437,1.5447176694869995,0.0006625268109984747,nan,nan,nan,0,0
11,172,0.24701382219791412,0.24691778421401978,0.06137251481413841,5.426424195320578e-06,0.0,0.00019208231242373586,0.1361406296491623,0.0943835779436155,0.09438357502222061,0.03962663933634758,0.038802728056907654,0.0070527163334190845,0.005228724796324968,0.017200220376253128,0.07388781756162643,1.54471755027771,0.0006610471187327987,nan,nan,nan,0,0
11,173,0.23453401029109955,0.23446887731552124,0.05488693714141846,5.426424195320578e-06,0.0,0.0001302805612795055,0.13858595490455627,0.017853641758621655,0.017853641882538795,0.01110092643648386,0.006389196030795574,0.0019387324573472142,0.0011200043372809887,0.002206044737249613,0.012034134939312935,1.5447174310684204,0.0006595682694768426,nan,nan,nan,0,0
11,174,0.26909247040748596,0.26897427439689636,0.07213763892650604,5.426424195320578e-06,0.0,0.0002363907260587439,0.13462500274181366,0.11739711415394412,0.11739711463451385,0.04637373238801956,0.047802288085222244,0.00793762132525444,0.006624927744269371,0.01913468912243843,0.09419909119606018,1.5447173118591309,0.0006580902668978331,nan,nan,nan,0,0
11,175,0.27236199378967285,0.2722921371459961,0.07306031882762909,5.426424195320578e-06,0.0,0.0001397195301251486,0.1381797045469284,0.16630926657851877,0.16630926728248596,0.06736597418785095,0.06772925704717636,0.011270426213741302,0.009494036436080933,0.028977714478969574,0.13219863176345825,1.5447171926498413,0.0006566131146608969,nan,nan,nan,0,0
11,176,0.23490196466445923,0.2348964512348175,0.05593693628907204,5.426424195320578e-06,0.0,1.1024534614989534e-05,0.14667968451976776,0.1136894428858185,0.11368944495916367,0.048615843057632446,0.047358863055706024,0.008177320472896099,0.006391632370650768,0.019407719373703003,0.08851297199726105,1.5447170734405518,0.000655136816429053,nan,nan,nan,0,0
11,177,0.19302377104759216,0.19302134215831757,0.03701154142618179,5.426424195320578e-06,0.0,4.853745394939324e-06,0.1477968841791153,0.10859988693520344,0.10859988629817963,0.045258041471242905,0.04283900931477547,0.007090459112077951,0.006096753757447004,0.019094951450824738,0.08636204153299332,1.5447169542312622,0.0006536613758632023,nan,nan,nan,0,0
11,178,0.2845989167690277,0.2845396101474762,0.08120591938495636,5.426424195320578e-06,0.0,0.00011860555969178677,0.13910938799381256,0.058003731373630706,0.058003731071949005,0.023543087765574455,0.02353041246533394,0.005736357066780329,0.0034446432255208492,0.01256449706852436,0.04531928524374962,1.5447168350219727,0.0006521867966221179,nan,nan,nan,0,0
11,179,0.2579416036605835,0.25791463255882263,0.06656282395124435,5.426424195320578e-06,0.0,5.3930507419863716e-05,0.14265626668930054,0.018796158120454643,0.018796158954501152,0.0067044589668512344,0.008420663885772228,0.0017684766789898276,0.0011766429524868727,0.0034563110675662756,0.014865400269627571,1.544716715812683,0.0006507130823624386,nan,nan,nan,0,0
11,180,0.2882947325706482,0.288274347782135,0.0830749049782753,5.426424195320578e-06,0.0,4.07402403652668e-05,0.1436171978712082,0.004328291590134092,0.004328291397541761,0.0019486495293676853,0.0018884314922615886,0.0015629895497113466,0.00034765471355058253,0.001148216426372528,0.00273651210591197,1.5447165966033936,0.000649240236738657,nan,nan,nan,0,0
11,181,0.2700009346008301,0.2699979245662689,0.07391145825386047,5.426424195320578e-06,0.0,6.017790838086512e-06,0.15245312452316284,0.06026332882854819,0.06026332825422287,0.025702862069010735,0.027535196393728256,0.005634628236293793,0.0035734069533646107,0.011662372387945652,0.045081209391355515,1.544716477394104,0.0006477682634031128,nan,nan,nan,0,0
11,182,0.32276201248168945,0.3227042257785797,0.10262451320886612,5.426424195320578e-06,0.0,0.0001155627251137048,0.1392499953508377,0.09080390848054852,0.09080390632152557,0.0383811853826046,0.036288805305957794,0.006162289064377546,0.00503879226744175,0.015039130114018917,0.07187362760305405,1.5447163581848145,0.000646297166005981,nan,nan,nan,0,0
11,183,0.22137270867824554,0.22132137417793274,0.0487808883190155,5.426424195320578e-06,0.0,0.00010267402831232175,0.13986718654632568,0.1395361555096643,0.13953615725040436,0.0561399981379509,0.055936284363269806,0.009085564874112606,0.008097569458186626,0.023899810388684273,0.11167117953300476,1.544716238975525,0.0006448269481952659,nan,nan,nan,0,0
11,184,0.28218236565589905,0.2821339964866638,0.07917468994855881,5.426424195320578e-06,0.0,9.674549073679373e-05,0.1401640772819519,0.30917428300777444,0.3091742694377899,0.12913571298122406,0.12490804493427277,0.020874880254268646,0.017479220405220985,0.05232636258006096,0.24460448324680328,1.5447161197662354,0.0006433576136167904,nan,nan,nan,0,0
11,185,0.182491272687912,0.18247024714946747,0.0344143845140934,5.426424195320578e-06,0.0,4.2047111492138356e-05,0.15648438036441803,0.28406127021807714,0.2840612530708313,0.10735660046339035,0.11686363816261292,0.018710006028413773,0.016477158293128014,0.04858040809631348,0.22918690741062164,1.5447160005569458,0.0006418891659141864,nan,nan,nan,0,0
11,186,0.22483228147029877,0.22482870519161224,0.049536217004060745,5.426424195320578e-06,0.0,7.138876298995456e-06,0.15267187356948853,0.035694129956358414,0.03569412976503372,0.012639006599783897,0.01101649459451437,0.002189900493249297,0.002101554535329342,0.0056664482690393925,0.030848702415823936,1.5447158813476562,0.0006404216087288872,nan,nan,nan,0,0
11,187,0.27335771918296814,0.2732512354850769,0.07412655651569366,5.426424195320578e-06,0.0,0.0002129775530193001,0.16459375619888306,0.3532308769801817,0.35323086380958557,0.13414199650287628,0.13927766680717468,0.022287484258413315,0.01971200667321682,0.06848669797182083,0.28601396083831787,1.5447157621383667,0.0006389549457001178,nan,nan,nan,0,0
11,188,0.334067165851593,0.3340669572353363,0.1135295182466507,5.426424195320578e-06,0.0,4.3064073906862177e-07,0.15065623819828033,0.2203710177032692,0.22037102282047272,0.08408718556165695,0.0870448425412178,0.013437747023999691,0.012213753536343575,0.04067640006542206,0.17869417369365692,1.5447156429290771,0.0006374891804648854,nan,nan,nan,0,0
11,189,0.3019311726093292,0.3019295334815979,0.09094153344631195,5.426424195320578e-06,0.0,3.2851121432031505e-06,0.148187518119812,0.21514431878968346,0.2151443213224411,0.08795735985040665,0.09114581346511841,0.01494335662573576,0.012435591779649258,0.036484017968177795,0.16892006993293762,1.5447155237197876,0.0006360243166579714,nan,nan,nan,0,0
11,190,0.25794416666030884,0.2579270601272583,0.06665775924921036,5.426424195320578e-06,0.0,3.424066017032601e-05,0.1558515578508377,0.2181721300397461,0.2181721329689026,0.08382655680179596,0.08748473972082138,0.013956560753285885,0.012346429750323296,0.04020501673221588,0.17594017088413239,1.544715404510498,0.0006345603579119217,nan,nan,nan,0,0
12,1,0.257659375667572,0.2576305568218231,0.06603439152240753,5.426424195320578e-06,0.0,5.766505273641087e-05,0.1575937569141388,0.08686146814993985,0.08686146885156631,0.031455978751182556,0.03581784665584564,0.005448268260806799,0.0048465849831700325,0.01686227135360241,0.07024961709976196,1.5447152853012085,0.000633097307857038,nan,nan,nan,0,0
12,2,0.26745811104774475,0.26745155453681946,0.07461296766996384,5.426424195320578e-06,0.0,1.3140665032551624e-05,0.1536250114440918,0.08920019349151356,0.08920019119977951,0.03275797516107559,0.03632570430636406,0.0058664195239543915,0.0051271370612084866,0.01817287690937519,0.0719241052865982,1.544715166091919,0.000631635170121368,nan,nan,nan,0,0
12,3,0.1851530373096466,0.18510542809963226,0.033952489495277405,5.426424195320578e-06,0.0,9.521469473838806e-05,0.1597578078508377,0.12198641130380186,0.12198641151189804,0.04848824441432953,0.04792007803916931,0.007562575861811638,0.006837268825620413,0.021556494757533073,0.09830878674983978,1.5447150468826294,0.0006301739483306974,nan,nan,nan,0,0
12,4,0.49201199412345886,0.49185195565223694,0.23545117676258087,5.426424195320578e-06,0.0,0.00032007417757995427,0.16789062321186066,0.07660020889542646,0.07660020887851715,0.02841636911034584,0.03023117035627365,0.006151413079351187,0.004370759706944227,0.016531530767679214,0.06177332252264023,1.5447149276733398,0.0006287136461085415,nan,nan,nan,0,0
12,5,0.2199515849351883,0.21993988752365112,0.04767277091741562,5.426424195320578e-06,0.0,2.3386251996271312e-05,0.15483593940734863,0.08836512811750816,0.08836513012647629,0.03664481267333031,0.04067489504814148,0.007854362949728966,0.0049453312531113625,0.015383588150143623,0.066994808614254,1.5447148084640503,0.0006272542670761334,nan,nan,nan,0,0
12,6,0.1956716775894165,0.19559882581233978,0.03940118849277496,5.426424195320578e-06,0.0,0.00014569281484000385,0.16207033395767212,0.33429505053097014,0.33429503440856934,0.12645795941352844,0.13159123063087463,0.02024594321846962,0.018919702619314194,0.06445712596178055,0.27115076780319214,1.5447146892547607,0.000625795814852418,nan,nan,nan,0,0
12,7,0.25119414925575256,0.25115668773651123,0.06274746358394623,5.426424195320578e-06,0.0,7.493089651688933e-05,0.1586562693119049,0.26707087184745837,0.26707085967063904,0.1016763225197792,0.10771556943655014,0.01699495129287243,0.015249435789883137,0.049921710044145584,0.2153429388999939,1.5447145700454712,0.0006243382930540428,nan,nan,nan,0,0
12,8,0.2786955237388611,0.2786952257156372,0.07845855504274368,5.426424195320578e-06,0.0,6.226175628398778e-07,0.14921094477176666,0.18066794951905546,0.1806679517030716,0.07172568887472153,0.07587132602930069,0.012545292265713215,0.010246342048048973,0.032287489622831345,0.1429511159658432,1.5447144508361816,0.0006228817052953458,nan,nan,nan,0,0
12,9,0.26127827167510986,0.26127782464027405,0.06895776093006134,5.426424195320578e-06,0.0,9.233887112714001e-07,0.14903907477855682,0.009784690667886516,0.009784691035747528,0.004445735830813646,0.005623774137347937,0.0017244910122826695,0.00047769586672075093,0.0013653368223458529,0.0062675802037119865,1.544714331626892,0.0006214260551883505,nan,nan,nan,0,0
12,10,0.28035828471183777,0.2803187668323517,0.08412925899028778,5.426424195320578e-06,0.0,7.904328231234103e-05,0.15889063477516174,0.08342725411424222,0.08342725783586502,0.03229574114084244,0.03411123529076576,0.005687739700078964,0.004725479055196047,0.015769781544804573,0.06670943647623062,1.5447142124176025,0.000619971346342755,nan,nan,nan,0,0
12,11,0.20856845378875732,0.2085665613412857,0.0430184043943882,5.426424195320578e-06,0.0,3.784257387451362e-06,0.14805468916893005,0.041321023910806665,0.04132102429866791,0.015709249302744865,0.01624988205730915,0.0027352399192750454,0.0022992214653640985,0.007086335681378841,0.03366903215646744,1.544714093208313,0.0006185175823659232,nan,nan,nan,0,0
12,12,0.27481892704963684,0.2748112678527832,0.07498011738061905,5.426424195320578e-06,0.0,1.5319852536777034e-05,0.1460859477519989,0.00814914173912984,0.008149141445755959,0.00381098547950387,0.003519680118188262,0.0012882457813248038,0.0006321084219962358,0.002685284474864602,0.005497896112501621,1.5447139739990234,0.000617064766862875,nan,nan,nan,0,0
12,13,0.2907438278198242,0.2907407581806183,0.08575806021690369,5.426424195320578e-06,0.0,6.133339866210008e-06,0.15247656404972076,0.1886569626934723,0.18865695595741272,0.07395416498184204,0.07414982467889786,0.01281845010817051,0.011019148863852024,0.03302522376179695,0.15247175097465515,1.5447138547897339,0.0006156129034362795,nan,nan,nan,0,0
12,14,0.2664026618003845,0.26633840799331665,0.07011238485574722,5.426424195320578e-06,0.0,0.0001285035104956478,0.13866406679153442,0.22575721645729097,0.22575722634792328,0.09260692447423935,0.09384806454181671,0.01837405562400818,0.013260627165436745,0.03716468811035156,0.1780116707086563,1.5447137355804443,0.0006141619956864448,nan,nan,nan,0,0
12,15,0.2651393413543701,0.26511719822883606,0.06945662200450897,5.426424195320578e-06,0.0,4.430578701430932e-05,0.1433437466621399,0.2200345928750325,0.22003459930419922,0.09211873263120651,0.09109563380479813,0.01649031974375248,0.012757586315274239,0.03776370361447334,0.1725403219461441,1.5447136163711548,0.000612712047211308,nan,nan,nan,0,0
12,16,0.3045452833175659,0.3045159876346588,0.09310109913349152,5.426424195320578e-06,0.0,5.861833778908476e-05,0.14234374463558197,0.15211744389190407,0.15211744606494904,0.06559274345636368,0.06168831139802933,0.01141645759344101,0.008739743381738663,0.024091333150863647,0.11935137212276459,1.5447134971618652,0.0006112630616064284,nan,nan,nan,0,0
12,17,0.2506829798221588,0.25065067410469055,0.06204625219106674,5.426424195320578e-06,0.0,6.462643796112388e-05,0.14196094870567322,0.15527372139200077,0.15527372062206268,0.062497373670339584,0.06012103334069252,0.013034513220191002,0.008953019976615906,0.02632114477455616,0.12508641183376312,1.5447133779525757,0.000609815042464978,nan,nan,nan,0,0
12,18,0.3008534610271454,0.3008480966091156,0.09291116893291473,5.426424195320578e-06,0.0,1.0715424650697969e-05,0.1467265635728836,0.009759232973318701,0.009759233333170414,0.006945884320884943,0.002641178434714675,0.0013256845995783806,0.0008308965479955077,0.002602901542559266,0.005549645982682705,1.5447132587432861,0.0006083679933777305,nan,nan,nan,0,0
12,19,0.2009144276380539,0.20091164112091064,0.04077085852622986,5.426424195320578e-06,0.0,5.566651907429332e-06,0.15235938131809235,0.012683721063042684,0.012683720327913761,0.0073201959021389484,0.007230889983475208,0.0016459443140774965,0.0008690542308613658,0.0029446263797581196,0.006547559052705765,1.5447131395339966,0.0006069219179330555,nan,nan,nan,0,0
12,20,0.22694769501686096,0.22692084312438965,0.05031120777130127,5.426424195320578e-06,0.0,5.370138387661427e-05,0.1426718831062317,0.1788474224153048,0.17884741723537445,0.07322829216718674,0.07323600351810455,0.015155887231230736,0.010522907599806786,0.03158941492438316,0.1411459594964981,1.544713020324707,0.0006054768197169078,nan,nan,nan,0,0
12,21,0.18375900387763977,0.1836966872215271,0.03395265340805054,5.426424195320578e-06,0.0,0.0001246364408871159,0.13883593678474426,0.0808824364282144,0.08088243752717972,0.03288813680410385,0.03147396072745323,0.006559159606695175,0.0045715197920799255,0.01263291947543621,0.06516300141811371,1.5447129011154175,0.0006040327023128193,nan,nan,nan,0,0
12,22,0.1561359018087387,0.15607912838459015,0.024241827428340912,5.426424195320578e-06,0.0,0.00011355571768945083,0.1393437534570694,0.07622730986146294,0.07622730731964111,0.03188754990696907,0.03484582155942917,0.009216347709298134,0.004793122876435518,0.0120371263474226,0.057677969336509705,1.544712781906128,0.0006025895693018886,nan,nan,nan,0,0
12,23,0.33248522877693176,0.33241748809814453,0.10991376638412476,5.426424195320578e-06,0.0,0.0001355044514639303,0.16164064407348633,0.02390335683454254,0.02390335686504841,0.012384140864014626,0.012086807750165462,0.003081914270296693,0.0015938464784994721,0.006599513813853264,0.014707837253808975,1.5447126626968384,0.0006011474242627738,nan,nan,nan,0,0
12,24,0.29044732451438904,0.2903858721256256,0.08351261913776398,5.426424195320578e-06,0.0,0.00012289779260754585,0.16108593344688416,0.02877794660765743,0.028777947649359703,0.009973962791264057,0.008518382906913757,0.0021348970476537943,0.0018813004717230797,0.007467361632734537,0.024336574599146843,1.5447125434875488,0.0005997062707716838,nan,nan,nan,0,0
12,25,0.21161037683486938,0.2115757018327713,0.04440191388130188,5.426424195320578e-06,0.0,6.935741839697585e-05,0.158328115940094,0.006028082969068837,0.006028083153069019,0.0020666071213781834,0.0015721576055511832,0.001131389057263732,0.0005028533050790429,0.002998772542923689,0.004366886802017689,1.5447124242782593,0.0005982661124023673,nan,nan,nan,0,0
12,26,0.21087536215782166,0.21079878509044647,0.04365457594394684,5.426424195320578e-06,0.0,0.00015314092161133885,0.16237501800060272,0.02038433303371618,0.020384332165122032,0.007805984932929277,0.006041225045919418,0.0016333938110619783,0.0010172483744099736,0.003755645826458931,0.017328692600131035,1.5447123050689697,0.0005968269527261062,nan,nan,nan,0,0
12,27,0.33997607231140137,0.3399428725242615,0.11495739221572876,5.426424195320578e-06,0.0,6.639718048973009e-05,0.14185155928134918,0.07574196067428904,0.0757419541478157,0.03194205462932587,0.033924367278814316,0.00775112584233284,0.004659254569560289,0.012467030435800552,0.05769290775060654,1.5447121858596802,0.0005953887953117062,nan,nan,nan,0,0
12,28,0.3356523811817169,0.3356519639492035,0.11452149599790573,5.426424195320578e-06,0.0,8.213050364247465e-07,0.14909374713897705,0.2492073449181044,0.24920734763145447,0.0981423631310463,0.1030353456735611,0.02202788181602955,0.014544772915542126,0.046439167112112045,0.19749106466770172,1.5447120666503906,0.0005939516437254862,nan,nan,nan,0,0
12,29,0.2770806550979614,0.27707818150520325,0.0768318921327591,5.426424195320578e-06,0.0,4.922865173284663e-06,0.14778125286102295,0.09623944435895249,0.09623944759368896,0.03504662588238716,0.03639058768749237,0.007090874947607517,0.005531885661184788,0.021077578887343407,0.07864059507846832,1.544711947441101,0.000592515501531272,nan,nan,nan,0,0
12,30,0.1994478404521942,0.19936466217041016,0.03950916975736618,5.426424195320578e-06,0.0,0.00016636989312246442,0.162898451089859,0.07034856502222352,0.07034856826066971,0.02686348184943199,0.029670769348740578,0.005943543277680874,0.004166643135249615,0.013958952389657497,0.05567207932472229,1.5447118282318115,0.0005910803722903861,nan,nan,nan,0,0
12,31,0.21451815962791443,0.2144431322813034,0.04577642306685448,5.426424195320578e-06,0.0,0.00015006301691755652,0.16225002706050873,0.057311655353585275,0.057311657816171646,0.023611849173903465,0.02422497048974037,0.006354628596454859,0.003415654180571437,0.01123571302741766,0.04429410770535469,1.544711709022522,0.0005896462595616396,nan,nan,nan,0,0
12,32,0.32534146308898926,0.3253409266471863,0.10590393096208572,5.426424195320578e-06,0.0,1.0796414926517173e-06,0.14896094799041748,0.10483094561443589,0.10483094304800034,0.03941940516233444,0.04397176206111908,0.009871600195765495,0.006277034059166908,0.018759414553642273,0.08374578505754471,1.5447115898132324,0.0005882131669013215,nan,nan,nan,0,0
12,33,0.3868250250816345,0.3868248462677002,0.14848193526268005,5.426424195320578e-06,0.0,3.6187429941492155e-07,0.14939844608306885,0.2635231286720219,0.263523131608963,0.10186083614826202,0.11009558290243149,0.02280517853796482,0.015454079024493694,0.04946169629693031,0.20914685726165771,1.5447114706039429,0.0005867810978631926,nan,nan,nan,0,0
12,34,0.3534533977508545,0.35340601205825806,0.12903214991092682,5.426424195320578e-06,0.0,9.47580992942676e-05,0.15973438322544098,0.11369509728431139,0.11369509249925613,0.04383649677038193,0.04654046148061752,0.009959781542420387,0.006552026141434908,0.02182566188275814,0.09066662192344666,1.5447113513946533,0.0005853500559984744,nan,nan,nan,0,0
12,35,0.21874390542507172,0.21872590482234955,0.04800812155008316,5.426424195320578e-06,0.0,3.599978663260117e-05,0.15599998831748962,0.05895300324097354,0.05895300209522247,0.029014745727181435,0.03364928066730499,0.007604838348925114,0.003693988313898444,0.00933672022074461,0.03664251044392586,1.5447112321853638,0.000583920044855842,nan,nan,nan,0,0
12,36,0.258745014667511,0.2587020993232727,0.0662667378783226,5.426424195320578e-06,0.0,8.585165051044896e-05,0.14073438942432404,0.1746144657964327,0.17461447417736053,0.0746157243847847,0.07241538912057877,0.015425843186676502,0.010144105181097984,0.028393929824233055,0.13613097369670868,1.5447111129760742,0.0005824910679814139,nan,nan,nan,0,0
12,37,0.24530337750911713,0.24529799818992615,0.059754084795713425,5.426424195320578e-06,0.0,1.0766605555545539e-05,0.15328125655651093,0.04420725796381044,0.04420726001262665,0.023270893841981888,0.022089829668402672,0.004983309656381607,0.0025050132535398006,0.007933445274829865,0.028822535648941994,1.5447109937667847,0.0005810631289187443,nan,nan,nan,0,0
12,38,0.20400822162628174,0.20393715798854828,0.041437722742557526,5.426424195320578e-06,0.0,0.00014213129179552197,0.13807812333106995,0.16018119566037017,0.1601811945438385,0.06612620502710342,0.06571007519960403,0.013409625738859177,0.009170220233500004,0.02655312605202198,0.12648536264896393,1.5447108745574951,0.0005796362312088136,nan,nan,nan,0,0
12,39,0.19974350929260254,0.19973939657211304,0.03966660797595978,5.426424195320578e-06,0.0,8.22078982309904e-06,0.14713281393051147,0.0625567255166999,0.06255672872066498,0.02610597386956215,0.025617698207497597,0.004646766930818558,0.003499027108773589,0.010185237042605877,0.04937591403722763,1.5447107553482056,0.0005782103783900196,nan,nan,nan,0,0
12,40,0.22857360541820526,0.22851413488388062,0.05182820186018944,5.426424195320578e-06,0.0,0.00011894627095898613,0.13909375667572021,0.14132806527471747,0.14132806658744812,0.06066107004880905,0.05967478081583977,0.010619834996759892,0.008069188334047794,0.022909732535481453,0.10968148708343506,1.544710636138916,0.00057678557399817,nan,nan,nan,0,0
12,41,0.3507448434829712,0.35074296593666077,0.1238274872303009,5.426424195320578e-06,0.0,3.784257387451362e-06,0.14805468916893005,0.16214590792393202,0.16214591264724731,0.06940622627735138,0.06927762925624847,0.01307928841561079,0.009361326694488525,0.026934728026390076,0.12526172399520874,1.5447105169296265,0.0005753618215664714,nan,nan,nan,0,0
12,42,0.2520456910133362,0.25200924277305603,0.06423535197973251,5.426424195320578e-06,0.0,7.2915390774142e-05,0.14146095514297485,0.024665470914022575,0.0246654711663723,0.015093241818249226,0.012559885159134865,0.0032556604128330946,0.001845215680077672,0.005706034600734711,0.013276513665914536,1.544710397720337,0.0005739391246255222,nan,nan,nan,0,0
12,43,0.2682574689388275,0.2681589126586914,0.07186208665370941,5.426424195320578e-06,0.0,0.0001970954763237387,0.13596093654632568,0.13110925322333514,0.13110925257205963,0.056147053837776184,0.053852856159210205,0.009112105704843998,0.007522078696638346,0.01936330832540989,0.10306534171104431,1.5447102785110474,0.0005725174867033042,nan,nan,nan,0,0
12,44,0.23413097858428955,0.23407478630542755,0.0548878014087677,5.426424195320578e-06,0.0,0.00011239318700972944,0.13939844071865082,0.008657192842406418,0.008657192811369896,0.003196896053850651,0.0024463313166052103,0.0012121886247768998,0.0006331945769488811,0.001774223754182458,0.007329672574996948,1.5447101593017578,0.000571096911325172,nan,nan,nan,0,0
12,45,0.3604242205619812,0.3603477478027344,0.13221882283687592,5.426424195320578e-06,0.0,0.0001529469882370904,0.1376328319311142,0.06784329941653204,0.06784330308437347,0.024732807651162148,0.026746703311800957,0.004895912017673254,0.004134112037718296,0.013476351276040077,0.05525343865156174,1.5447100400924683,0.0005696774020138458,nan,nan,nan,0,0
12,46,0.27495816349983215,0.27495646476745605,0.07532007992267609,5.426424195320578e-06,0.0,3.399415845706244e-06,0.15184375643730164,0.04673945522771926,0.04673945531249046,0.020504089072346687,0.018495164811611176,0.0029197584372013807,0.0025944109074771404,0.0076372744515538216,0.036721982061862946,1.5447099208831787,0.0005682589622894016,nan,nan,nan,0,0
12,47,0.4484511613845825,0.4484296143054962,0.20437663793563843,5.426424195320578e-06,0.0,4.3066422222182155e-05,0.15656250715255737,0.015511302177379104,0.015511302277445793,0.005816201213747263,0.006303140427917242,0.0012459481367841363,0.0009319775272160769,0.004741521552205086,0.011922236531972885,1.5447098016738892,0.0005668415956692646,nan,nan,nan,0,0
12,48,0.3416343033313751,0.34160783886909485,0.11847435683012009,5.426426014309982e-06,0.0,5.290286571835168e-05,0.1427265703678131,0.12426548738074542,0.12426548451185226,0.045211758464574814,0.04890862852334976,0.007372308522462845,0.007066789083182812,0.025249125435948372,0.10131113231182098,1.5447096824645996,0.0005654253056681966,nan,nan,nan,0,0
12,49,0.2536686360836029,0.2536686360836029,0.06429174542427063,5.426424195320578e-06,0.0,2.990696579274754e-09,0.14994531869888306,0.18157281645725876,0.181572824716568,0.07292623072862625,0.07568337768316269,0.012649194337427616,0.010209240019321442,0.032961443066596985,0.14342869818210602,1.54470956325531,0.0005640100957982919,nan,nan,nan,0,0
12,50,0.30927616357803345,0.30925360321998596,0.09528174251317978,5.426424195320578e-06,0.0,4.5141667214920744e-05,0.1432812511920929,0.06559612755757065,0.06559612601995468,0.02565976232290268,0.027447272092103958,0.0046652527526021,0.0037829619832336903,0.01129473652690649,0.05222479626536369,1.5447094440460205,0.0005625959695689645,nan,nan,nan,0,0
12,51,0.345881849527359,0.3458673655986786,0.12015793472528458,5.426424195320578e-06,0.0,2.8974600354558788e-05,0.1446171998977661,0.4225557350391015,0.42255574464797974,0.16414561867713928,0.17473019659519196,0.028060393407940865,0.023797301575541496,0.07569848746061325,0.3376314043998718,1.544709324836731,0.0005611829304869434,nan,nan,nan,0,0
12,52,0.27841660380363464,0.2784159481525421,0.07675914466381073,5.426424195320578e-06,0.0,1.2833060054617818e-06,0.15113283693790436,0.3898158435233714,0.3898158371448517,0.1476670205593109,0.15175245702266693,0.022861354053020477,0.02239164523780346,0.07013343274593353,0.3180869519710541,1.5447092056274414,0.0005597709820562585,nan,nan,nan,0,0
12,53,0.3012726306915283,0.3012396991252899,0.09071380645036697,5.426424195320578e-06,0.0,6.58889184705913e-05,0.14188280701637268,0.162316506374818,0.16231650114059448,0.06616994738578796,0.06786467880010605,0.011164494790136814,0.009117976762354374,0.02435237541794777,0.12869246304035187,1.5447090864181519,0.0005583601277782383,nan,nan,nan,0,0
12,54,0.3502354323863983,0.3502201437950134,0.12136322259902954,5.426424195320578e-06,0.0,3.0594575946452096e-05,0.15553124248981476,0.03914702302469528,0.0391470231115818,0.016331134364008904,0.012432856485247612,0.0021054029930382967,0.0021542501635849476,0.00780095998197794,0.03226885572075844,1.5447089672088623,0.0005569503711514962,nan,nan,nan,0,0
12,55,0.4392964243888855,0.43929052352905273,0.1896965652704239,5.426424195320578e-06,0.0,1.181633251690073e-05,0.14656251668930054,0.006196347773722801,0.006196347996592522,0.0034148667473345995,0.0026695963460952044,0.0023941844701766968,0.0004823586205020547,0.001745980349369347,0.0032547549344599247,1.5447088479995728,0.0005555417156719241,nan,nan,nan,0,0
12,56,0.30434978008270264,0.30431196093559265,0.09419230371713638,5.426424195320578e-06,0.0,7.560857920907438e-05,0.14130468666553497,0.2227419548716774,0.222741961479187,0.0893218144774437,0.09089349210262299,0.014487690292298794,0.01240919716656208,0.039542704820632935,0.17733149230480194,1.5447087287902832,0.0005541341648326831,nan,nan,nan,0,0
12,57,0.19685082137584686,0.19684012234210968,0.03823545575141907,5.426424195320578e-06,0.0,2.1390695110312663e-05,0.14537499845027924,0.1708627506214814,0.17086274921894073,0.06728223711252213,0.06869784742593765,0.010597708635032177,0.009583724662661552,0.029946494847536087,0.13728377223014832,1.5447086095809937,0.0005527277221241958,nan,nan,nan,0,0
12,58,0.24247999489307404,0.24247072637081146,0.05836161598563194,5.426424195320578e-06,0.0,1.8530374291003682e-05,0.14569531381130219,0.070051298144478,0.07005129754543304,0.028098829090595245,0.028612393885850906,0.0045878225937485695,0.0038048280403017998,0.013593187555670738,0.05548577755689621,1.544708490371704,0.0005513223910341362,nan,nan,nan,0,0
12,59,0.34808918833732605,0.34806326031684875,0.12060385942459106,5.426424195320578e-06,0.0,5.188489376450889e-05,0.15720312297344208,0.02079965401331306,0.020799653604626656,0.011676996946334839,0.007378533482551575,0.002224937081336975,0.0010014019208028913,0.0033102778252214193,0.014997316524386406,1.5447083711624146,0.0005499181750474218,nan,nan,nan,0,0
12,60,0.23725904524326324,0.23722870647907257,0.05589733272790909,5.426424195320578e-06,0.0,6.066969581297599e-05,0.15778908133506775,0.30412425523359715,0.30412426590919495,0.12000156193971634,0.12326913326978683,0.019092310220003128,0.017090395092964172,0.05523882433772087,0.24328580498695374,1.544708251953125,0.0005485150776462046,nan,nan,nan,0,0
12,61,0.21139386296272278,0.21139386296272278,0.045026008039712906,5.426424195320578e-06,0.0,8.790582484152765e-09,0.1499062478542328,0.18194352621474338,0.18194352090358734,0.07332752645015717,0.07667230814695358,0.012615270912647247,0.010185287334024906,0.032326191663742065,0.14331786334514618,1.5447081327438354,0.0005471131023098636,nan,nan,nan,0,0
12,62,0.3069494366645813,0.30694320797920227,0.0972466841340065,5.426424195320578e-06,0.0,1.246970805368619e-05,0.14646875858306885,0.053900033505323866,0.05390003323554993,0.021048853173851967,0.023055169731378555,0.003880159929394722,0.0029678018763661385,0.010625121183693409,0.04235400632023811,1.544708013534546,0.0005457122525149949,nan,nan,nan,0,0
12,63,0.35693541169166565,0.3569227159023285,0.12659193575382233,5.426424195320578e-06,0.0,2.539218621677719e-05,0.1449609398841858,0.0732590949882525,0.07325909286737442,0.03201834112405777,0.0310374666005373,0.005237363278865814,0.004219032824039459,0.01148797757923603,0.05657908320426941,1.5447078943252563,0.0005443125317354027,nan,nan,nan,0,0
12,64,0.22492215037345886,0.2249220907688141,0.05059923231601715,5.426424195320578e-06,0.0,1.1815717471108655e-07,0.15034374594688416,0.21913666500707826,0.21913665533065796,0.08042151480913162,0.086693175137043,0.013167631812393665,0.01236777100712061,0.04297787323594093,0.17850519716739655,1.5447077751159668,0.0005429139434420934,nan,nan,nan,0,0
12,65,0.23646284639835358,0.2363911271095276,0.05513108894228935,5.426424195320578e-06,0.0,0.00014343857765197754,0.16197659075260162,0.07085450719144608,0.07085450738668442,0.024610277265310287,0.029466256499290466,0.004593943245708942,0.004075846169143915,0.013273783959448338,0.05772802606225014,1.5447076559066772,0.0005415164911032626,nan,nan,nan,0,0
12,66,0.22075863182544708,0.22075632214546204,0.04812519997358322,5.426424195320578e-06,0.0,4.6158347686287016e-06,0.14785155653953552,0.05173018794339464,0.051730189472436905,0.020130032673478127,0.017575453966856003,0.0023290088865906,0.0028987652622163296,0.011017684824764729,0.042739689350128174,1.5447075366973877,0.0005401201781842912,nan,nan,nan,0,0
12,67,0.33835574984550476,0.338352769613266,0.11358419060707092,5.426424195320578e-06,0.0,5.941416929999832e-06,0.1524375081062317,0.021843421648061686,0.021843422204256058,0.009037644602358341,0.007552668917924166,0.000984927057288587,0.0012552753323689103,0.005382778588682413,0.017518365755677223,1.5447074174880981,0.000538725008147733,nan,nan,nan,0,0
12,68,0.3284582793712616,0.32841986417770386,0.10886126756668091,5.426424195320578e-06,0.0,7.683614967390895e-05,0.1412343829870224,0.010878387570448157,0.010878386907279491,0.005584095139056444,0.00432986905798316,0.0033130713272839785,0.001014116802252829,0.003343714401125908,0.006724888924509287,1.5447072982788086,0.0005373309844533089,nan,nan,nan,0,0
12,69,0.30349209904670715,0.3034828305244446,0.0920015275478363,5.426424195320578e-06,0.0,1.8530246961745434e-05,0.15430468320846558,0.17292668547420578,0.17292669415473938,0.06683653593063354,0.06975460052490234,0.01096569374203682,0.009718871675431728,0.031163407489657402,0.13922984898090363,1.544707179069519,0.0005359381105578959,nan,nan,nan,0,0
12,70,0.42710956931114197,0.4270598888397217,0.17973819375038147,5.426424195320578e-06,0.0,9.937582944985479e-05,0.15996874868869781,0.0659613428929324,0.06596134603023529,0.025237957015633583,0.027483277022838593,0.004653676878660917,0.003821649821475148,0.011754347942769527,0.05276539921760559,1.5447070598602295,0.0005345463899155211,nan,nan,nan,0,0
12,71,0.17399796843528748,0.17399008572101593,0.030453214421868324,5.426424195320578e-06,0.0,1.5751058526802808e-05,0.15396876633167267,0.08901480350918214,0.08901479840278625,0.03665168583393097,0.03786646947264671,0.006611782591789961,0.005179298110306263,0.016711793839931488,0.069257453083992,1.54470694065094,0.000533155825977351,nan,nan,nan,0,0
12,72,0.25439006090164185,0.25438663363456726,0.06561613082885742,5.426424195320578e-06,0.0,6.84971109876642e-06,0.14738281071186066,0.11693203446500983,0.11693203449249268,0.04640807956457138,0.04781785234808922,0.008009898476302624,0.0064737205393612385,0.020437804982066154,0.09332241117954254,1.5447068214416504,0.0005317664221916836,nan,nan,nan,0,0
12,73,0.2811777591705322,0.28117674589157104,0.0785488486289978,5.426424195320578e-06,0.0,2.044018856395269e-06,0.14857031404972076,0.05380686539780225,0.053806863725185394,0.021999631077051163,0.0225385595113039,0.004181500989943743,0.0030343944672495127,0.011277972720563412,0.041824910789728165,1.5447067022323608,0.0005303781820039398,nan,nan,nan,0,0
12,74,0.24358686804771423,0.24353639781475067,0.06336421519517899,5.426424195320578e-06,0.0,0.00010093958553625271,0.16004687547683716,0.09371412160417912,0.09371411800384521,0.03768979012966156,0.03602421283721924,0.005908398889005184,0.005235337186604738,0.015204060822725296,0.07596440613269806,1.5447065830230713,0.0005289911088566564,nan,nan,nan,0,0
12,75,0.23053669929504395,0.23052191734313965,0.05246191471815109,5.426424195320578e-06,0.0,2.9566495868493803e-05,0.15543751418590546,0.29934389591277333,0.29934388399124146,0.11595264077186584,0.12292085587978363,0.01949179358780384,0.016998430714011192,0.053829338401556015,0.2397618442773819,1.5447064638137817,0.0005276052061894745,nan,nan,nan,0,0
12,76,0.26024869084358215,0.26024433970451355,0.06735701113939285,5.426424195320578e-06,0.0,8.72104737936752e-06,0.14704686403274536,0.07253301543920411,0.072533018887043,0.02834826521575451,0.026783695444464684,0.003772423369809985,0.004048056434839964,0.01331440918147564,0.05943194776773453,1.5447063446044922,0.0005262204774391337,nan,nan,nan,0,0
12,77,0.2289455085992813,0.2289450764656067,0.05222124978899956,5.426424195320578e-06,0.0,8.498814167978708e-07,0.1490781158208847,0.09106965086525552,0.09106965363025665,0.0350630022585392,0.0373462550342083,0.005894300062209368,0.0052065919153392315,0.01661171391606331,0.07301865518093109,1.5447062253952026,0.0005248369260394619,nan,nan,nan,0,0
12,78,0.22349201142787933,0.2234906256198883,0.05096600577235222,5.438370862975717e-06,0.0,2.769086904663709e-06,0.14833594858646393,0.03410706224899823,0.034107062965631485,0.016178814694285393,0.01575680635869503,0.003489712020382285,0.0018791842740029097,0.003260290250182152,0.025038406252861023,1.544706106185913,0.0005234545554213678,nan,nan,nan,0,0
12,79,0.30798205733299255,0.30798205733299255,0.09417305886745453,5.426424195320578e-06,0.0,2.9890669939192094e-09,0.1500546783208847,0.03076376740775637,0.030763767659664154,0.012011176906526089,0.01372478250414133,0.00231258780695498,0.001720361178740859,0.005007951520383358,0.024091161787509918,1.5447059869766235,0.0005220733690128322,nan,nan,nan,0,0
12,80,0.2338910847902298,0.2338768094778061,0.054473571479320526,5.426424195320578e-06,0.0,2.8555665267049335e-05,0.15534375607967377,0.25526361945708426,0.25526362657546997,0.10069773346185684,0.10275223851203918,0.016366740688681602,0.014279603958129883,0.04699908196926117,0.20440344512462616,1.544705867767334,0.0005206933702388986,nan,nan,nan,0,0
12,81,0.22428026795387268,0.22421133518218994,0.05001945048570633,5.426424195320578e-06,0.0,0.00013787936768494546,0.13825780153274536,0.07683535956083715,0.07683535665273666,0.029593028128147125,0.031373199075460434,0.005159294232726097,0.004333567805588245,0.01556437462568283,0.061286211013793945,1.5447057485580444,0.0005193145625216672,nan,nan,nan,0,0
12,82,0.29494211077690125,0.29494014382362366,0.08708222210407257,5.426424195320578e-06,0.0,3.93779419027851e-06,0.14801561832427979,0.14150158449277725,0.14150157570838928,0.05019266530871391,0.05279969051480293,0.007990492507815361,0.008221063762903214,0.028653455898165703,0.11731638014316559,1.5447056293487549,0.0005179369492802814,nan,nan,nan,0,0
12,83,0.1844717264175415,0.18442311882972717,0.03400978446006775,5.426424195320578e-06,0.0,9.720714297145605e-05,0.15985937416553497,0.06312168616057678,0.06312168389558792,0.02837870642542839,0.021324502304196358,0.003484298475086689,0.0033612370025366545,0.011714499443769455,0.05063194781541824,1.5447055101394653,0.000516560533930926,nan,nan,nan,0,0
12,84,0.28470590710639954,0.28470495343208313,0.08061503618955612,5.426424195320578e-06,0.0,1.9338269794388907e-06,0.14860938489437103,0.11326166969786487,0.11326166987419128,0.04514819756150246,0.044986966997385025,0.007197742350399494,0.006328129675239325,0.02076299488544464,0.09079132229089737,1.5447053909301758,0.000515185319886813,nan,nan,nan,0,0
12,85,0.3970258831977844,0.39702391624450684,0.15813393890857697,5.426424195320578e-06,0.0,3.937735073122894e-06,0.15198437869548798,0.12962570492452546,0.12962570786476135,0.053897153586149216,0.05477193370461464,0.009109074249863625,0.0073299226351082325,0.020350055769085884,0.10172083228826523,1.5447052717208862,0.0005138113105581767,nan,nan,nan,0,0
12,86,0.2307925969362259,0.23077262938022614,0.05276143178343773,5.426424195320578e-06,0.0,3.994635335402563e-05,0.1436796933412552,0.038349524468506764,0.03834952414035797,0.016313225030899048,0.01746661588549614,0.0031073547434061766,0.0022520849015563726,0.006661438848823309,0.02898930385708809,1.5447051525115967,0.0005124385093522627,nan,nan,nan,0,0
12,87,0.3615938127040863,0.3615867793560028,0.1296575963497162,5.426424195320578e-06,0.0,1.4062585250940174e-05,0.14624999463558197,0.08874592965572477,0.08874592930078506,0.036309510469436646,0.037464261054992676,0.006251308135688305,0.004947352223098278,0.014805573038756847,0.0697934702038765,1.5447050333023071,0.0005110669196733228,nan,nan,nan,0,0
12,88,0.2787167727947235,0.27867335081100464,0.07674746215343475,5.426424195320578e-06,0.0,8.686834189575166e-05,0.14067968726158142,0.13449430031271972,0.13449430465698242,0.05650360509753227,0.056716810911893845,0.009390600025653839,0.007816997356712818,0.021382063627243042,0.1052272841334343,1.5447049140930176,0.0005096965449226015,nan,nan,nan,0,0
12,89,0.221339151263237,0.22128677368164062,0.048495084047317505,5.426424195320578e-06,0.0,0.00010474234295543283,0.1397656351327896,0.05551091733258483,0.05551091581583023,0.021774230524897575,0.02221025712788105,0.003965183161199093,0.0033023746218532324,0.009623479098081589,0.04466329142451286,1.544704794883728,0.0005083273884983336,nan,nan,nan,0,0
12,90,0.29141759872436523,0.2914096415042877,0.08412528783082962,5.426424195320578e-06,0.0,1.593754132045433e-05,0.1539921909570694,0.00992700873450475,0.009927009232342243,0.005459055304527283,0.003538365475833416,0.00042291736463084817,0.00042126289918087423,0.002115967683494091,0.007168720010668039,1.5447046756744385,0.0005069594537957302,nan,nan,nan,0,0
12,91,0.22922036051750183,0.22921426594257355,0.05226990580558777,5.426424195320578e-06,0.0,1.2195505405543372e-05,0.14650779962539673,0.05195864483056836,0.05195864662528038,0.021511487662792206,0.01960344985127449,0.0040478636510670185,0.0028092481661587954,0.010303089395165443,0.04149976745247841,1.544704556465149,0.0005055927442069753,nan,nan,nan,0,0
12,92,0.18893174827098846,0.1889280527830124,0.035518351942300797,5.426424195320578e-06,0.0,7.391583494609222e-06,0.14728125929832458,0.20127637767503426,0.20127637684345245,0.07499245554208755,0.0797891616821289,0.01290050521492958,0.011421848088502884,0.039473649114370346,0.16330018639564514,1.5447044372558594,0.0005042272631212119,nan,nan,nan,0,0
12,93,0.24783238768577576,0.24780891835689545,0.06800892949104309,5.426424195320578e-06,0.0,4.694399467553012e-05,0.15685157477855682,0.033875688176965235,0.033875688910484314,0.014182779006659985,0.015577002428472042,0.0029464098624885082,0.0019312285585328937,0.006466706749051809,0.02548605017364025,1.5447043180465698,0.0005028630139245391,nan,nan,nan,0,0
12,94,0.2775942087173462,0.2775781750679016,0.08198018372058868,5.426424195320578e-06,0.0,3.2081636163638905e-05,0.15566407144069672,0.08564851195583509,0.08564851433038712,0.03258330002427101,0.036005061119794846,0.006100531201809645,0.0050928532145917416,0.016388382762670517,0.06816083192825317,1.5447041988372803,0.0005015000000000003,nan,nan,nan,0,0
12,95,0.3778328001499176,0.377815306186676,0.14012816548347473,5.426424195320578e-06,0.0,3.4975957532878965e-05,0.1559140533208847,0.2157501926205578,0.21575020253658295,0.08181025832891464,0.08850120007991791,0.014408363029360771,0.01221492886543274,0.04170544072985649,0.17299310863018036,1.5447040796279907,0.0005001382247275749,nan,nan,nan,0,0
12,96,0.21720346808433533,0.2172032594680786,0.046846695244312286,5.426424195320578e-06,0.0,4.3067987576250744e-07,0.15065626800060272,0.010665762780658868,0.01066576223820448,0.005545564461499453,0.005371109116822481,0.0011344965314492583,0.0006641416694037616,0.001417403225786984,0.007100647781044245,1.5447039604187012,0.0004987776914841724,nan,nan,nan,0,0
12,97,0.2310277372598648,0.2309943437576294,0.05285185948014259,5.426424195320578e-06,0.0,6.67797212372534e-05,0.14182811975479126,0.06943710562548276,0.06943710893392563,0.02728801593184471,0.031576380133628845,0.005584184546023607,0.004221133887767792,0.012969707138836384,0.053503211587667465,1.5447038412094116,0.0004974184036436208,nan,nan,nan,0,0
12,98,0.21836647391319275,0.21834148466587067,0.047437380999326706,5.426424195320578e-06,0.0,4.9989394028671086e-05,0.1570703238248825,0.013254497272666718,0.013254497200250626,0.008654034696519375,0.0044428203254938126,0.0010259115369990468,0.0005160727305337787,0.002270979806780815,0.008635655976831913,1.544703722000122,0.0004960603645766605,nan,nan,nan,0,0
12,99,0.28116151690483093,0.2811606824398041,0.07859491556882858,5.426424195320578e-06,0.0,1.6819308257254306e-06,0.14870311319828033,0.023786038439210903,0.023786038160324097,0.009167303331196308,0.00979754701256752,0.0017383730737492442,0.001413255464285612,0.004845249932259321,0.018901020288467407,1.5447036027908325,0.0004947035776509348,nan,nan,nan,0,0
12,100,0.35108482837677,0.3509909510612488,0.1241292729973793,5.426424195320578e-06,0.0,0.0001877755712484941,0.13629688322544098,0.06334309188170957,0.0633430927991867,0.026073291897773743,0.02623128704726696,0.004902481567114592,0.0037292789202183485,0.010781507939100266,0.04990258067846298,1.544703483581543,0.0004933480462309827,nan,nan,nan,0,0
12,101,0.19389356672763824,0.19387264549732208,0.03757324814796448,5.426424195320578e-06,0.0,4.184463614365086e-05,0.15646874904632568,0.13906849804684124,0.13906849920749664,0.05799228325486183,0.059415552765131,0.010197929106652737,0.007920939475297928,0.025122178718447685,0.10792993754148483,1.5447033643722534,0.0004919937736782292,nan,nan,nan,0,0
12,102,0.2628932595252991,0.26286664605140686,0.06880173087120056,5.426424195320578e-06,0.0,5.3244388254825026e-05,0.15729688107967377,0.2796757168008384,0.2796757221221924,0.11086675524711609,0.11797811090946198,0.01948665827512741,0.015632426366209984,0.05057031661272049,0.22096781432628632,1.5447032451629639,0.0004906407633509775,nan,nan,nan,0,0
12,103,0.301819771528244,0.3018140196800232,0.09073009341955185,5.426424195320578e-06,0.0,1.1496338629513048e-05,0.15339063107967377,0.12136903025501779,0.12136902660131454,0.04964771866798401,0.05257347598671913,0.00898775365203619,0.006951145827770233,0.021077359095215797,0.09448926895856857,1.5447031259536743,0.0004892890186044009,nan,nan,nan,0,0
12,104,0.3786768615245819,0.3786613941192627,0.14328895509243011,5.426424195320578e-06,0.0,3.094123167102225e-05,0.15556249022483826,0.03373815690349228,0.0337381549179554,0.016994772478938103,0.011418222449719906,0.0022644484415650368,0.001682925852946937,0.004154255613684654,0.02634098194539547,1.5447030067443848,0.0004879385427905352,nan,nan,nan,0,0
12,105,0.25440841913223267,0.25440526008605957,0.06419263035058975,5.426424195320578e-06,0.0,6.3283887357101776e-06,0.15251563489437103,0.1121109370359472,0.112110935151577,0.042890992015600204,0.0464814156293869,0.007307549938559532,0.006251723039895296,0.019542792811989784,0.08996831625699997,1.5447028875350952,0.0004865893392582676,nan,nan,nan,0,0
12,106,0.2559625804424286,0.25591564178466797,0.06511188298463821,5.426424195320578e-06,0.0,9.384762233821675e-05,0.15968750417232513,0.06815058535839395,0.0681505873799324,0.023642802610993385,0.028676072135567665,0.005401759408414364,0.004167473409324884,0.015556513331830502,0.05454036220908165,1.5447027683258057,0.0004852414113533323,nan,nan,nan,0,0
12,107,0.24972300231456757,0.2497229129076004,0.06526411324739456,5.426424195320578e-06,0.0,1.6503935285072657e-07,0.15040625631809235,0.021040608908268987,0.02104060910642147,0.008865454234182835,0.007380703464150429,0.0013568360591307282,0.00108457007445395,0.0036050002090632915,0.01713542640209198,1.5447026491165161,0.0004838947624182991,nan,nan,nan,0,0
12,108,0.3093942403793335,0.30939245223999023,0.09548585116863251,5.426424195320578e-06,0.0,3.5744237720791716e-06,0.1518906205892563,0.0744842417618229,0.07448424398899078,0.029021205380558968,0.030926169827580452,0.005242771934717894,0.004153629299253225,0.012908601202070713,0.05948001891374588,1.5447025299072266,0.0004825493957925664,nan,nan,nan,0,0
12,109,0.2645735442638397,0.26448169350624084,0.06972636282444,5.438370862975717e-06,0.0,0.00018372928025200963,0.1364453285932541,0.04862380809092418,0.04862380772829056,0.019085265696048737,0.019644394516944885,0.005310382228344679,0.0028254876378923655,0.009843436069786549,0.03848439082503319,1.544702410697937,0.00048120531481235263,nan,nan,nan,0,0
12,110,0.21728776395320892,0.21728767454624176,0.04718182235956192,5.426424195320578e-06,0.0,1.8462058903878642e-07,0.15042968094348907,0.0368505221814502,0.036850523203611374,0.015411168336868286,0.018644528463482857,0.0039040299598127604,0.002201292896643281,0.007673152722418308,0.02634148858487606,1.5447022914886475,0.0004798625228106889,nan,nan,nan,0,0
12,111,0.2966516315937042,0.2966516315937042,0.08782750368118286,5.438370862975717e-06,0.0,6.120104423246175e-11,0.1499921828508377,0.24543361766790256,0.24543361365795135,0.09983838349580765,0.10226616263389587,0.017515169456601143,0.014150255359709263,0.04569872096180916,0.19291502237319946,1.544702172279358,0.0004785210231174091,nan,nan,nan,0,0
12,112,0.25067779421806335,0.2506178021430969,0.06238375976681709,5.426424195320578e-06,0.0,0.00011997101682936773,0.13904687762260437,0.18624457282497053,0.18624456226825714,0.07070701569318771,0.07696857303380966,0.012757452204823494,0.010504109784960747,0.034588996320962906,0.14931145310401917,1.5447020530700684,0.0004771808190591426,nan,nan,nan,0,0
12,113,0.2666310966014862,0.26662567257881165,0.0713334009051323,5.426424195320578e-06,0.0,1.086943029804388e-05,0.14670312404632568,0.13919347806254342,0.13919347524642944,0.053448386490345,0.058892540633678436,0.010251264087855816,0.008175372146070004,0.026315631344914436,0.1103871613740921,1.5447019338607788,0.00047584191395930577,nan,nan,nan,0,0
12,114,0.28659045696258545,0.2865884006023407,0.08150658011436462,5.426424195320578e-06,0.0,4.12592316934024e-06,0.15203124284744263,0.05453110312106831,0.05453110486268997,0.02171897701919079,0.024296479299664497,0.00441668601706624,0.00306143332272768,0.010171499103307724,0.042181387543678284,1.5447018146514893,0.0004745043111380947,nan,nan,nan,0,0
12,115,0.2678292989730835,0.2678273022174835,0.07108782231807709,5.426424195320578e-06,0.0,3.999956788902637e-06,0.15199999511241913,0.15932007942829868,0.15932008624076843,0.06288643926382065,0.06514933705329895,0.010786913335323334,0.008768283762037754,0.0287272147834301,0.12714265286922455,1.5447016954421997,0.0004731680139124752,nan,nan,nan,0,0
12,116,0.3894735276699066,0.3894643485546112,0.1507904976606369,5.426424195320578e-06,0.0,1.8329123122384772e-05,0.1457187533378601,0.08507494221533524,0.08507494628429413,0.03181900084018707,0.03543660417199135,0.005875783506780863,0.004777410998940468,0.01667843945324421,0.06807367503643036,1.5447015762329102,0.00047183302559617536,nan,nan,nan,0,0
12,117,0.39094677567481995,0.39093703031539917,0.15553247928619385,5.426424195320578e-06,0.0,1.9483984942780808e-05,0.1544140726327896,0.07116596563656384,0.07116596400737762,0.028023898601531982,0.03165096417069435,0.005510824732482433,0.004073101561516523,0.01260597538203001,0.055422037839889526,1.5447014570236206,0.0004704993494996789,nan,nan,nan,0,0
12,118,0.28097283840179443,0.28096911311149597,0.08074631541967392,5.426424195320578e-06,0.0,7.476904556824593e-06,0.1527343988418579,0.1906079769422149,0.1906079798936844,0.07664483040571213,0.07861290872097015,0.012884052470326424,0.010546645149588585,0.03318287804722786,0.15132299065589905,1.544701337814331,0.00046916698893021314,nan,nan,nan,0,0
12,119,0.19569040834903717,0.1956651359796524,0.037991952151060104,5.426424195320578e-06,0.0,5.054319626651704e-05,0.14289063215255737,0.013250310833056804,0.013250310905277729,0.007303029298782349,0.005859387572854757,0.001186041976325214,0.001097927219234407,0.002409223234280944,0.008915580809116364,1.5447012186050415,0.00046783594719174544,nan,nan,nan,0,0
12,120,0.22555898129940033,0.22555823624134064,0.0513082779943943,5.426424195320578e-06,0.0,1.504447709521628e-06,0.15122656524181366,0.09604208494969133,0.09604208916425705,0.035351820290088654,0.04108712077140808,0.006911206059157848,0.00553645845502615,0.016566313803195953,0.07702804356813431,1.544701099395752,0.0004665062275849712,nan,nan,nan,0,0
12,121,0.2918417453765869,0.29183822870254517,0.08619208633899689,5.426424195320578e-06,0.0,7.055670266709058e-06,0.15265625715255737,0.20814075791835748,0.2081407606601715,0.07826386392116547,0.08441298454999924,0.01352034229785204,0.011781245470046997,0.039876241236925125,0.1678096503019333,1.5447009801864624,0.00046517783340730903,nan,nan,nan,0,0
12,122,0.2241014689207077,0.22407746315002441,0.04965629428625107,5.426424195320578e-06,0.0,4.802067996934056e-05,0.1430703103542328,0.060151719294212466,0.06015171855688095,0.025379611179232597,0.02191263809800148,0.003363912459462881,0.0032303454354405403,0.009121300652623177,0.04887731373310089,1.5447008609771729,0.000463850767952888,nan,nan,nan,0,0
12,123,0.4317082166671753,0.43170690536499023,0.19124644994735718,5.426424195320578e-06,0.0,2.640629645611625e-06,0.148375004529953,0.0543529166686663,0.05435291677713394,0.022277146577835083,0.02299022115767002,0.003907426726073027,0.0030837864615023136,0.009378699585795403,0.042622532695531845,1.5447007417678833,0.00046252503451254477,nan,nan,nan,0,0
12,124,0.3434648811817169,0.34346333146095276,0.11714067310094833,5.426424195320578e-06,0.0,3.1174270134215476e-06,0.1517656296491623,0.06678080932569627,0.06678080558776855,0.02916068583726883,0.029972312971949577,0.005316043738275766,0.004209153354167938,0.011017897166311741,0.05043431371450424,1.5447006225585938,0.0004612006363738118,nan,nan,nan,0,0
12,125,0.43124502897262573,0.43124499917030334,0.1844671666622162,5.426424195320578e-06,0.0,5.493415500268384e-08,0.14976562559604645,0.08085594702337273,0.08085594326257706,0.030568312853574753,0.032814133912324905,0.005228981375694275,0.0046842750161886215,0.01468252670019865,0.06528118997812271,1.5447005033493042,0.00045987757682091035,nan,nan,nan,0,0
12,126,0.3203074038028717,0.3203034996986389,0.10188991576433182,5.426424195320578e-06,0.0,7.778884537401609e-06,0.14721094071865082,0.10190929179357822,0.10190929472446442,0.04214765504002571,0.04359091445803642,0.00795189943164587,0.0058631435967981815,0.018419213593006134,0.07919617742300034,1.5447003841400146,0.00045855585913474195,nan,nan,nan,0,0
12,127,0.3193359076976776,0.3193233013153076,0.10372298210859299,5.426424195320578e-06,0.0,2.5234896384063177e-05,0.14497657120227814,0.18563552019569562,0.1856355220079422,0.0764319896697998,0.07525844126939774,0.012350999750196934,0.010469487868249416,0.03209461271762848,0.14718234539031982,1.544700264930725,0.0004572354865928818,nan,nan,nan,0,0
12,128,0.22063124179840088,0.22059662640094757,0.04836113005876541,5.426424195320578e-06,0.0,6.922792090335861e-05,0.14167967438697815,0.19539620846207809,0.19539621472358704,0.07867275178432465,0.08286520838737488,0.01447188202291727,0.011051010340452194,0.03378240764141083,0.1537882387638092,1.5447001457214355,0.000455916462469568,nan,nan,nan,0,0
12,129,0.3989531695842743,0.39894354343414307,0.1584310084581375,5.426424195320578e-06,0.0,1.9277606043033302e-05,0.14560937881469727,0.18889943444802298,0.188899427652359,0.07394535094499588,0.07530351728200912,0.011977830901741982,0.010620556771755219,0.03451384976506233,0.15197694301605225,1.544700026512146,0.0004545987900356958,nan,nan,nan,0,0
12,130,0.2658822536468506,0.265880823135376,0.07170450687408447,5.426424195320578e-06,0.0,2.8476458737713983e-06,0.15168750286102295,0.11317835255941641,0.11317835003137589,0.04274861514568329,0.044794343411922455,0.006724067497998476,0.0064222016371786594,0.019848516210913658,0.09216800332069397,1.5446999073028564,0.0004532824725588077,nan,nan,nan,0,0
12,131,0.3023940324783325,0.30238938331604004,0.08922898024320602,5.426424195320578e-06,0.0,9.283508916269056e-06,0.1530468910932541,0.2542283558422213,0.2542283535003662,0.10094483941793442,0.1066955178976059,0.017323823645710945,0.014760923571884632,0.044893622398376465,0.20130778849124908,1.544699788093567,0.00045196751330308743,nan,nan,nan,0,0
12,132,0.1627885103225708,0.16273047029972076,0.026469111442565918,5.426424195320578e-06,0.0,0.00011606690532062203,0.13922657072544098,0.03814711782156864,0.03814711794257164,0.023111483082175255,0.019690878689289093,0.006265372037887573,0.0021054630633443594,0.00912302266806364,0.020159708335995674,1.5446996688842773,0.00045065391552934973,nan,nan,nan,0,0
12,133,0.2654223144054413,0.2653737962245941,0.069846972823143,5.4282736527966335e-06,0.0,9.705323464004323e-05,0.14014844596385956,0.02342870679581308,0.02342870645225048,0.01219327375292778,0.006601579952985048,0.0015560240717604756,0.001313230488449335,0.004290523007512093,0.01827821508049965,1.5446995496749878,0.00044934168249503284,nan,nan,nan,0,0
12,134,0.17765873670578003,0.17765478789806366,0.031194567680358887,5.426424195320578e-06,0.0,7.910099157015793e-06,0.15281249582767487,0.05456428277694351,0.054564282298088074,0.020381322130560875,0.01883796975016594,0.0029591498896479607,0.003060141345486045,0.009303435683250427,0.045851048082113266,1.5446994304656982,0.00044803081745419237,nan,nan,nan,0,0
12,135,0.24710862338542938,0.2470703423023224,0.0609406977891922,5.426424195320578e-06,0.0,7.656235538888723e-05,0.14125001430511475,0.024496304962898494,0.024496303871273994,0.00982690416276455,0.012379564344882965,0.0028978618793189526,0.0018281060038134456,0.0017654806142672896,0.018313677981495857,1.5446993112564087,0.00044672132365748907,nan,nan,nan,0,0
12,136,0.161834254860878,0.16183093190193176,0.025981571525335312,5.426424195320578e-06,0.0,6.646725523751229e-06,0.14742188155651093,0.3062238448637121,0.3062238395214081,0.12191756814718246,0.12175824493169785,0.02014722116291523,0.017558321356773376,0.057878028601408005,0.244989812374115,1.5446991920471191,0.0004454132043521858,nan,nan,nan,0,0
12,137,0.20636872947216034,0.2063649743795395,0.04321908950805664,5.426424195320578e-06,0.0,7.519584869442042e-06,0.14725781977176666,0.026634928390403847,0.026634927839040756,0.012178409844636917,0.011246757581830025,0.0022494846489280462,0.0013993552420288324,0.004375395365059376,0.02021023817360401,1.5446990728378296,0.0004441064627821356,nan,nan,nan,0,0
12,138,0.21166840195655823,0.21166230738162994,0.04743436723947525,5.426424195320578e-06,0.0,1.2195400813652668e-05,0.14650781452655792,0.1288783598506141,0.12887835502624512,0.054303817451000214,0.051236286759376526,0.009060782380402088,0.007375172805041075,0.023622147738933563,0.10169106721878052,1.54469895362854,0.0004428011021877752,nan,nan,nan,0,0
12,139,0.23922669887542725,0.23908112943172455,0.05668932572007179,5.426424195320578e-06,0.0,0.00029112942866049707,0.132937490940094,0.06873341184405042,0.06873340904712677,0.03064337931573391,0.029619814828038216,0.0065301526337862015,0.004111762624233961,0.01113418210297823,0.05219590291380882,1.5446988344192505,0.0004414971258061168,nan,nan,nan,0,0
12,140,0.2686191201210022,0.26853257417678833,0.07251748442649841,5.438370862975717e-06,0.0,0.00017308691167272627,0.1368437558412552,0.028266474669979415,0.02826647460460663,0.0189046747982502,0.01027972437441349,0.002459223847836256,0.0017484343843534589,0.0036261084023863077,0.017711032181978226,1.544698715209961,0.00044019453687074055,nan,nan,nan,0,0
12,141,0.3109220862388611,0.3108879327774048,0.09703941643238068,5.426424195320578e-06,0.0,6.83203834341839e-05,0.14173439145088196,0.13114791462280004,0.13114790618419647,0.05470295250415802,0.05333767086267471,0.009175349026918411,0.007443779613822699,0.024089783430099487,0.10316269099712372,1.5446985960006714,0.0004388933386117855,nan,nan,nan,0,0
12,142,0.20213188230991364,0.20206044614315033,0.042107246816158295,5.426424195320578e-06,0.0,0.00014287768863141537,0.13804686069488525,0.07028383480789235,0.07028383761644363,0.025279758498072624,0.028008121997117996,0.004688437562435865,0.004303238820284605,0.012814403511583805,0.05754639953374863,1.5446984767913818,0.0004375935342559424,nan,nan,nan,0,0
12,143,0.27808064222335815,0.2780565917491913,0.07662216573953629,5.426424195320578e-06,0.0,4.812896077055484e-05,0.1430625021457672,0.2096012639709645,0.2096012681722641,0.07906528562307358,0.07756832242012024,0.01235862635076046,0.011647072620689869,0.04050254821777344,0.17244036495685577,1.5446983575820923,0.0004362951270264448,nan,nan,nan,0,0
12,144,0.24608877301216125,0.24600887298583984,0.06007863208651543,5.426424195320578e-06,0.0,0.00015978541341610253,0.1373593807220459,0.09751135461049847,0.09751135855913162,0.04098145291209221,0.041105642914772034,0.0071399700827896595,0.005549745634198189,0.01583663374185562,0.0762019231915474,1.5446982383728027,0.0004349981201430633,nan,nan,nan,0,0
12,145,0.2297709435224533,0.22976230084896088,0.05302608385682106,5.426424195320578e-06,0.0,1.7274387573706917e-05,0.15415625274181366,0.4489623666187727,0.44896236062049866,0.17055101692676544,0.17899112403392792,0.028184153139591217,0.025477146729826927,0.08648256212472916,0.3626555800437927,1.5446981191635132,0.00043370251682209337,nan,nan,nan,0,0
12,146,0.22479920089244843,0.22478950023651123,0.04927697032690048,5.426424195320578e-06,0.0,1.9414981579757296e-05,0.15440624952316284,0.1690780393479123,0.1690780371427536,0.06918466091156006,0.06911671161651611,0.01147618517279625,0.009454441256821156,0.028942590579390526,0.13403351604938507,1.5446979999542236,0.0004324083202763525,nan,nan,nan,0,0
12,147,0.24150097370147705,0.2414996474981308,0.058076947927474976,5.426424195320578e-06,0.0,2.6660186449589673e-06,0.15163280069828033,0.12833964611117873,0.12833964824676514,0.05504562705755234,0.056001320481300354,0.010893456637859344,0.007211367134004831,0.022856691852211952,0.09803976863622665,1.544697880744934,0.0004311155337151683,nan,nan,nan,0,0
12,148,0.2908167243003845,0.29070746898651123,0.08613894134759903,5.426424195320578e-06,0.0,0.0002184849581681192,0.16478124260902405,0.30533684298430486,0.3053368330001831,0.11830832809209824,0.1232592985033989,0.020158980041742325,0.01737934537231922,0.05851670727133751,0.2447616010904312,1.5446977615356445,0.0004298241603443718,nan,nan,nan,0,0
12,149,0.2838175296783447,0.28381651639938354,0.07978730648756027,5.426424195320578e-06,0.0,2.0217532892274903e-06,0.15142188966274261,0.02989071042254659,0.02989071048796177,0.011704995296895504,0.009164249524474144,0.0018599797040224075,0.0017639448633417487,0.007787433452904224,0.024601809680461884,1.544697642326355,0.00042853420336629066,nan,nan,nan,0,0
12,150,0.4029436707496643,0.40294191241264343,0.15993818640708923,5.426424195320578e-06,0.0,3.515674279697123e-06,0.14812499284744263,0.05495675443931148,0.05495675280690193,0.022530274465680122,0.02288202755153179,0.004199276212602854,0.0030658631585538387,0.010545139200985432,0.043021053075790405,1.5446975231170654,0.0004272456659797394,nan,nan,nan,0,0
12,151,0.21711544692516327,0.21708737313747406,0.04706670343875885,5.426424195320578e-06,0.0,5.6132830650312826e-05,0.15749219059944153,0.27519605598725155,0.2751960754394531,0.10204607993364334,0.11151312291622162,0.01844731718301773,0.015677522867918015,0.05468049272894859,0.2220546007156372,1.5446974039077759,0.00042595855138001233,nan,nan,nan,0,0
12,152,0.21988417208194733,0.21988363564014435,0.048010505735874176,5.426424195320578e-06,0.0,1.0634453246893827e-06,0.1510312408208847,0.27911014075276214,0.2791101336479187,0.11106957495212555,0.11422483623027802,0.019345754757523537,0.016025807708501816,0.0515642948448658,0.22187551856040955,1.5446972846984863,0.0004246728627588753,nan,nan,nan,0,0
12,153,0.2458675503730774,0.24586550891399384,0.061016298830509186,5.438370862975717e-06,0.0,4.094324140169192e-06,0.15202344954013824,0.15838000433748145,0.15838000178337097,0.05997002497315407,0.06388048082590103,0.011148655787110329,0.008852986618876457,0.032835379242897034,0.12698927521705627,1.5446971654891968,0.0004233886033045592,nan,nan,nan,0,0
12,154,0.2546960115432739,0.25462606549263,0.06538870930671692,5.426424195320578e-06,0.0,0.0001399048778694123,0.13817186653614044,0.07138055469252509,0.07138055562973022,0.0278327539563179,0.03156859427690506,0.005417726933956146,0.004280362278223038,0.012604950927197933,0.055833566933870316,1.5446970462799072,0.0004221057762017496,nan,nan,nan,0,0
12,155,0.2821134030818939,0.2821130156517029,0.07855930924415588,5.426424195320578e-06,0.0,7.932173389235686e-07,0.15089063346385956,0.023607354796388265,0.02360735461115837,0.008870253339409828,0.008173088543117046,0.0020342585630714893,0.0013682087883353233,0.005130162462592125,0.01948069967329502,1.5446969270706177,0.0004208243846315807,nan,nan,nan,0,0
12,156,0.28557515144348145,0.2855420708656311,0.0824984535574913,5.426424195320578e-06,0.0,6.614244193769991e-05,0.15813280642032623,0.046894896263213685,0.046894896775484085,0.0217362642288208,0.02015126869082451,0.004115487914532423,0.002672814764082432,0.00522898742929101,0.0356253981590271,1.5446968078613281,0.0004195444317716264,nan,nan,nan,0,0
12,157,0.2578999102115631,0.25788673758506775,0.06668984144926071,5.426424650067929e-06,0.0,2.634573138493579e-05,0.15513281524181366,0.18445996317406316,0.18445996940135956,0.07331487536430359,0.07720047980546951,0.013310936279594898,0.010767252184450626,0.034914057701826096,0.14552795886993408,1.5446966886520386,0.00041826592079589463,nan,nan,nan,0,0
12,158,0.2091764658689499,0.20917066931724548,0.043650221079587936,5.426424195320578e-06,0.0,1.1602481208683457e-05,0.15340624749660492,0.15988976127778481,0.15988975763320923,0.06028439849615097,0.06451297551393509,0.00991006474941969,0.009459536522626877,0.026849117130041122,0.12984620034694672,1.544696569442749,0.00041698885487481474,nan,nan,nan,0,0
12,159,0.35660460591316223,0.35660213232040405,0.12836316227912903,5.426424195320578e-06,0.0,4.922865173284663e-06,0.152218759059906,0.09393010861093157,0.09393010288476944,0.0381149984896183,0.03926780819892883,0.00666889688000083,0.00545476982370019,0.019751323387026787,0.07323802262544632,1.5446964502334595,0.0004157132371752357,nan,nan,nan,0,0
12,160,0.17198003828525543,0.17196369171142578,0.029552839696407318,5.426424195320578e-06,0.0,3.2704134355299175e-05,0.15571875870227814,0.10043553723075978,0.1004355400800705,0.04133778437972069,0.04143006354570389,0.006796453148126602,0.0056429579854011536,0.019791876897215843,0.07869105041027069,1.54469633102417,0.000414439070860413,nan,nan,nan,0,0
12,161,0.22968626022338867,0.22964784502983093,0.05231858417391777,5.426424195320578e-06,0.0,7.683588773943484e-05,0.15876561403274536,0.30686987508063246,0.30686986446380615,0.11450731009244919,0.12192027270793915,0.018980083987116814,0.01752777211368084,0.060089871287345886,0.2488260120153427,1.5446962118148804,0.00041316635909000504,nan,nan,nan,0,0
12,162,0.1563396006822586,0.15633828938007355,0.024745343253016472,5.426424195320578e-06,0.0,2.6152656573685817e-06,0.14838282763957977,0.18748656125554647,0.18748655915260315,0.07305227220058441,0.07527866214513779,0.01279210951179266,0.010403400287032127,0.03563703969120979,0.1503523588180542,1.5446960926055908,0.00041189510502006075,nan,nan,nan,0,0
12,163,0.23270577192306519,0.23270174860954285,0.05335688591003418,5.426424195320578e-06,0.0,8.04249521024758e-06,0.1528359353542328,0.20935614677107678,0.2093561440706253,0.08071688562631607,0.08779049664735794,0.014773871749639511,0.01197991892695427,0.0410892516374588,0.1660045087337494,1.5446959733963013,0.00041062531180301653,nan,nan,nan,0,0
12,164,0.2173648178577423,0.21735985577106476,0.04714491218328476,5.426424195320578e-06,0.0,9.912559107760899e-06,0.1468515843153,0.2315396457324129,0.23153965175151825,0.0865568071603775,0.09491022676229477,0.015204005874693394,0.013427508063614368,0.045183099806308746,0.18616552650928497,1.5446958541870117,0.00040935698258768514,nan,nan,nan,0,0
12,165,0.26271483302116394,0.2627011239528656,0.06911373138427734,5.426424195320578e-06,0.0,2.7398687961976975e-05,0.14476563036441803,0.02952665176240939,0.02952665276825428,0.013160843402147293,0.013982330448925495,0.0027258761692792177,0.001781086320988834,0.004583955742418766,0.021713923662900925,1.5446957349777222,0.00040809012051924904,nan,nan,nan,0,0
12,166,0.30409225821495056,0.3040461540222168,0.09430340677499771,5.426424195320578e-06,0.0,9.219001367455348e-05,0.14039844274520874,0.18035239618931856,0.18035238981246948,0.0705656036734581,0.0775333046913147,0.015556517988443375,0.010780789889395237,0.029714219272136688,0.1424601823091507,1.5446956157684326,0.0004068247287392522,nan,nan,nan,0,0
12,167,0.3401986360549927,0.3401803970336914,0.115651436150074,5.426424195320578e-06,0.0,3.64701627404429e-05,0.1560390591621399,0.10902696155623723,0.1090269610285759,0.04340629652142525,0.04584827274084091,0.009331628680229187,0.006437705829739571,0.02122441492974758,0.08556698262691498,1.544695496559143,0.00040556081038559355,nan,nan,nan,0,0
12,168,0.2836616635322571,0.2836255431175232,0.07955344021320343,5.426424195320578e-06,0.0,7.225016452139243e-05,0.15850001573562622,0.09255314551254162,0.09255314618349075,0.035128332674503326,0.03865254670381546,0.007384261582046747,0.005388161167502403,0.015896722674369812,0.07417412102222443,1.5446953773498535,0.0004042983685925173,nan,nan,nan,0,0
12,169,0.18172353506088257,0.18170516192913055,0.03301448002457619,5.426424195320578e-06,0.0,3.67539978469722e-05,0.14393749833106995,0.13201250397383016,0.1320125013589859,0.05103584751486778,0.056734293699264526,0.011535024270415306,0.007807113230228424,0.02226286195218563,0.10447114706039429,1.544695258140564,0.00040303740649060606,nan,nan,nan,0,0
12,170,0.3113367259502411,0.311308890581131,0.09630176424980164,5.426424195320578e-06,0.0,5.566557956626639e-05,0.15746094286441803,0.02735607957491389,0.02735607884824276,0.013918516226112843,0.013523275032639503,0.00501570850610733,0.0019926554523408413,0.007921676151454449,0.016729317605495453,1.5446951389312744,0.0004017779272067743,nan,nan,nan,0,0
12,171,0.30482664704322815,0.30482661724090576,0.09119725972414017,5.426424195320578e-06,0.0,6.647109529467343e-08,0.15025782585144043,0.03598957831096687,0.03598957881331444,0.014909309335052967,0.016556929796934128,0.003813538933172822,0.00208003306761384,0.007038254290819168,0.027026351541280746,1.5446950197219849,0.00040051993386425796,nan,nan,nan,0,0
12,172,0.20713567733764648,0.20713138580322266,0.04322831705212593,5.426424195320578e-06,0.0,8.58306884765625e-06,0.15292969346046448,0.04086298440149216,0.04086298495531082,0.01624552346765995,0.012423189356923103,0.0020374245941638947,0.0020185147877782583,0.005671369377523661,0.03480144962668419,1.5446949005126953,0.00039926342958260925,nan,nan,nan,0,0
12,173,0.23618727922439575,0.23618155717849731,0.05506373569369316,5.426424195320578e-06,0.0,1.144345060311025e-05,0.1533828228712082,0.1833463830009614,0.18334637582302094,0.0689925029873848,0.07182428985834122,0.013680615462362766,0.010504006408154964,0.03558478131890297,0.14877308905124664,1.5446947813034058,0.0003980084174776867,nan,nan,nan,0,0
12,174,0.29701054096221924,0.2969733476638794,0.08738711476325989,5.426424195320578e-06,0.0,7.439038017764688e-05,0.15862499177455902,0.05550774839240378,0.05550774931907654,0.021101420745253563,0.023809609934687614,0.004914083052426577,0.0032784349750727415,0.010786456987261772,0.04379153624176979,1.5446946620941162,0.00039675490066165043,nan,nan,nan,0,0
12,175,0.19868779182434082,0.19851507246494293,0.039234329015016556,5.426424195320578e-06,0.0,0.0003454375546425581,0.16858595609664917,0.06995890326113333,0.06995890289545059,0.024539265781641006,0.027256585657596588,0.005469840951263905,0.003958083689212799,0.014168896712362766,0.057470060884952545,1.5446945428848267,0.00039550288224295,nan,nan,nan,0,0
12,176,0.2288038730621338,0.2287461757659912,0.052790336310863495,5.426424195320578e-06,0.0,0.00011539459228515625,0.16074219346046448,0.008364700974576528,0.008364700712263584,0.005071874707937241,0.0040670353919267654,0.0026862567756325006,0.0007484664674848318,0.0025077895261347294,0.0036930132191628218,1.544694423675537,0.0003942523653263218,nan,nan,nan,0,0
12,177,0.2473229318857193,0.24730421602725983,0.061782870441675186,5.426424195320578e-06,0.0,3.741988984984346e-05,0.15611718595027924,0.24406136562310257,0.24406136572360992,0.09418140351772308,0.09602519869804382,0.018142033368349075,0.013732231222093105,0.043836094439029694,0.1975744515657425,1.5446943044662476,0.0003930033530127772,nan,nan,nan,0,0
12,178,0.23774904012680054,0.23773404955863953,0.057570572942495346,5.426424195320578e-06,0.0,2.9992592317285016e-05,0.15547655522823334,0.016360505485097387,0.016360506415367126,0.007136006373912096,0.006517446134239435,0.0015486128395423293,0.0008258079760707915,0.003820584388449788,0.012513569556176662,1.544694185256958,0.00039175584839959703,nan,nan,nan,0,0
12,179,0.236324280500412,0.23631484806537628,0.056972719728946686,5.426424195320578e-06,0.0,1.8868147890316322e-05,0.15434375405311584,0.33196750631987354,0.3319675028324127,0.13033518195152283,0.1382620930671692,0.027145061641931534,0.019096624106168747,0.061030205339193344,0.26319676637649536,1.5446940660476685,0.00039050985458032305,nan,nan,nan,0,0
12,180,0.24418041110038757,0.24417530000209808,0.05931304395198822,5.426426014309982e-06,0.0,1.0210042091784999e-05,0.14680469036102295,0.21970927955721353,0.21970927715301514,0.09076680988073349,0.09228627383708954,0.01819627732038498,0.012705204077064991,0.03778333589434624,0.17203688621520996,1.544693946838379,0.0003892653746447512,nan,nan,nan,0,0
12,181,0.34420156478881836,0.3441905677318573,0.12102863192558289,5.426424195320578e-06,0.0,2.1972684407955967e-05,0.14531250298023224,0.09443816292085017,0.09443816542625427,0.038243427872657776,0.03990473970770836,0.00812139268964529,0.005449675489217043,0.01651451177895069,0.07412984222173691,1.5446938276290894,0.0003880224116789229,nan,nan,nan,0,0
12,182,0.18649442493915558,0.18648144602775574,0.034417442977428436,5.426424195320578e-06,0.0,2.59463231486734e-05,0.15509375929832458,0.17281756601530068,0.17281757295131683,0.06638635694980621,0.07204560935497284,0.013935787603259087,0.009839112870395184,0.03348590061068535,0.13731668889522552,1.5446937084197998,0.00038678096876511764,nan,nan,nan,0,0
12,183,0.2797124981880188,0.279666543006897,0.0788985937833786,5.426424195320578e-06,0.0,9.189009142573923e-05,0.15958593785762787,0.46487363324629943,0.46487361192703247,0.18105867505073547,0.1866845339536667,0.035393126308918,0.0267515666782856,0.08904103189706802,0.3722600042819977,1.5446935892105103,0.00038554104898184553,nan,nan,nan,0,0
12,184,0.2682850658893585,0.2682703137397766,0.07301034778356552,5.426424195320578e-06,0.0,2.948131805169396e-05,0.1554296761751175,0.019845962752227452,0.019845962524414062,0.009546961635351181,0.009512996301054955,0.0024646844249218702,0.0012717866338789463,0.005381569731980562,0.013250179588794708,1.5446934700012207,0.0003843026554038403,nan,nan,nan,0,0
12,185,0.2816420793533325,0.28161561489105225,0.07875038683414459,5.426424195320578e-06,0.0,5.290286571835168e-05,0.15727344155311584,0.06268732406989468,0.06268732249736786,0.020949283614754677,0.024398108944296837,0.004110432229936123,0.003795212833210826,0.014051125384867191,0.05164133012294769,1.5446933507919312,0.0003830657911020504,nan,nan,nan,0,0
12,186,0.22147564589977264,0.2213858813047409,0.050268854945898056,5.426424195320578e-06,0.0,0.00017951815971173346,0.16339844465255737,0.338115904568899,0.3381159007549286,0.12930424511432648,0.13860838115215302,0.026927608996629715,0.01932641677558422,0.06543911248445511,0.2702029049396515,1.5446932315826416,0.0003818304591436316,nan,nan,nan,0,0
12,187,0.22889599204063416,0.22886046767234802,0.05231787636876106,5.426424195320578e-06,0.0,7.105943950591609e-05,0.15842968225479126,0.17290941098782503,0.17290940880775452,0.06149456277489662,0.06503978371620178,0.012370623648166656,0.009875815361738205,0.0352928563952446,0.1427927166223526,1.544693112373352,0.0003805966625919416,nan,nan,nan,0,0
12,188,0.21554741263389587,0.21554447710514069,0.04619772359728813,5.426424195320578e-06,0.0,5.8654582062445115e-06,0.15242187678813934,0.175595025641317,0.17559503018856049,0.06570783257484436,0.07087153941392899,0.01351303979754448,0.0101645328104496,0.03300570324063301,0.14183801412582397,1.5446929931640625,0.0003793644045065278,nan,nan,nan,0,0
12,189,0.31842753291130066,0.318396657705307,0.10127034038305283,5.426424195320578e-06,0.0,6.176983879413456e-05,0.15785938501358032,0.022247130755305683,0.022247131913900375,0.01046803779900074,0.006843075156211853,0.0013555092737078667,0.0012215563328936696,0.004727615974843502,0.017687492072582245,1.544692873954773,0.00037813368794312527,nan,nan,nan,0,0
12,190,0.3357726037502289,0.33576247096061707,0.11237917095422745,5.426424195320578e-06,0.0,2.025001413130667e-05,0.14550000429153442,0.033764142976674655,0.03376414254307747,0.015058012679219246,0.014405257068574429,0.002990900771692395,0.0020731836557388306,0.0056238011457026005,0.025707809254527092,1.5446927547454834,0.0003769045159536446,nan,nan,nan,0,0
13,1,0.24036116898059845,0.24033890664577484,0.057760052382946014,5.426424195320578e-06,0.0,4.4513926695799455e-05,0.14332813024520874,0.13669127132485975,0.13669127225875854,0.055392973124980927,0.056810978800058365,0.011645893566310406,0.007728565018624067,0.02424830012023449,0.10772788524627686,1.5446926355361938,0.00037567689158616766,nan,nan,nan,0,0
13,2,0.22644831240177155,0.22642157971858978,0.05211511254310608,5.426424195320578e-06,0.0,5.347275146050379e-05,0.1573125123977661,0.06177143881248839,0.061771441251039505,0.022832954302430153,0.0262603759765625,0.005290542263537645,0.0036057070828974247,0.011080101132392883,0.04940647631883621,1.5446925163269043,0.00037445081788493656,nan,nan,nan,0,0
13,3,0.24990923702716827,0.24990254640579224,0.06319865584373474,5.426424195320578e-06,0.0,1.3368078725761734e-05,0.1536562442779541,0.01796334016016788,0.017963340505957603,0.009000714868307114,0.00819295272231102,0.0018727859714999795,0.0008987430483102798,0.0028021407779306173,0.012742730788886547,1.5446923971176147,0.00037322629789035013,nan,nan,nan,0,0
13,4,0.1839040219783783,0.1839039921760559,0.03396018594503403,5.426424195320578e-06,0.0,6.249839401561985e-08,0.1497500091791153,0.1763399069431935,0.17633990943431854,0.07086867094039917,0.07400576770305634,0.014875628985464573,0.010299843735992908,0.03037027083337307,0.1390928328037262,1.5446922779083252,0.0003720033346389533,nan,nan,nan,0,0
13,5,0.32573798298835754,0.3256984055042267,0.10631020367145538,5.426424195320578e-06,0.0,7.91821803431958e-05,0.15889844298362732,0.18936170784077797,0.18936170637607574,0.07230647653341293,0.0788186565041542,0.015872832387685776,0.01104629784822464,0.03738637641072273,0.1504843533039093,1.5446921586990356,0.00037078193116343074,nan,nan,nan,0,0
13,6,0.2148352414369583,0.21483148634433746,0.04592907801270485,5.426424195320578e-06,0.0,7.519584869442042e-06,0.1527421921491623,0.4640466588191924,0.4640466570854187,0.17498897016048431,0.1913025975227356,0.037278126925230026,0.026814747601747513,0.08818812668323517,0.3718005418777466,1.544692039489746,0.0003695620904925988,nan,nan,nan,0,0
13,7,0.2201252579689026,0.22012197971343994,0.0482618510723114,5.426424195320578e-06,0.0,6.566370757354889e-06,0.14743751287460327,0.1463895771473386,0.14638957381248474,0.058730438351631165,0.06199122592806816,0.012757069431245327,0.008406328037381172,0.027373841032385826,0.1146952286362648,1.5446919202804565,0.00036834381565139997,nan,nan,nan,0,0
13,8,0.2887367904186249,0.2887248396873474,0.08353526145219803,5.426424195320578e-06,0.0,2.3918171791592613e-05,0.1451093852519989,0.2520147220676801,0.25201472640037537,0.0977558121085167,0.1079472079873085,0.021693408489227295,0.014661949127912521,0.045589327812194824,0.19884330034255981,1.544691801071167,0.0003671271096608914,nan,nan,nan,0,0
13,9,0.216106578707695,0.2160996049642563,0.04651379585266113,5.426424195320578e-06,0.0,1.3945594218967017e-05,0.15373438596725464,0.06951580547069641,0.06951580196619034,0.026636937633156776,0.029969394207000732,0.0064562964253127575,0.004149218089878559,0.012411016970872879,0.05488007888197899,1.5446916818618774,0.0003659119755382422,nan,nan,nan,0,0
13,10,0.34761613607406616,0.3475387990474701,0.12121156603097916,5.426424195320578e-06,0.0,0.00015469158824998885,0.16243751347064972,0.1553880464875181,0.15538804233074188,0.05816420540213585,0.061594173312187195,0.011945324018597603,0.008848289959132671,0.030209185555577278,0.12583699822425842,1.544691562652588,0.0003646984162967217,nan,nan,nan,0,0
13,11,0.21897585690021515,0.2189698964357376,0.04767907038331032,5.426424195320578e-06,0.0,1.1924144928343594e-05,0.15345314145088196,0.0904676722347957,0.090467669069767,0.033867694437503815,0.036740221083164215,0.0071893492713570595,0.005271513946354389,0.016133397817611694,0.07312846928834915,1.5446914434432983,0.0003634864349456956,nan,nan,nan,0,0
13,12,0.2049490064382553,0.20493720471858978,0.04205936938524246,5.426424195320578e-06,0.0,2.361350561841391e-05,0.15485937893390656,0.3595517064431773,0.35955172777175903,0.13752849400043488,0.1525379866361618,0.030033191666007042,0.020849376916885376,0.0677054300904274,0.2849119007587433,1.5446913242340088,0.00036227603449061536,nan,nan,nan,0,0
13,13,0.36410337686538696,0.3641010522842407,0.13096170127391815,5.426424195320578e-06,0.0,4.649446964322124e-06,0.152156263589859,0.07081737403721593,0.07081737369298935,0.02690637670457363,0.030180837959051132,0.00602334039285779,0.004139528144150972,0.013271266594529152,0.05613128840923309,1.5446912050247192,0.00036106721793301275,nan,nan,nan,0,0
13,14,0.23782619833946228,0.23782502114772797,0.05596033111214638,5.426424195320578e-06,0.0,2.368679588471423e-06,0.15153905749320984,0.25140582317889665,0.25140583515167236,0.09668783098459244,0.10522664338350296,0.02058350294828415,0.014625643379986286,0.04593288525938988,0.200090691447258,1.5446910858154297,0.0003598599882704917,nan,nan,nan,0,0
13,15,0.25156834721565247,0.25156816840171814,0.06322915852069855,5.426424195320578e-06,0.0,3.3422313094888523e-07,0.14942188560962677,0.19045316072593652,0.1904531568288803,0.07485406845808029,0.07887192070484161,0.01533347275108099,0.010964753106236458,0.034945297986269,0.15123485028743744,1.5446909666061401,0.0003586543484967207,nan,nan,nan,0,0
13,16,0.3039301931858063,0.3039209544658661,0.09165089577436447,5.426424195320578e-06,0.0,1.8463211745256558e-05,0.1542968899011612,0.21740774060062548,0.2174077332019806,0.0879245325922966,0.09216681122779846,0.018116114661097527,0.012606306932866573,0.037842001765966415,0.17065037786960602,1.5446908473968506,0.0003574503016014268,nan,nan,nan,0,0
13,17,0.3721019923686981,0.37207868695259094,0.140939861536026,5.426424195320578e-06,0.0,4.6623146772617474e-05,0.1568281203508377,0.011047596229312142,0.011047596111893654,0.0057546645402908325,0.004570126533508301,0.00120649766176939,0.0006803220603615046,0.0014571655774489045,0.008000334724783897,1.544690728187561,0.00035624785057038574,nan,nan,nan,0,0
13,18,0.1916721761226654,0.19165657460689545,0.03648676350712776,5.426424195320578e-06,0.0,3.120271139778197e-05,0.15558594465255737,0.05459250713076815,0.05459250882267952,0.022745683789253235,0.02250584028661251,0.004459953401237726,0.002944766078144312,0.007209012750536203,0.043312009423971176,1.5446906089782715,0.0003550469983854163,nan,nan,nan,0,0
13,19,0.2868815064430237,0.2868542969226837,0.08296417444944382,5.426424195320578e-06,0.0,5.4390653531299904e-05,0.14262500405311584,0.09102637444990375,0.09102637320756912,0.035823993384838104,0.03792553022503853,0.007479515392333269,0.005368384532630444,0.016857381910085678,0.07207747548818588,1.544690489768982,0.00035384774802437244,nan,nan,nan,0,0
13,20,0.17647354304790497,0.1764434576034546,0.03153194114565849,5.426424195320578e-06,0.0,6.018365820636973e-05,0.15775781869888306,0.21776180219652289,0.2177617996931076,0.08585185557603836,0.08779852837324142,0.01695043407380581,0.01245045755058527,0.04061706364154816,0.17392240464687347,1.5446903705596924,0.0003526501024611365,nan,nan,nan,0,0
13,21,0.2816377580165863,0.2816274166107178,0.07922563701868057,5.426424195320578e-06,0.0,2.0674124243669212e-05,0.14545312523841858,0.20594313154219773,0.20594313740730286,0.07990211248397827,0.08262796700000763,0.015886779874563217,0.011757575906813145,0.03818058967590332,0.16538578271865845,1.5446902513504028,0.00035145406466561055,nan,nan,nan,0,0
13,22,0.1949445903301239,0.19487863779067993,0.039819225668907166,5.426424195320578e-06,0.0,0.0001318907452514395,0.16148437559604645,0.17285162152544029,0.17285162210464478,0.06639255583286285,0.06717675924301147,0.012281682342290878,0.009909682907164097,0.032862287014722824,0.14010004699230194,1.5446901321411133,0.00035025963760370996,nan,nan,nan,0,0
13,23,0.204461008310318,0.20442678034305573,0.04141424223780632,5.426424195320578e-06,0.0,6.844977178843692e-05,0.15827344357967377,0.2555031011906356,0.2555030882358551,0.0993717685341835,0.10239892452955246,0.019543074071407318,0.014729298651218414,0.047574952244758606,0.20508360862731934,1.5446900129318237,0.0003490668242373555,nan,nan,nan,0,0
13,24,0.20950303971767426,0.20950274169445038,0.04403088614344597,5.426424195320578e-06,0.0,5.861993486178108e-07,0.1492343693971634,0.23442437309001304,0.23442436754703522,0.09331852942705154,0.09900594502687454,0.01948222890496254,0.013644379563629627,0.04077327623963356,0.18497587740421295,1.5446898937225342,0.00034787562752446776,nan,nan,nan,0,0
13,25,0.24348704516887665,0.24348284304141998,0.05979648232460022,5.426424195320578e-06,0.0,8.40103984955931e-06,0.15289846062660217,0.04932450343832729,0.04932450130581856,0.020850561559200287,0.021444620564579964,0.004513368010520935,0.002850246848538518,0.0071136439219117165,0.03819935396313667,1.5446897745132446,0.0003466860504189559,nan,nan,nan,0,0
13,26,0.3099229633808136,0.3099130094051361,0.10780716687440872,5.426424195320578e-06,0.0,1.990003693208564e-05,0.15446095168590546,0.09082646496421205,0.09082646667957306,0.03636787459254265,0.03872540220618248,0.007810893002897501,0.00497144740074873,0.016980823129415512,0.0710851177573204,1.544689655303955,0.0003454980958707153,nan,nan,nan,0,0
13,27,0.23050609230995178,0.2304975539445877,0.05335924029350281,5.426424195320578e-06,0.0,1.7080095858545974e-05,0.15413281321525574,0.31822210642455306,0.3182221055030823,0.12046589702367783,0.13216525316238403,0.025767171755433083,0.018613670021295547,0.05744383856654167,0.25490275025367737,1.5446895360946655,0.0003443117668256162,nan,nan,nan,0,0
13,28,0.30470067262649536,0.30469802021980286,0.09340552240610123,5.426424195320578e-06,0.0,5.275588591757696e-06,0.15229687094688416,0.08416570711680493,0.08416570723056793,0.03441598638892174,0.036548417061567307,0.007666177116334438,0.004758475348353386,0.014752916991710663,0.06530357897281647,1.544689416885376,0.0003431270662254985,nan,nan,nan,0,0
13,29,0.17457129061222076,0.17457100749015808,0.030041636899113655,5.426424195320578e-06,0.0,5.742586495216528e-07,0.1507578045129776,0.1798603316787525,0.17986033856868744,0.07078948616981506,0.07431118935346603,0.014476262032985687,0.010208302177488804,0.03241383284330368,0.14301051199436188,1.5446892976760864,0.00034194399700816346,nan,nan,nan,0,0
13,30,0.3028661012649536,0.30285170674324036,0.09076189249753952,5.426424195320578e-06,0.0,2.8806724003516138e-05,0.1553671956062317,0.014004562936721861,0.014004562981426716,0.007591693662106991,0.007230094168335199,0.0018244980601593852,0.0010526825208216906,0.0024716213811188936,0.008699072524905205,1.5446891784667969,0.0003407625621073678,nan,nan,nan,0,0
13,31,0.18868912756443024,0.18868626654148102,0.03571413457393646,5.426424195320578e-06,0.0,5.7150787142745685e-06,0.15239062905311584,0.10901052660398697,0.10901052504777908,0.04501207917928696,0.04647626355290413,0.009379043243825436,0.0062750051729381084,0.017051927745342255,0.08531737327575684,1.5446890592575073,0.0003395827644528146,nan,nan,nan,0,0
13,32,0.21453450620174408,0.2145140916109085,0.04603869095444679,5.426424195320578e-06,0.0,4.0840168367139995e-05,0.14360937476158142,0.01766116329650082,0.017661163583397865,0.009226738475263119,0.007744011469185352,0.004385164938867092,0.0016288263723254204,0.003372245468199253,0.011556793935596943,1.5446889400482178,0.00033840460697014694,nan,nan,nan,0,0
13,33,0.168768972158432,0.16875769197940826,0.028540583327412605,5.438370862975717e-06,0.0,2.2562484446098097e-05,0.1547500044107437,0.05702754409802877,0.05702754482626915,0.02270353026688099,0.02087699994444847,0.004000066313892603,0.0030849066097289324,0.010640453547239304,0.04649844020605087,1.5446888208389282,0.0003372280925809415,nan,nan,nan,0,0
13,34,0.3319653570652008,0.3319653272628784,0.10890541970729828,5.426424195320578e-06,0.0,7.476741359369043e-08,0.15027344226837158,0.0061282534310700245,0.006128253415226936,0.002577064326032996,0.0022429004311561584,0.00046645969268865883,0.0004366777138784528,0.0014184297760948539,0.004843904636800289,1.5446887016296387,0.00033605322420269965,nan,nan,nan,0,0
13,35,0.3190326392650604,0.31903067231178284,0.10557328164577484,5.426424195320578e-06,0.0,3.93779419027851e-06,0.14801561832427979,0.10123685043374223,0.10123685002326965,0.040430307388305664,0.04294580593705177,0.008244008757174015,0.006126533728092909,0.01609758473932743,0.08003322780132294,1.5446885824203491,0.00033488000474884104,nan,nan,nan,0,0
13,36,0.3023488521575928,0.3023393452167511,0.09050651639699936,5.426424195320578e-06,0.0,1.9004188288818114e-05,0.1543593853712082,0.23155342669170187,0.23155342042446136,0.09229842573404312,0.09712384641170502,0.019071338698267937,0.013283191248774529,0.04036789387464523,0.18301700055599213,1.5446884632110596,0.00033370843712869625,nan,nan,nan,0,0
13,37,0.21491502225399017,0.2149144560098648,0.04545401409268379,5.426424195320578e-06,0.0,1.128900976254954e-06,0.1510625034570694,0.13638854266942127,0.13638854026794434,0.05483730509877205,0.05756889283657074,0.011411303654313087,0.008015249855816364,0.02460637129843235,0.10714752227067947,1.54468834400177,0.000332538524247501,nan,nan,nan,0,0
13,38,0.22710199654102325,0.2270578294992447,0.05421999841928482,5.426424195320578e-06,0.0,8.833049651002511e-05,0.15939843654632568,0.2463725794110728,0.24637258052825928,0.09642566740512848,0.10314169526100159,0.020083706825971603,0.014455128461122513,0.044664300978183746,0.19533592462539673,1.5446882247924805,0.00033137026900638503,nan,nan,nan,0,0
13,39,0.26279327273368835,0.2627421021461487,0.06830448657274246,5.426424195320578e-06,0.0,0.00010235749505227432,0.16011719405651093,0.15561621068495257,0.15561620891094208,0.06114315614104271,0.061865612864494324,0.011780519969761372,0.008809799328446388,0.02915719710290432,0.1248360127210617,1.544688105583191,0.0003302036743023703,nan,nan,nan,0,0
13,40,0.2171735018491745,0.2171698659658432,0.04665130004286766,5.426424195320578e-06,0.0,7.2646803346287925e-06,0.1473046988248825,0.08540956637095211,0.08540956676006317,0.03473316878080368,0.03688524290919304,0.007859748788177967,0.0051215882413089275,0.015198513865470886,0.06639938801527023,1.5446879863739014,0.0003290387430283587,nan,nan,nan,0,0
13,41,0.3859976530075073,0.3859907388687134,0.1519036740064621,5.426424195320578e-06,0.0,1.3829091585648712e-05,0.14628125727176666,0.20611855033753768,0.20611855387687683,0.0818738117814064,0.08787307143211365,0.01716858148574829,0.011808963492512703,0.03634166345000267,0.16218794882297516,1.5446878671646118,0.0003278754780731295,nan,nan,nan,0,0
13,42,0.2465272694826126,0.24648527801036835,0.0602290965616703,5.426424195320578e-06,0.0,8.398009231314063e-05,0.1408359408378601,0.25304159582627656,0.2530415952205658,0.09843729436397552,0.10622259974479675,0.020669307559728622,0.014716566540300846,0.04602128267288208,0.20073652267456055,1.5446877479553223,0.00032671388232132707,nan,nan,nan,0,0
13,43,0.2681392729282379,0.2679598033428192,0.0709037333726883,5.426424195320578e-06,0.0,0.0003589252009987831,0.13105468451976776,0.1123123881900903,0.11231239140033722,0.046484947204589844,0.04686746373772621,0.00906381756067276,0.006547079887241125,0.01680200733244419,0.08859649300575256,1.5446876287460327,0.0003255539586534588,nan,nan,nan,0,0
13,44,0.4233478009700775,0.4233103394508362,0.17775100469589233,5.426424195320578e-06,0.0,7.493089651688933e-05,0.1586562693119049,0.03372101243914579,0.03372101113200188,0.018130457028746605,0.018270248547196388,0.004422700498253107,0.0020161070860922337,0.00502127967774868,0.02063378319144249,1.5446875095367432,0.0003243957099458849,nan,nan,nan,0,0
13,45,0.3319438099861145,0.33187687397003174,0.10933830589056015,5.426424195320578e-06,0.0,0.00013387229410000145,0.16157032549381256,0.0408398921147104,0.040839891880750656,0.01765350252389908,0.016403403133153915,0.0038490782026201487,0.002469161059707403,0.009271341376006603,0.031309887766838074,1.5446873903274536,0.0003232391390708117,nan,nan,nan,0,0
13,46,0.3078402280807495,0.3077889680862427,0.09472140669822693,5.426424195320578e-06,0.0,0.00010251555067952722,0.1601250022649765,0.02169900384814501,0.021699003875255585,0.009861568920314312,0.009454241022467613,0.0025532289873808622,0.001320387003943324,0.003039001487195492,0.01633143052458763,1.544687271118164,0.0003220842488962848,nan,nan,nan,0,0
13,47,0.255068302154541,0.25506725907325745,0.06483853608369827,5.426424195320578e-06,0.0,2.1115909021318657e-06,0.14854687452316284,0.008527302690667982,0.008527303114533424,0.004184738267213106,0.004087482579052448,0.0009998094756156206,0.000373468006728217,0.0020206402987241745,0.005768297705799341,1.5446871519088745,0.0003209310422861833,nan,nan,nan,0,0
13,48,0.23832254111766815,0.23832254111766815,0.056209735572338104,5.426424195320578e-06,0.0,1.525366721821797e-09,0.15003906190395355,0.19452416397079247,0.19452416896820068,0.07200928777456284,0.07672165334224701,0.014506406150758266,0.011424463242292404,0.040072306990623474,0.1575479507446289,1.544687032699585,0.0003197795221002101,nan,nan,nan,0,0
13,49,0.46485432982444763,0.4647749364376068,0.21521717309951782,5.426424195320578e-06,0.0,0.0001587991719134152,0.1626015603542328,0.012719471778052013,0.0127194719389081,0.005332308355718851,0.0052718510851264,0.0028045466169714928,0.0007694730302318931,0.003322932403534651,0.009276830591261387,1.5446869134902954,0.00031862969119388605,nan,nan,nan,0,0
13,50,0.30146875977516174,0.30145785212516785,0.09473460912704468,5.426424195320578e-06,0.0,2.1826523152412847e-05,0.1453281193971634,0.07967597684460014,0.07967597246170044,0.03179086744785309,0.0342835895717144,0.00703182490542531,0.004674557596445084,0.015304015949368477,0.0621025487780571,1.5446867942810059,0.00031748155241854433,nan,nan,nan,0,0
13,51,0.21909508109092712,0.21909081935882568,0.04838866367936134,5.426424195320578e-06,0.0,8.537378562323283e-06,0.14707812666893005,0.22390588027141328,0.22390587627887726,0.08505024015903473,0.0909360870718956,0.01741805486381054,0.012974966317415237,0.04393785819411278,0.17952340841293335,1.5446866750717163,0.00031633510862132065,nan,nan,nan,0,0
13,52,0.23542077839374542,0.23541854321956635,0.055380724370479584,5.426424195320578e-06,0.0,4.482480107981246e-06,0.15211719274520874,0.03709779926793525,0.03709780052304268,0.013699471950531006,0.018436165526509285,0.003991187550127506,0.002179569797590375,0.005533191841095686,0.0282379649579525,1.5446865558624268,0.000315190362645148,nan,nan,nan,0,0
13,53,0.2776460647583008,0.27764540910720825,0.07695991545915604,5.426424195320578e-06,0.0,1.2832722404709784e-06,0.1488671898841858,0.058223482616428,0.058223482221364975,0.02356560528278351,0.02355445735156536,0.004582761786878109,0.0034203517716377974,0.010644862428307533,0.04619318246841431,1.5446864366531372,0.000314047317328749,nan,nan,nan,0,0
13,54,0.25824806094169617,0.2582041919231415,0.06625720858573914,5.426424195320578e-06,0.0,8.774411253398284e-05,0.15936718881130219,0.1777168611531663,0.17771686613559723,0.06649212539196014,0.07236462086439133,0.014179951511323452,0.010251184925436974,0.03458264470100403,0.1429101973772049,1.5446863174438477,0.00031290597550662983,nan,nan,nan,0,0
13,55,0.1843189299106598,0.18431460857391357,0.0343477763235569,5.426424195320578e-06,0.0,8.628881005279254e-06,0.15293750166893005,0.04749881045870795,0.04749881103634834,0.017410650849342346,0.020064273849129677,0.004916179925203323,0.002683845814317465,0.01123895961791277,0.037319499999284744,1.544686198234558,0.00031176634000907075,nan,nan,nan,0,0
13,56,0.25262120366096497,0.25260865688323975,0.06397803127765656,5.426424195320578e-06,0.0,2.5078095859498717e-05,0.14499220252037048,0.11145660621901221,0.11145660281181335,0.04082830250263214,0.045786891132593155,0.008634206838905811,0.006407181266695261,0.021674299612641335,0.08985437452793121,1.5446860790252686,0.00031062841366212226,nan,nan,nan,0,0
13,57,0.2096756249666214,0.209662526845932,0.043957389891147614,5.426424195320578e-06,0.0,2.6185662136413157e-05,0.1551171988248825,0.05259448092234644,0.05259447917342186,0.021272387355566025,0.02326291985809803,0.00564306927844882,0.0029505016282200813,0.006638225633651018,0.041083887219429016,1.544685959815979,0.0003094921992875959,nan,nan,nan,0,0
13,58,0.1988781839609146,0.19885694980621338,0.0403016097843647,5.426424195320578e-06,0.0,4.24535246565938e-05,0.15651564300060272,0.047746465422548644,0.04774646833539009,0.022621044889092445,0.021656012162566185,0.005086347460746765,0.002780263079330325,0.007806406822055578,0.0347057580947876,1.5446858406066895,0.00030835769970305774,nan,nan,nan,0,0
13,59,0.23173360526561737,0.23173098266124725,0.05316685512661934,5.426424195320578e-06,0.0,5.239780875854194e-06,0.15228906273841858,0.04309737297621396,0.043097373098134995,0.016531845554709435,0.018338486552238464,0.0041683935560286045,0.0026562283746898174,0.00888814777135849,0.033828262239694595,1.5446857213974,0.0003072249177218213,nan,nan,nan,0,0
13,60,0.20859727263450623,0.20857630670070648,0.04320009797811508,5.426424195320578e-06,0.0,4.19457173848059e-05,0.15647655725479126,0.05941340470777271,0.05941340699791908,0.022510096430778503,0.025237642228603363,0.005542622413486242,0.003589543281123042,0.01148403249680996,0.04701936990022659,1.5446856021881104,0.0003060938561529421,nan,nan,nan,0,0
13,61,0.15988266468048096,0.159882053732872,0.025640452280640602,5.426424195320578e-06,0.0,1.2134528333263006e-06,0.1488984376192093,0.086575534392489,0.08657553791999817,0.034413594752550125,0.03806222230195999,0.007593538146466017,0.005040149204432964,0.013952779583632946,0.0677093043923378,1.5446854829788208,0.0003049645178012081,nan,nan,nan,0,0
13,62,0.21377108991146088,0.21354147791862488,0.04647393152117729,5.426424195320578e-06,0.0,0.00045923152356408536,0.17142969369888306,0.36336554485789435,0.3633655607700348,0.13315537571907043,0.14507928490638733,0.027489734813570976,0.02085096202790737,0.07173440605401993,0.2948217988014221,1.5446853637695312,0.0003038369054671346,nan,nan,nan,0,0
13,63,0.3431392014026642,0.343135803937912,0.11606309562921524,5.426424195320578e-06,0.0,6.768134880985599e-06,0.147398442029953,0.06037488510066571,0.06037488579750061,0.021842913702130318,0.02500845305621624,0.0057462905533611774,0.003554112045094371,0.007526648696511984,0.04939928278326988,1.5446852445602417,0.0003027110219469561,nan,nan,nan,0,0
13,64,0.38752448558807373,0.38751333951950073,0.14824092388153076,5.426424195320578e-06,0.0,2.2266607629717328e-05,0.15471875667572021,0.03556516886137724,0.03556516766548157,0.014018564485013485,0.015025543048977852,0.0031660061795264482,0.0021017640829086304,0.008555230684578419,0.027476556599140167,1.5446851253509521,0.0003015868700326214,nan,nan,nan,0,0
13,65,0.22773200273513794,0.22771300375461578,0.05293688923120499,5.426424195320578e-06,0.0,3.799562546191737e-05,0.14383594691753387,0.17162271383781594,0.17162270843982697,0.06873729825019836,0.07211140543222427,0.014729741960763931,0.0097965057939291,0.03166000172495842,0.13495996594429016,1.5446850061416626,0.0003004644525117839,nan,nan,nan,0,0
13,66,0.2347165197134018,0.23469898104667664,0.05568021163344383,5.426424195320578e-06,0.0,3.5068725992459804e-05,0.15592189133167267,0.019527082796959236,0.01952708326280117,0.014244533143937588,0.009449612349271774,0.0028264829888939857,0.0005219612503424287,0.002793074119836092,0.008546481840312481,1.544684886932373,0.00029934377216779686,nan,nan,nan,0,0
13,67,0.2444971352815628,0.24449381232261658,0.059585537761449814,5.426424195320578e-06,0.0,6.646725523751229e-06,0.14742188155651093,0.012577737944543201,0.012577737681567669,0.006708071567118168,0.005267435219138861,0.003005062695592642,0.0008800605428405106,0.0038467140402644873,0.00780085101723671,1.5446847677230835,0.0002982248317797054,nan,nan,nan,0,0
13,68,0.2633025348186493,0.26315322518348694,0.06931176781654358,5.426424195320578e-06,0.0,0.0002986420877277851,0.16728127002716064,0.02192522321306824,0.021925223991274834,0.010816351510584354,0.010297130793333054,0.00187294976785779,0.0009112892439588904,0.002579310443252325,0.015706680715084076,1.544684648513794,0.0002971076341222396,nan,nan,nan,0,0
13,69,0.28058838844299316,0.2805791199207306,0.07735414057970047,5.426424195320578e-06,0.0,1.8530246961745434e-05,0.14569532871246338,0.26009361448995877,0.2600935995578766,0.10151832550764084,0.10942357033491135,0.02149750292301178,0.01525784656405449,0.045486386865377426,0.20641037821769714,1.544684648513794,0.000295992181965809,nan,nan,nan,0,0
13,70,0.21963109076023102,0.21958692371845245,0.04759827256202698,5.426424195320578e-06,0.0,8.833049651002511e-05,0.15939843654632568,0.10643387726569821,0.10643387585878372,0.04373611509799957,0.045535553246736526,0.009260122664272785,0.006111668422818184,0.017906853929162025,0.08305466920137405,1.544684648513794,0.0002948784780764936,nan,nan,nan,0,0
13,71,0.21516726911067963,0.21514379978179932,0.046644993126392365,5.426424195320578e-06,0.0,4.694399467553012e-05,0.15685157477855682,0.3110995966277051,0.3110995888710022,0.122105173766613,0.12927399575710297,0.025310244411230087,0.017687963321805,0.058006953448057175,0.24666422605514526,1.544684648513794,0.00029376652521603916,nan,nan,nan,0,0
13,72,0.31151121854782104,0.31150150299072266,0.09706718474626541,5.426424195320578e-06,0.0,1.9414981579757296e-05,0.15440624952316284,0.09683065742839633,0.09683065116405487,0.03785008564591408,0.04152615740895271,0.008991907350718975,0.005505451466888189,0.019854607060551643,0.0755893886089325,1.544684648513794,0.0002926563261418475,nan,nan,nan,0,0
13,73,0.23899459838867188,0.23899410665035248,0.057829633355140686,5.426424195320578e-06,0.0,9.844189889918198e-07,0.15099218487739563,0.27503569808130446,0.27503570914268494,0.10609950125217438,0.11708080768585205,0.02329169027507305,0.016194317489862442,0.05068378522992134,0.21749944984912872,1.544684648513794,0.00029154788360697336,nan,nan,nan,0,0
13,74,0.23829799890518188,0.23824213445186615,0.05692020058631897,5.426424195320578e-06,0.0,0.0001117316132877022,0.16057032346725464,0.02909353952918323,0.029093541204929352,0.01596400886774063,0.015299185179173946,0.003976189065724611,0.0016599951777607203,0.004827526863664389,0.017766505479812622,1.544684648513794,0.0002904412003601147,nan,nan,nan,0,0
13,75,0.29753896594047546,0.2975338101387024,0.08828844875097275,5.426424195320578e-06,0.0,1.0310084689990617e-05,0.15321093797683716,0.01197558741735816,0.011975587345659733,0.006236298941075802,0.0072318254970014095,0.0020232810638844967,0.000694209651555866,0.001687367563135922,0.006693367380648851,1.544684648513794,0.00028933627914560676,nan,nan,nan,0,0
13,76,0.18215447664260864,0.1821490228176117,0.03326169401407242,5.426424195320578e-06,0.0,1.0920976819761563e-05,0.1466953158378601,0.020538530122131526,0.020538529381155968,0.011680646799504757,0.008633325807750225,0.002648095367476344,0.0015012738294899464,0.004311538301408291,0.013527889735996723,1.544684648513794,0.00028823312270341523,nan,nan,nan,0,0
13,77,0.21988682448863983,0.21987149119377136,0.047801028937101364,5.426424195320578e-06,0.0,3.068118166993372e-05,0.15553906559944153,0.19215598416248358,0.19215598702430725,0.07452785223722458,0.08130344748497009,0.01583191752433777,0.010888841934502125,0.033337611705064774,0.15257345139980316,1.544684648513794,0.0002871317337691309,nan,nan,nan,0,0
13,78,0.2807343602180481,0.280701607465744,0.07875585556030273,5.426424195320578e-06,0.0,6.550869875354692e-05,0.15809375047683716,0.12755939720013754,0.12755939364433289,0.04831259697675705,0.05120178684592247,0.009572482667863369,0.007470480632036924,0.023953812196850777,0.10292931646108627,1.544684648513794,0.0002860321150739589,nan,nan,nan,0,0
13,79,0.22218702733516693,0.222186878323555,0.04885242506861687,5.426424195320578e-06,0.0,2.9059043527013273e-07,0.14946094155311584,0.021179820702186637,0.021179821342229843,0.012762915343046188,0.009204921312630177,0.002440988551825285,0.0015319365775212646,0.0031296361703425646,0.013522660359740257,1.544684648513794,0.00028493426934471735,nan,nan,nan,0,0
13,80,0.22191092371940613,0.22187237441539764,0.04880624637007713,5.426424195320578e-06,0.0,7.711042417213321e-05,0.1587812602519989,0.1998612050547404,0.19986119866371155,0.07509219646453857,0.08286987245082855,0.016535824164748192,0.011295178905129433,0.03878745809197426,0.15978975594043732,1.544684648513794,0.00028383819930382574,nan,nan,nan,0,0
13,81,0.30081015825271606,0.3008001446723938,0.08987719565629959,5.426424195320578e-06,0.0,2.0039607989019714e-05,0.14552344381809235,0.13794408349108234,0.1379440873861313,0.05464748293161392,0.058052998036146164,0.011641664430499077,0.008010994642972946,0.025995271280407906,0.10861221700906754,1.544684648513794,0.000282743907669302,nan,nan,nan,0,0
13,82,0.2717881202697754,0.27176859974861145,0.07307562232017517,5.4282736527966335e-06,0.0,3.9062426367308944e-05,0.14375001192092896,0.05011855575216531,0.05011855438351631,0.024019557982683182,0.021505694836378098,0.004997584503144026,0.0030002188868820667,0.0070115672424435616,0.03727326542139053,1.544684648513794,0.0002816513971547517,nan,nan,nan,0,0
13,83,0.35659483075141907,0.3565746247768402,0.1270407736301422,5.426424195320578e-06,0.0,4.0441569581162184e-05,0.15635937452316284,0.23552249286316135,0.23552249372005463,0.09060867875814438,0.10097192972898483,0.019941791892051697,0.013565855100750923,0.041753221303224564,0.18638814985752106,1.544684648513794,0.0002805606704693659,nan,nan,nan,0,0
13,84,0.26069211959838867,0.2606724500656128,0.06743328273296356,5.426424195320578e-06,0.0,3.935596760129556e-05,0.15627343952655792,0.15369994636214368,0.15369994938373566,0.06208062544465065,0.06639860570430756,0.01282682828605175,0.008914553560316563,0.027393028140068054,0.11986041814088821,1.544684648513794,0.0002794717303179111,nan,nan,nan,0,0
13,85,0.19287335872650146,0.1928684562444687,0.03674257919192314,5.426424195320578e-06,0.0,9.814561963139568e-06,0.14686718583106995,0.09504089194436363,0.09504088759422302,0.03733273595571518,0.040020305663347244,0.007902213372290134,0.005338246002793312,0.01640806719660759,0.07534750550985336,1.544684648513794,0.0002783845794007232,nan,nan,nan,0,0
13,86,0.20702826976776123,0.2069842517375946,0.043019361793994904,5.426424195320578e-06,0.0,8.803720265859738e-05,0.15938282012939453,0.12127709456030339,0.1212770938873291,0.04419144615530968,0.048592161387205124,0.009055936709046364,0.006899346597492695,0.022375935688614845,0.09881173074245453,1.544684648513794,0.00027729922041370216,nan,nan,nan,0,0
13,87,0.26492199301719666,0.2649178206920624,0.07005719840526581,5.426424195320578e-06,0.0,8.355750651389826e-06,0.14710937440395355,0.04058972680572453,0.04058972746133804,0.024138515815138817,0.01830165460705757,0.0044616288505494595,0.0028930252883583307,0.004704263526946306,0.026067251339554787,1.544684648513794,0.0002762156560483037,nan,nan,nan,0,0
13,88,0.35104984045028687,0.3510495722293854,0.12248001247644424,5.426424195320578e-06,0.0,5.508564413503336e-07,0.15074220299720764,0.0693517732904751,0.06935177743434906,0.028538284823298454,0.027503056451678276,0.005354747176170349,0.003948939964175224,0.012390580959618092,0.055145468562841415,1.544684648513794,0.00027513388899153343,nan,nan,nan,0,0
13,89,0.1934005618095398,0.19339480996131897,0.03700411319732666,5.426424195320578e-06,0.0,1.1496338629513048e-05,0.1466093808412552,0.16538093839619175,0.16538093984127045,0.0674804225564003,0.06782498210668564,0.013460426591336727,0.009569058194756508,0.028505761176347733,0.1308116614818573,1.544684648513794,0.0002740539219259397,nan,nan,nan,0,0
13,90,0.29477766156196594,0.29474133253097534,0.08654537051916122,5.426424195320578e-06,0.0,7.264893065439537e-05,0.141476571559906,0.14268247078198992,0.14268246293067932,0.05914591625332832,0.0596647709608078,0.011956999078392982,0.008214443922042847,0.023870272561907768,0.11189247667789459,1.544684648513794,0.00027297575752960795,nan,nan,nan,0,0
13,91,0.3597223460674286,0.3596939742565155,0.12902802228927612,5.426424195320578e-06,0.0,5.671980761690065e-05,0.14246875047683716,0.0777670030426212,0.07776699960231781,0.03358195722103119,0.03244135156273842,0.006713020149618387,0.004306514747440815,0.012964279390871525,0.060297880321741104,1.544684648513794,0.00027189939847615293,nan,nan,nan,0,0
13,92,0.4534919261932373,0.4534880518913269,0.20416122674942017,5.426424195320578e-06,0.0,7.735390681773424e-06,0.15278126299381256,0.03743469594233937,0.03743469715118408,0.014651430770754814,0.015111910179257393,0.0031529259867966175,0.0021299344953149557,0.008206593804061413,0.029605682939291,1.544684648513794,0.0002708248474347126,nan,nan,nan,0,0
13,93,0.2606064975261688,0.26059916615486145,0.06777466088533401,5.426424195320578e-06,0.0,1.4654527149104979e-05,0.15382812917232513,0.16049026210302436,0.1604902595281601,0.07017584145069122,0.0682898685336113,0.014324414543807507,0.009627989493310452,0.02314644679427147,0.12383587658405304,1.544684648513794,0.0002697521070699412,nan,nan,nan,0,0
13,94,0.38476890325546265,0.38476458191871643,0.15039482712745667,5.426424195320578e-06,0.0,8.628881005279254e-06,0.15293750166893005,0.13708181473000666,0.1370818167924881,0.056195177137851715,0.05848444253206253,0.011846791952848434,0.007959563285112381,0.02340308390557766,0.1070592850446701,1.544684648513794,0.0002686811800420037,nan,nan,nan,0,0
13,95,0.3009912967681885,0.30098778009414673,0.08859941363334656,5.426424195320578e-06,0.0,7.014250059000915e-06,0.1526484489440918,0.023080608589287257,0.023080607876181602,0.011064599268138409,0.010425064712762833,0.0023113228380680084,0.0013925018720328808,0.003234434174373746,0.01684827357530594,1.544684648513794,0.00026761206900656714,nan,nan,nan,0,0
13,96,0.20990362763404846,0.20987017452716827,0.044046297669410706,5.426424195320578e-06,0.0,6.690715963486582e-05,0.14182032644748688,0.26364849437166626,0.26364848017692566,0.10699167102575302,0.10594163835048676,0.02057776413857937,0.015117683447897434,0.044548504054546356,0.21024538576602936,1.544684648513794,0.0002665447766147964,nan,nan,nan,0,0
13,97,0.21880412101745605,0.21880249679088593,0.04782994091510773,5.426424195320578e-06,0.0,3.2569223549216986e-06,0.1481953114271164,0.039051149083669724,0.03905114904046059,0.013746720738708973,0.01297029759734869,0.003502677660435438,0.00269957073032856,0.008062150329351425,0.03291255980730057,1.544684648513794,0.0002654793055133461,nan,nan,nan,0,0
13,98,0.23374810814857483,0.23372097313404083,0.054003581404685974,5.426424195320578e-06,0.0,5.4275544243864715e-05,0.14263281226158142,0.324822135868412,0.3248221278190613,0.1336304098367691,0.13568554818630219,0.026951836422085762,0.01878674142062664,0.05574503913521767,0.2550586462020874,1.544684648513794,0.00026441565834435434,nan,nan,nan,0,0
13,99,0.15653222799301147,0.15652629733085632,0.02420632913708687,5.426424195320578e-06,0.0,1.1870177331729792e-05,0.14655469357967377,0.035397222400589574,0.03539722412824631,0.01507842168211937,0.017146242782473564,0.003756379010155797,0.0019799473229795694,0.004582387860864401,0.02631695382297039,1.544684648513794,0.0002633538377454359,nan,nan,nan,0,0
13,100,0.3193913996219635,0.31933435797691345,0.10062183439731598,5.426424195320578e-06,0.0,0.00011405582336010411,0.13932031393051147,0.08211308761498003,0.08211308717727661,0.034225404262542725,0.033764492720365524,0.006729557644575834,0.0045801205560564995,0.01312885619699955,0.0647495836019516,1.544684648513794,0.0002622938463496775,nan,nan,nan,0,0
13,101,0.2608340084552765,0.26075801253318787,0.06776200234889984,5.426424195320578e-06,0.0,0.0001519828656455502,0.13767187297344208,0.0163470034104434,0.01634700410068035,0.011182572692632675,0.006735366303473711,0.0033593440894037485,0.0014356219908222556,0.004681900143623352,0.007844937033951283,1.544684648513794,0.0002612356867856282,nan,nan,nan,0,0
13,102,0.28536900877952576,0.2853686511516571,0.08399904519319534,5.426424195320578e-06,0.0,7.385079925370519e-07,0.15085937082767487,0.05205936649747173,0.052059367299079895,0.021163728088140488,0.021849481388926506,0.004428407177329063,0.0029387844260782003,0.010022253729403019,0.04069621115922928,1.544684648513794,0.0002601793616772951,nan,nan,nan,0,0
13,103,0.35634365677833557,0.3563435971736908,0.1287560760974884,5.426424195320578e-06,0.0,1.026019305072623e-07,0.15032032132148743,0.08804982871363873,0.08804982900619507,0.036967769265174866,0.036015260964632034,0.007157198619097471,0.004991055931895971,0.01456271018832922,0.06928815692663193,1.544684648513794,0.0002591248736441367,nan,nan,nan,0,0
13,104,0.3479166626930237,0.34781768918037415,0.12184831500053406,5.426424195320578e-06,0.0,0.0001979734079213813,0.13592970371246338,0.07247073710252967,0.07247073948383331,0.029605697840452194,0.02993016131222248,0.0063538383692502975,0.004257723689079285,0.012711159884929657,0.05709310621023178,1.544684648513794,0.0002580722253010555,nan,nan,nan,0,0
13,105,0.23404623568058014,0.23402586579322815,0.05486832186579704,5.426424195320578e-06,0.0,4.074042954016477e-05,0.143617182970047,0.0993814843495531,0.09938148409128189,0.04292793944478035,0.0416095070540905,0.00839158520102501,0.0058834003284573555,0.015462586656212807,0.07719064503908157,1.544684648513794,0.0002570214192583919,nan,nan,nan,0,0
13,106,0.29768478870391846,0.2974693477153778,0.08852075785398483,5.426424195320578e-06,0.0,0.0004308866336941719,0.1292421966791153,0.09897178071467871,0.09897178411483765,0.041380830109119415,0.040717240422964096,0.008875954896211624,0.005686183925718069,0.017962263897061348,0.07740405946969986,1.544684648513794,0.00025597245812191755,nan,nan,nan,0,0
13,107,0.29283663630485535,0.2928004562854767,0.08535044640302658,5.426424195320578e-06,0.0,7.238271064125001e-05,0.1585078090429306,0.03903270385835028,0.0390327051281929,0.01580100879073143,0.017082350328564644,0.003592692082747817,0.002186007332056761,0.0075722504407167435,0.03011724352836609,1.544684648513794,0.0002549253444928306,nan,nan,nan,0,0
13,108,0.33637115359306335,0.33635658025741577,0.11183945834636688,5.426424195320578e-06,0.0,2.9143286155886017e-05,0.15539845824241638,0.42752544579738133,0.42752543091773987,0.1709054410457611,0.17178769409656525,0.03310452029109001,0.02471817098557949,0.07313138246536255,0.34205734729766846,1.544684648513794,0.00025388008096774537,nan,nan,nan,0,0
13,109,0.2571372091770172,0.2571345269680023,0.06598024070262909,5.426424195320578e-06,0.0,5.383882125897799e-06,0.14767968654632568,0.13683089946835475,0.1368309110403061,0.053625039756298065,0.05494176596403122,0.010680117644369602,0.007861449383199215,0.025078799575567245,0.10965235531330109,1.544684648513794,0.0002528366701386904,nan,nan,nan,0,0
13,110,0.26548874378204346,0.26547184586524963,0.07043389976024628,5.426424195320578e-06,0.0,3.378528344910592e-05,0.14418749511241913,0.11161430101361956,0.11161430180072784,0.04588575288653374,0.04429280757904053,0.008759861811995506,0.00640815868973732,0.01966855488717556,0.08880171924829483,1.544684648513794,0.000251795114593099,nan,nan,nan,0,0
13,111,0.26234155893325806,0.2623136043548584,0.06910897046327591,5.426424195320578e-06,0.0,5.5898850405355915e-05,0.14252345263957977,0.12560104439853093,0.12560105323791504,0.053699344396591187,0.051120575517416,0.011801974847912788,0.007401596754789352,0.021496951580047607,0.09809434413909912,1.544684648513794,0.00025075541691380434,nan,nan,nan,0,0
13,112,0.22260929644107819,0.22247213125228882,0.050225093960762024,5.426424195320578e-06,0.0,0.00027431611670181155,0.1665624976158142,0.09588168716332629,0.09588168561458588,0.03894947096705437,0.039023324847221375,0.007965611293911934,0.005746255163103342,0.01889633573591709,0.07549751549959183,1.544684648513794,0.0002497175796790313,nan,nan,nan,0,0
13,113,0.25912895798683167,0.2591211795806885,0.06646034866571426,5.426424195320578e-06,0.0,1.5565556168439798e-05,0.1460546851158142,0.08879652873856375,0.08879652619361877,0.03942074626684189,0.04111204668879509,0.009288228116929531,0.005105147138237953,0.015455484390258789,0.06549368053674698,1.544684648513794,0.0002486816054623928,nan,nan,nan,0,0
13,114,0.18812642991542816,0.18812432885169983,0.03568221628665924,5.426424195320578e-06,0.0,4.189669652987504e-06,0.14795313775539398,0.0407808328401046,0.04078083485364914,0.018308978527784348,0.013733030296862125,0.002407145220786333,0.002015348058193922,0.003859306452795863,0.0333842970430851,1.544684648513794,0.00024764749683288075,nan,nan,nan,0,0
13,115,0.26248523592948914,0.26248326897621155,0.06860943138599396,5.426424195320578e-06,0.0,3.906807251041755e-06,0.1519765704870224,0.14187378816440166,0.1418737918138504,0.05630042776465416,0.057579297572374344,0.011502114124596119,0.008247594349086285,0.026506923139095306,0.11287213861942291,1.544684648513794,0.00024661525635486143,nan,nan,nan,0,0
13,116,0.26375922560691833,0.2637520134449005,0.06987518072128296,5.426424195320578e-06,0.0,1.4416263184102718e-05,0.14620313048362732,0.09339277132921703,0.0933927670121193,0.03736601769924164,0.03855324536561966,0.007691850420087576,0.0054767681285738945,0.016097070649266243,0.07410372793674469,1.544684648513794,0.0002455848865880678,nan,nan,nan,0,0
13,117,0.2686512768268585,0.26860111951828003,0.0716874897480011,5.426424195320578e-06,0.0,0.00010031298006651923,0.1399843692779541,0.23831934240523062,0.23831935226917267,0.1003580167889595,0.09863094240427017,0.019862787798047066,0.013915316201746464,0.040202535688877106,0.1865258812904358,1.544684648513794,0.000244556390087595,nan,nan,nan,0,0
13,118,0.2773207724094391,0.2772844433784485,0.07764346897602081,5.426424195320578e-06,0.0,7.264893065439537e-05,0.141476571559906,0.04816863089082139,0.04816862940788269,0.017936592921614647,0.020736845210194588,0.004122151527553797,0.0031639395747333765,0.011965000070631504,0.037394050508737564,1.544684648513794,0.00024352976940389184,nan,nan,nan,0,0
13,119,0.2879766821861267,0.28796207904815674,0.0838288962841034,5.426424195320578e-06,0.0,2.922749081335496e-05,0.1445937603712082,0.2222210233153005,0.2222210168838501,0.08935195207595825,0.0900423526763916,0.01770620234310627,0.012990782037377357,0.037964217364788055,0.17710797488689423,1.544684648513794,0.00024250502708275592,nan,nan,nan,0,0
13,120,0.5363653302192688,0.5363458395004272,0.29002150893211365,5.426424195320578e-06,0.0,3.896469934261404e-05,0.15624217689037323,0.06550686726215323,0.06550686806440353,0.026779934763908386,0.026421675458550453,0.00535773579031229,0.003758615581318736,0.011233082972466946,0.052027542144060135,1.544684648513794,0.00024148216566532662,nan,nan,nan,0,0
13,121,0.2508191764354706,0.25081318616867065,0.06190841645002365,5.426424195320578e-06,0.0,1.1978131624346133e-05,0.14653906226158142,0.01333772270349782,0.013337722979485989,0.006297736894339323,0.004713237751275301,0.001758167752996087,0.0006090984679758549,0.0024220640771090984,0.010329094715416431,1.544684648513794,0.0002404611876880798,nan,nan,nan,0,0
13,122,0.2541190981864929,0.25391390919685364,0.06515108048915863,5.426424195320578e-06,0.0,0.0004103790852241218,0.1702578216791153,0.012587953240571579,0.012587953358888626,0.006409213412553072,0.0047642989084124565,0.005011154804378748,0.0012926922645419836,0.005270701367408037,0.006333797238767147,1.544684648513794,0.0002394420956828202,nan,nan,nan,0,0
13,123,0.3240477442741394,0.3239884376525879,0.10343796014785767,5.426424195320578e-06,0.0,0.0001186058871098794,0.1608906388282776,0.11727998332752584,0.11727998405694962,0.04247424378991127,0.04403448849916458,0.007917766459286213,0.006825343705713749,0.022660087794065475,0.09689551591873169,1.544684648513794,0.00023842489217667539,nan,nan,nan,0,0
13,124,0.18173719942569733,0.1816483736038208,0.03269289433956146,5.426424195320578e-06,0.0,0.00017763877985998988,0.1633281260728836,0.04399474340140703,0.04399474337697029,0.017327992245554924,0.01956653594970703,0.004738770425319672,0.0024300660006701946,0.00772223062813282,0.03412381559610367,1.544684648513794,0.00023740957969209134,nan,nan,nan,0,0
13,125,0.30868351459503174,0.30866777896881104,0.09550414234399796,5.426424195320578e-06,0.0,3.14651224471163e-05,0.14439062774181366,0.1028374173942467,0.10283742100000381,0.038653161376714706,0.040423475205898285,0.0073197162710130215,0.005908746737986803,0.02039138600230217,0.0833253264427185,1.544684648513794,0.00023639616074682264,nan,nan,nan,0,0
13,126,0.3139289319515228,0.3139115273952484,0.10032334178686142,5.426424195320578e-06,0.0,3.479166480246931e-05,0.15589845180511475,0.388218163598831,0.3882181644439697,0.1478605419397354,0.1649557501077652,0.032355375587940216,0.022555625066161156,0.07257751375436783,0.307923823595047,1.544684648513794,0.00023538463785393015,nan,nan,nan,0,0
13,127,0.23105095326900482,0.23099541664123535,0.05461030825972557,5.426424195320578e-06,0.0,0.00011107167665613815,0.16053906083106995,0.1607039391210325,0.16070394217967987,0.06204523518681526,0.06620945036411285,0.012954034842550755,0.00929976999759674,0.03203359246253967,0.1277184784412384,1.544684648513794,0.00023437501352177177,nan,nan,nan,0,0
13,128,0.27646875381469727,0.27635812759399414,0.07813418656587601,5.426424195320578e-06,0.0,0.0002212654653703794,0.13512501120567322,0.09086006485925495,0.09086006879806519,0.03566307574510574,0.03293975070118904,0.0077047282829880714,0.005785574205219746,0.018858447670936584,0.0738254189491272,1.544684648513794,0.00023336729025399809,nan,nan,nan,0,0
13,129,0.311581552028656,0.31157025694847107,0.09679828584194183,5.426424195320578e-06,0.0,2.2562484446098097e-05,0.1547500044107437,0.03864563503235961,0.03864563629031181,0.02378043346107006,0.017214108258485794,0.00457179918885231,0.0026322396006435156,0.0059694694355130196,0.02383665181696415,1.544684648513794,0.00023236147054954455,nan,nan,nan,0,0
13,130,0.25530630350112915,0.2553037405014038,0.0672755315899849,5.426424195320578e-06,0.0,5.133088961883914e-06,0.1477343738079071,0.09319027321907403,0.0931902751326561,0.04283450171351433,0.03931533545255661,0.007849868386983871,0.005250034388154745,0.012844076380133629,0.07106182724237442,1.544684648513794,0.00023135755690262746,nan,nan,nan,0,0
13,131,0.20570221543312073,0.20570138096809387,0.041938167065382004,5.426424195320578e-06,0.0,1.6617005940133822e-06,0.1487109363079071,0.06105946657351773,0.06105946749448776,0.02378666028380394,0.020570741966366768,0.003575434209778905,0.003812661161646247,0.014092357829213142,0.05013365298509598,1.544684648513794,0.00023035555180273568,nan,nan,nan,0,0
13,132,0.2038230001926422,0.20382028818130493,0.041172321885824203,5.426424195320578e-06,0.0,5.420178240456153e-06,0.1476718783378601,0.12755207590224096,0.1275520771741867,0.054305873811244965,0.05363710969686508,0.010866186581552029,0.0072312988340854645,0.019635193049907684,0.0994362011551857,1.544684648513794,0.0002293554577346252,nan,nan,nan,0,0
13,133,0.44186288118362427,0.4418405294418335,0.19470281898975372,5.426424195320578e-06,0.0,4.4722550228470936e-05,0.1433125138282776,0.1121194127217111,0.1121194139122963,0.0482875257730484,0.04931212589144707,0.010370837524533272,0.006360326893627644,0.01909922994673252,0.08540844917297363,1.544684648513794,0.00022835727717831323,nan,nan,nan,0,0
13,134,0.26046693325042725,0.2604113221168518,0.06778879463672638,5.426424195320578e-06,0.0,0.00011123663716716692,0.13945312798023224,0.021872509703290795,0.02187250927090645,0.01045653410255909,0.007941280491650105,0.00496519124135375,0.0014080697437748313,0.004479937721043825,0.016102733090519905,1.544684648513794,0.00022736101260907267,nan,nan,nan,0,0
13,135,0.235232412815094,0.23520763218402863,0.055139437317848206,5.426424195320578e-06,0.0,4.954830001224764e-05,0.14296095073223114,0.040701521564143646,0.040701523423194885,0.016675423830747604,0.016616864129900932,0.004131777212023735,0.0027442174032330513,0.008523084223270416,0.031704552471637726,1.544684648513794,0.00022636666649742337,nan,nan,nan,0,0
13,136,0.30989816784858704,0.30988991260528564,0.09563888609409332,5.426424195320578e-06,0.0,1.650393460295163e-05,0.1459375023841858,0.11825018546806222,0.11825018376111984,0.04666025936603546,0.05050818249583244,0.010256342589855194,0.007328922860324383,0.02265658974647522,0.09264244884252548,1.544684648513794,0.00022537424130912988,nan,nan,nan,0,0
13,137,0.23253434896469116,0.23243765532970428,0.05392370745539665,5.426424195320578e-06,0.0,0.0001933835301315412,0.1639062464237213,0.12400601480540316,0.12400601804256439,0.04902508854866028,0.05269978940486908,0.011384251527488232,0.007868848741054535,0.02653941698372364,0.09644119441509247,1.544684648513794,0.00022438373950519174,nan,nan,nan,0,0
13,138,0.20675671100616455,0.20675192773342133,0.04252244159579277,5.426424195320578e-06,0.0,9.571284863341134e-06,0.15309375524520874,0.04155145224083646,0.04155145213007927,0.01786711812019348,0.018417073413729668,0.003790524322539568,0.0024602930061519146,0.0075555904768407345,0.03147368133068085,1.544684648513794,0.00022339516354183956,nan,nan,nan,0,0
13,139,0.3087511658668518,0.30874067544937134,0.09397871047258377,5.426424195320578e-06,0.0,2.0959259927622043e-05,0.15457813441753387,0.09491213446752503,0.09491213411092758,0.04011746868491173,0.041006363928318024,0.008763999678194523,0.005843309219926596,0.017311977222561836,0.07284726202487946,1.544684648513794,0.00022240851587052856,nan,nan,nan,0,0
13,140,0.3179500699043274,0.3179050087928772,0.0999838262796402,5.426424195320578e-06,0.0,9.010164649225771e-05,0.15949219465255737,0.16021813416446642,0.16021813452243805,0.06470780074596405,0.06698542088270187,0.014481289312243462,0.010124782100319862,0.03060830943286419,0.12548552453517914,1.544684648513794,0.00022142379893793157,nan,nan,nan,0,0
13,141,0.31421026587486267,0.3140689432621002,0.0981348305940628,5.426424195320578e-06,0.0,0.0002826602722052485,0.13318750262260437,0.19486272655204437,0.1948627233505249,0.08155561983585358,0.08201271295547485,0.016872277483344078,0.01116283517330885,0.03334737569093704,0.15189716219902039,1.544684648513794,0.00022044101518593396,nan,nan,nan,0,0
13,142,0.218036949634552,0.21803683042526245,0.04814252257347107,5.426424195320578e-06,0.0,2.499935760624794e-07,0.15049999952316284,0.06222967631260972,0.06222967803478241,0.02466515265405178,0.02500261552631855,0.004713588859885931,0.0037229962181299925,0.01177937164902687,0.0496407076716423,1.544684648513794,0.00021946016705162692,nan,nan,nan,0,0
13,143,0.21406248211860657,0.21405193209648132,0.04509686306118965,5.426424195320578e-06,0.0,2.110262903443072e-05,0.14540624618530273,0.04418722887434481,0.04418722912669182,0.019927019253373146,0.01919327862560749,0.004251798614859581,0.002660362748429179,0.009240570478141308,0.03281005471944809,1.544684648513794,0.00021848125696730244,nan,nan,nan,0,0
13,144,0.1786377727985382,0.17863382399082184,0.03172754868865013,5.426424195320578e-06,0.0,7.910182830528356e-06,0.1471875011920929,0.05341090109888817,0.05341090261936188,0.02333327941596508,0.024726323783397675,0.005346892401576042,0.0032684211619198322,0.009028215892612934,0.03970026224851608,1.544684648513794,0.00021750428736044591,nan,nan,nan,0,0
13,145,0.2821829319000244,0.28217464685440063,0.08047495037317276,5.426424195320578e-06,0.0,1.656743734201882e-05,0.14592969417572021,0.05698017675522156,0.05698017403483391,0.026833737269043922,0.020041191950440407,0.0038201247807592154,0.003229066263884306,0.008695769123733044,0.04499338939785957,1.544684648513794,0.0002165292606537309,nan,nan,nan,0,0
13,146,0.2008739858865738,0.2008725255727768,0.040502503514289856,5.426424195320578e-06,0.0,2.9273035124788294e-06,0.15171094238758087,0.02948711800390244,0.029487118124961853,0.013414573855698109,0.01187823060899973,0.00260361866094172,0.0017268217634409666,0.0038450337015092373,0.022888904437422752,1.544684648513794,0.00021555617926501266,nan,nan,nan,0,0
13,147,0.19696928560733795,0.19696442782878876,0.03829532489180565,5.426424195320578e-06,0.0,9.716865861264523e-06,0.1468828171491623,0.13149143486490666,0.13149143755435944,0.054651375859975815,0.055539321154356,0.011641637422144413,0.007708548568189144,0.024189651012420654,0.10216907411813736,1.544684648513794,0.00021458504560732393,nan,nan,nan,0,0
13,148,0.28751203417778015,0.2874991297721863,0.08170757442712784,5.426424195320578e-06,0.0,2.5787323465920053e-05,0.14492188394069672,0.10674723688497315,0.10674723982810974,0.04625207558274269,0.0426827073097229,0.008281423710286617,0.006081171799451113,0.01750919781625271,0.08379600197076797,1.544684648513794,0.00021361586208886512,nan,nan,nan,0,0
13,149,0.2467038631439209,0.24645650386810303,0.06054435670375824,5.426424195320578e-06,0.0,0.0004947149427607656,0.12775781750679016,0.10071806374848284,0.10071806609630585,0.0449373684823513,0.042378704994916916,0.009931578300893307,0.00579975126311183,0.014306844212114811,0.07740702480077744,1.544684648513794,0.00021264863111300294,nan,nan,nan,0,0
13,150,0.3346475660800934,0.3346472978591919,0.11213204264640808,5.426424195320578e-06,0.0,5.166123742128548e-07,0.14928124845027924,0.1151200163967922,0.11512001603841782,0.046952202916145325,0.042569614946842194,0.007689487189054489,0.006602796725928783,0.019545890390872955,0.09354768693447113,1.544684648513794,0.0002116833550782607,nan,nan,nan,0,0
13,151,0.2869802713394165,0.2869202792644501,0.08334846794605255,5.426424195320578e-06,0.0,0.00011997101682936773,0.13904687762260437,0.11478963720309557,0.11478963494300842,0.04654475301504135,0.04779951646924019,0.009645736776292324,0.006722752470523119,0.019334768876433372,0.09062772244215012,1.544684648513794,0.00021072003637831536,nan,nan,nan,0,0
13,152,0.2476048767566681,0.247599795460701,0.0631699487566948,5.426424195320578e-06,0.0,1.016010810417356e-05,0.15318749845027924,0.04811404941323142,0.048114050179719925,0.019025178626179695,0.017199907451868057,0.00301485531963408,0.0027698029298335314,0.008421060629189014,0.039616815745830536,1.544684648513794,0.00020975867740198815,nan,nan,nan,0,0
13,153,0.20544826984405518,0.20542383193969727,0.042150579392910004,5.426424195320578e-06,0.0,4.8890527978073806e-05,0.15699218213558197,0.08369597012834627,0.08369597047567368,0.034126318991184235,0.0352228581905365,0.007034527137875557,0.004624157212674618,0.014068666845560074,0.06581006944179535,1.544684648513794,0.00020879928053324235,nan,nan,nan,0,0
13,154,0.3289260268211365,0.3289221227169037,0.10843334347009659,5.426424195320578e-06,0.0,7.822501174814533e-06,0.1527968794107437,0.14414615507572695,0.1441461592912674,0.056669753044843674,0.06250675022602081,0.012507314793765545,0.00866769440472126,0.02750503644347191,0.11256762593984604,1.544684648513794,0.00020784184815117487,nan,nan,nan,0,0
13,155,0.2495143860578537,0.24951256811618805,0.06235159933567047,5.426424195320578e-06,0.0,3.6337735309643904e-06,0.15190625190734863,0.2510052740879023,0.25100526213645935,0.09510992467403412,0.1047489270567894,0.02006923221051693,0.014668893069028854,0.048832863569259644,0.19995702803134918,1.544684648513794,0.00020688638263001088,nan,nan,nan,0,0
13,156,0.23980872333049774,0.23974770307540894,0.059546008706092834,5.426424195320578e-06,0.0,0.00012203304504510015,0.1610468626022339,0.03968887873896884,0.03968887776136398,0.01608668640255928,0.02020816132426262,0.00453801779076457,0.002086111344397068,0.0060762688517570496,0.02908933348953724,1.544684648513794,0.0002059328863390991,nan,nan,nan,0,0
13,157,0.22502632439136505,0.2248784899711609,0.05280130356550217,5.426424195320578e-06,0.0,0.00029567882302217185,0.16719532012939453,0.3285788401320765,0.3285788297653198,0.12906327843666077,0.13791686296463013,0.02681034617125988,0.018833689391613007,0.06417156755924225,0.2590254247188568,1.544684648513794,0.00020498136164290412,nan,nan,nan,0,0
13,158,0.301779568195343,0.30177947878837585,0.09079273045063019,5.426424195320578e-06,0.0,1.6502724520250922e-07,0.15040624141693115,0.13000849827354538,0.1300085037946701,0.051051605492830276,0.05495242029428482,0.010758972726762295,0.00753202335909009,0.024407431483268738,0.10250836610794067,1.544684648513794,0.0002040318109010015,nan,nan,nan,0,0
13,159,0.2473178505897522,0.2471817284822464,0.06067585572600365,5.438370862975717e-06,0.0,0.00027225035591982305,0.13349999487400055,0.11753275115191571,0.11753275245428085,0.04375952109694481,0.051103901118040085,0.01022244431078434,0.006877487525343895,0.021893862634897232,0.09303925931453705,1.544684648513794,0.00020308423646807195,nan,nan,nan,0,0
13,160,0.2345651537179947,0.23456044495105743,0.05506556108593941,5.426424195320578e-06,0.0,9.426710676052608e-06,0.15307030081748962,0.2198402654776557,0.21984025835990906,0.08596759289503098,0.09195062518119812,0.018178965896368027,0.012624644674360752,0.04273174703121185,0.17369093000888824,1.544684648513794,0.00020213864069389584,nan,nan,nan,0,0
13,161,0.15444128215312958,0.15444031357765198,0.023851890116930008,5.426424195320578e-06,0.0,1.9338269794388907e-06,0.15139062702655792,0.26583039830828137,0.265830397605896,0.10046439617872238,0.11055181920528412,0.02141367457807064,0.015446797013282776,0.053231414407491684,0.2117079794406891,1.544684648513794,0.00020119502592334614,nan,nan,nan,0,0
13,162,0.32978031039237976,0.32973337173461914,0.11419213563203812,5.426424195320578e-06,0.0,9.384762233821675e-05,0.15968750417232513,0.06134612905926242,0.06134612858295441,0.024309413507580757,0.0230296291410923,0.004462772514671087,0.003561904188245535,0.013437453657388687,0.04928354173898697,1.544684648513794,0.00020025339449638368,nan,nan,nan,0,0
13,163,0.22050300240516663,0.22049367427825928,0.04819563403725624,5.426424195320578e-06,0.0,1.8665066818357445e-05,0.15432031452655792,0.020370235530414536,0.020370235666632652,0.007224471773952246,0.00950412917882204,0.0020195336546748877,0.0014290123945102096,0.002276456216350198,0.01615927554666996,1.544684648513794,0.00019931374874805093,nan,nan,nan,0,0
13,164,0.33458662033081055,0.3345381021499634,0.11170030385255814,5.426424195320578e-06,0.0,9.705323464004323e-05,0.1598515659570694,0.03272614995285752,0.03272615000605583,0.011372287757694721,0.012736506760120392,0.0030120937153697014,0.001988024916499853,0.005833113100379705,0.027062948793172836,1.544684648513794,0.00019837609100846688,nan,nan,nan,0,0
13,165,0.18805064260959625,0.18804940581321716,0.03516165167093277,5.426424195320578e-06,0.0,2.465886609570589e-06,0.14842969179153442,0.056616190016884976,0.05661619082093239,0.02491850033402443,0.022015942260622978,0.00481685996055603,0.0036814664490520954,0.007890437729656696,0.04472969099879265,1.544684648513794,0.00019744042360281941,nan,nan,nan,0,0
13,166,0.3416147530078888,0.3415953814983368,0.11662718653678894,5.426424195320578e-06,0.0,3.8770165701862425e-05,0.14377343654632568,0.09915414172999672,0.09915414452552795,0.0380876399576664,0.04087068885564804,0.008207890205085278,0.00576749537140131,0.0174887515604496,0.07939755916595459,1.544684648513794,0.0001965067488513622,nan,nan,nan,0,0
13,167,0.22675302624702454,0.22675137221813202,0.050928082317113876,5.426424195320578e-06,0.0,3.31347769133572e-06,0.14817970991134644,0.22299579614214787,0.2229958027601242,0.08758965134620667,0.09332755208015442,0.01877608150243759,0.01251272950321436,0.03895727917551994,0.1769699603319168,1.544684648513794,0.00019557506906940685,nan,nan,nan,0,0
13,168,0.30812323093414307,0.30811455845832825,0.09460891783237457,5.426424195320578e-06,0.0,1.733935459924396e-05,0.15416406095027924,0.163213139148067,0.16321313381195068,0.06139665096998215,0.06800442188978195,0.01349309366196394,0.009382487274706364,0.031475551426410675,0.13032104074954987,1.544684648513794,0.00019464538656731778,nan,nan,nan,0,0
13,169,0.17645478248596191,0.1764277070760727,0.030742162838578224,5.426424195320578e-06,0.0,5.4160336731001735e-05,0.15735937654972076,0.1162021144999048,0.11620211601257324,0.04596320539712906,0.050002358853816986,0.010278257541358471,0.006646834313869476,0.0205010287463665,0.09121383726596832,1.544684648513794,0.00019371770365050677,nan,nan,nan,0,0
13,170,0.3094364404678345,0.3093985617160797,0.09532888233661652,5.426424195320578e-06,0.0,7.57444286136888e-05,0.15870313346385956,0.01603846830721545,0.01603846810758114,0.009942206554114819,0.006914511788636446,0.004047042690217495,0.0014723069034516811,0.0028216231148689985,0.009168790653347969,1.544684648513794,0.00019279202261942763,nan,nan,nan,0,0
13,171,0.31747502088546753,0.3174739181995392,0.10193202644586563,5.426424195320578e-06,0.0,2.203337317041587e-06,0.15148437023162842,0.007922850234167531,0.007922850549221039,0.0030713598243892193,0.0032069513108581305,0.0011674424167722464,0.0006445220788009465,0.0006697769276797771,0.006389588117599487,1.544684648513794,0.00019186834576956891,nan,nan,nan,0,0
13,172,0.2483198195695877,0.24828967452049255,0.06066678464412689,5.426424195320578e-06,0.0,6.030486838426441e-05,0.15776562690734863,0.20608376973500048,0.2060837745666504,0.08267099410295486,0.08350533992052078,0.016555549576878548,0.01181721780449152,0.03736194223165512,0.16386957466602325,1.544684648513794,0.0001909466753914497,nan,nan,nan,0,0
13,173,0.3474839925765991,0.3474789261817932,0.12031654268503189,5.426424195320578e-06,0.0,1.016010810417356e-05,0.15318749845027924,0.11978098149143725,0.11978098005056381,0.04471272975206375,0.04914812743663788,0.009666851721704006,0.00695550674572587,0.023011760786175728,0.09623590111732483,1.544684648513794,0.00019002701377061348,nan,nan,nan,0,0
13,174,0.28706997632980347,0.2870606482028961,0.08236503601074219,5.426424195320578e-06,0.0,1.8665066818357445e-05,0.15432031452655792,0.05448348024359699,0.054483480751514435,0.02171357162296772,0.022862473502755165,0.004644200671464205,0.003166214097291231,0.010335858911275864,0.04284686967730522,1.544684648513794,0.00018910936318762255,nan,nan,nan,0,0
13,175,0.22535547614097595,0.22535546123981476,0.051090456545352936,5.426424195320578e-06,0.0,3.515115309937755e-08,0.15018749237060547,0.16634820507343656,0.16634820401668549,0.06469816714525223,0.06739533692598343,0.01309372391551733,0.009589144960045815,0.029772531241178513,0.13339392840862274,1.544684648513794,0.00018819372591805233,nan,nan,nan,0,0
13,176,0.24646103382110596,0.24645572900772095,0.060389284044504166,5.426424195320578e-06,0.0,1.0613332960929256e-05,0.14674219489097595,0.28371485963597076,0.2837148606777191,0.11485058814287186,0.12042728066444397,0.02483467385172844,0.01622091419994831,0.047820888459682465,0.22278693318367004,1.544684648513794,0.00018728010423248485,nan,nan,nan,0,0
13,177,0.34533047676086426,0.3453105390071869,0.11779539287090302,5.426424195320578e-06,0.0,3.984771319665015e-05,0.14368750154972076,0.07385554370659433,0.07385554164648056,0.029873600229620934,0.028829025104641914,0.0058180224150419235,0.004177646245807409,0.010950082913041115,0.05966481566429138,1.544684648513794,0.00018636850039650525,nan,nan,nan,0,0
13,178,0.20381328463554382,0.20381295680999756,0.04340311512351036,5.426424195320578e-06,0.0,6.475300438069098e-07,0.14919531345367432,0.14425016558168943,0.14425016939640045,0.05737333744764328,0.057158034294843674,0.011536155827343464,0.008451897650957108,0.025315159931778908,0.11577562242746353,1.544684648513794,0.000185458916670694,nan,nan,nan,0,0
13,179,0.22674483060836792,0.22674471139907837,0.05057918652892113,5.426424195320578e-06,0.0,2.346212255588398e-07,0.14951562881469727,0.2874788653441739,0.28747886419296265,0.11877376586198807,0.11678982526063919,0.024032361805438995,0.01653582789003849,0.050665389746427536,0.226889967918396,1.544684648513794,0.000184551355310622,nan,nan,nan,0,0
13,180,0.25750890374183655,0.2574187219142914,0.06597390025854111,5.426424195320578e-06,0.0,0.00018035648099612445,0.13657031953334808,0.047520042496043045,0.04752004146575928,0.01807321049273014,0.01823592558503151,0.004682586528360844,0.0031796591356396675,0.009617081843316555,0.03839842975139618,1.544684648513794,0.00018364581856684543,nan,nan,nan,0,0
13,181,0.22321151196956635,0.22320231795310974,0.04983893409371376,5.426424195320578e-06,0.0,1.839604192355182e-05,0.14571094512939453,0.18514812645658954,0.18514811992645264,0.07833077013492584,0.07745521515607834,0.01648254692554474,0.010674146935343742,0.03016073815524578,0.144393652677536,1.544684648513794,0.00018274230868490035,nan,nan,nan,0,0
13,182,0.2627362608909607,0.26271092891693115,0.06793603301048279,5.426424195320578e-06,0.0,5.06544929521624e-05,0.1428828090429306,0.16950466734371883,0.16950467228889465,0.07144219428300858,0.07106238603591919,0.01513622421771288,0.009722871705889702,0.027652839198708534,0.13224849104881287,1.544684648513794,0.0001818408279052953,nan,nan,nan,0,0
13,183,0.1988360434770584,0.19882772862911224,0.039511628448963165,5.426424195320578e-06,0.0,1.6631061953376047e-05,0.14592188596725464,0.14232179580306767,0.14232179522514343,0.058096177875995636,0.051035091280937195,0.009591249749064445,0.007989027537405491,0.02453913539648056,0.1162659078836441,1.544684648513794,0.0001809413784635085,nan,nan,nan,0,0
13,184,0.3016584813594818,0.3016568720340729,0.09247429668903351,5.426424195320578e-06,0.0,3.2287468911817996e-06,0.14820313453674316,0.13955159435516634,0.13955159485340118,0.0530148409307003,0.052162084728479385,0.009749324060976505,0.008137230761349201,0.027472348883748055,0.11413674801588058,1.544684648513794,0.0001800439625899802,nan,nan,nan,0,0
13,185,0.24894979596138,0.24894669651985168,0.062043286859989166,5.426424195320578e-06,0.0,6.211007985257311e-06,0.14750781655311584,0.05139929552315696,0.051399294286966324,0.02089173160493374,0.02083357609808445,0.004373930860310793,0.0029943296685814857,0.008095934987068176,0.040960270911455154,1.544684648513794,0.00017914858251010784,nan,nan,nan,0,0
13,186,0.34998515248298645,0.349984347820282,0.12228164821863174,5.426424195320578e-06,0.0,1.6018195765354903e-06,0.15126563608646393,0.09734614442738092,0.09734614193439484,0.04185657575726509,0.04042104259133339,0.008366098627448082,0.005528100300580263,0.01508413627743721,0.07591018080711365,1.544684648513794,0.00017825524044424033,nan,nan,nan,0,0
13,187,0.29260024428367615,0.29255738854408264,0.08555712550878525,5.426424195320578e-06,0.0,8.570701174903661e-05,0.15925781428813934,0.2455804261108104,0.24558041989803314,0.09604703634977341,0.10409871488809586,0.021087339147925377,0.014315186999738216,0.04536597430706024,0.1937537044286728,1.544684648513794,0.00017736393860767367,nan,nan,nan,0,0
13,188,0.21337836980819702,0.2133762389421463,0.04539046809077263,5.426424195320578e-06,0.0,4.25390408054227e-06,0.15206250548362732,0.3297340033939461,0.3297339975833893,0.12996424734592438,0.13856050372123718,0.02759518101811409,0.019293442368507385,0.059357598423957825,0.2607254087924957,1.544684648513794,0.00017647467921064352,nan,nan,nan,0,0
13,189,0.49844861030578613,0.49844861030578613,0.24718299508094788,5.426424195320578e-06,0.0,6.09681194418954e-11,0.15000781416893005,0.1248199175464105,0.12481991946697235,0.050784263759851456,0.0530707910656929,0.010883486829698086,0.0074999453499913216,0.022079134359955788,0.0975821390748024,1.544684648513794,0.00017558746445832133,nan,nan,nan,0,0
13,190,0.2779083549976349,0.2777162492275238,0.07694001495838165,5.426424195320578e-06,0.0,0.00038422091165557504,0.16960155963897705,0.11314733933705504,0.11314734071493149,0.04876364395022392,0.05144914984703064,0.01154396589845419,0.006527106277644634,0.018936196342110634,0.08510562032461166,1.544684648513794,0.00017470229655080745,nan,nan,nan,0,0
14,1,0.22740890085697174,0.22740860283374786,0.05246804654598236,5.426424195320578e-06,0.0,5.861765544068476e-07,0.14923438429832458,0.03953024824861016,0.03953024744987488,0.015814270824193954,0.016005270183086395,0.003272050293162465,0.0020312948618084192,0.006911005359143019,0.03152437508106232,1.544684648513794,0.000173819177683128,nan,nan,nan,0,0
14,2,0.27761322259902954,0.27761319279670715,0.07743329554796219,5.426424195320578e-06,0.0,7.055828632474004e-08,0.14973437786102295,0.11162712772568603,0.11162712424993515,0.04356031492352486,0.048315294086933136,0.010064332745969296,0.006229488644748926,0.020613662898540497,0.08754271268844604,1.544684648513794,0.0001729381100452265,nan,nan,nan,0,0
14,3,0.25868433713912964,0.25867265462875366,0.06704940646886826,5.438370862975717e-06,0.0,2.3386251996271312e-05,0.14516407251358032,0.03729740273258681,0.03729740157723427,0.01908138021826744,0.017078328877687454,0.003972908481955528,0.0025077860336750746,0.005064907483756542,0.02622215822339058,1.544684648513794,0.00017205909582196054,nan,nan,nan,0,0
14,4,0.2584170699119568,0.25840333104133606,0.06662675738334656,5.426424195320578e-06,0.0,2.7480647986521944e-05,0.14475780725479126,0.20010207505708602,0.2001020759344101,0.07307978719472885,0.07951157540082932,0.0148930037394166,0.011555255390703678,0.04047723114490509,0.16243264079093933,1.544684648513794,0.00017118213719309543,nan,nan,nan,0,0
14,5,0.16767878830432892,0.16765525937080383,0.02795797400176525,5.426424195320578e-06,0.0,4.7051053115865216e-05,0.1568593829870224,0.05210106806854615,0.05210106819868088,0.02084873802959919,0.018850570544600487,0.0040236106142401695,0.0030548979993909597,0.009464118629693985,0.042537230998277664,1.544684648513794,0.00017030723633329906,nan,nan,nan,0,0
14,6,0.3310178816318512,0.33101171255111694,0.10841019451618195,5.426424195320578e-06,0.0,1.235966101376107e-05,0.15351563692092896,0.15724587146368368,0.15724587440490723,0.060632336884737015,0.06651090830564499,0.013563963584601879,0.009140354581177235,0.03104640729725361,0.12407609075307846,1.544684648513794,0.00016943439541213686,nan,nan,nan,0,0
14,7,0.27320653200149536,0.2731986939907074,0.0775449350476265,5.426424195320578e-06,0.0,1.568902371218428e-05,0.14603906869888306,0.13092460633804773,0.13092461228370667,0.05490308254957199,0.0545925535261631,0.01112795528024435,0.007606296334415674,0.020995941013097763,0.10258674621582031,1.544684648513794,0.00016856361659406554,nan,nan,nan,0,0
14,8,0.2785007059574127,0.2784779667854309,0.07634115219116211,5.426424195320578e-06,0.0,4.5456981752067804e-05,0.14325782656669617,0.06920326508749702,0.06920326501131058,0.02879374288022518,0.028097953647375107,0.006408222485333681,0.003935466054826975,0.011749738827347755,0.054551880806684494,1.544684648513794,0.00016769490203842908,nan,nan,nan,0,0
14,9,0.26371631026268005,0.26370546221733093,0.06920799612998962,5.426424195320578e-06,0.0,2.168057471862994e-05,0.14534376561641693,0.2093007336313303,0.20930074155330658,0.08496157079935074,0.0852871984243393,0.017388904467225075,0.012185023166239262,0.036065954715013504,0.16602054238319397,1.544684648513794,0.000166828253899451,nan,nan,nan,0,0
14,10,0.34529101848602295,0.34528687596321106,0.11842413246631622,5.426424195320578e-06,0.0,8.26571249490371e-06,0.1471249908208847,0.1182575020603874,0.11825750023126602,0.048365116119384766,0.04637175798416138,0.009341991506516933,0.006765690166503191,0.020723607391119003,0.09451347589492798,1.544684648513794,0.00016596367432623218,nan,nan,nan,0,0
14,11,0.1911996304988861,0.19118830561637878,0.03621441125869751,5.426424195320578e-06,0.0,2.2636724679614417e-05,0.1547578126192093,0.08079283946420744,0.08079283684492111,0.03269375115633011,0.03313027694821358,0.006681157276034355,0.0045705228112638,0.015709007158875465,0.06362928450107574,1.544684648513794,0.00016510116546274305,nan,nan,nan,0,0
14,12,0.3404668867588043,0.34046539664268494,0.1177731305360794,5.426424195320578e-06,0.0,2.9810362320858985e-06,0.14827343821525574,0.054653726456578434,0.054653726518154144,0.0278045404702425,0.02423158474266529,0.0057328310795128345,0.0031735417433083057,0.00721540953963995,0.0391378179192543,1.544684648513794,0.00016424072944781935,nan,nan,nan,0,0
14,13,0.17427566647529602,0.1742752194404602,0.030291862785816193,5.426424195320578e-06,0.0,8.935918458519154e-07,0.14905470609664917,0.06858711973350357,0.06858712434768677,0.029851078987121582,0.030072912573814392,0.006916792131960392,0.004120836034417152,0.012856647372245789,0.051755283027887344,1.544684648513794,0.00016338236841515619,nan,nan,nan,0,0
14,14,0.1920619159936905,0.19203512370586395,0.036531928926706314,5.426424195320578e-06,0.0,5.358700582291931e-05,0.14267969131469727,0.07109532886575284,0.07109532505273819,0.026680102571845055,0.02821229211986065,0.005901929456740618,0.004407128784805536,0.014002549462020397,0.05741478502750397,1.544684648513794,0.00016252608449330444,nan,nan,nan,0,0
14,15,0.22435492277145386,0.224098801612854,0.050597116351127625,5.426424195320578e-06,0.0,0.0005122446455061436,0.12736718356609344,0.012610888171961342,0.012610888108611107,0.00692000100389123,0.005322469864040613,0.005056528840214014,0.0011660070158541203,0.004827456083148718,0.005708503536880016,1.544684648513794,0.00016167187980566206,nan,nan,nan,0,0
14,16,0.35975825786590576,0.35970428586006165,0.13334140181541443,5.426424195320578e-06,0.0,0.00010796507558552548,0.13960938155651093,0.15290298491996648,0.1529029756784439,0.06284261494874954,0.06355903297662735,0.013387112878262997,0.00887975376099348,0.026215342804789543,0.12018764019012451,1.544684648513794,0.00016081975647047307,nan,nan,nan,0,0
14,17,0.23885641992092133,0.23880259692668915,0.05692475289106369,5.426424195320578e-06,0.0,0.00010764048056444153,0.16037499904632568,0.40217968373816476,0.40217968821525574,0.15949375927448273,0.16446472704410553,0.0325840599834919,0.023079827427864075,0.07355210930109024,0.3197769224643707,1.544684648513794,0.0001599697166008187,nan,nan,nan,0,0
14,18,0.3991967737674713,0.3991965651512146,0.1580480933189392,5.426424195320578e-06,0.0,3.906242511675373e-07,0.14937500655651093,0.007681935463803596,0.0076819355599582195,0.0036308784037828445,0.0018693838501349092,0.00047097087372094393,0.00043432522215880454,0.0009175662999041378,0.00640951469540596,1.544684648513794,0.00015912176230461488,nan,nan,nan,0,0
14,19,0.33579587936401367,0.3357795774936676,0.11254783719778061,5.426424195320578e-06,0.0,3.261471647419967e-05,0.15571093559265137,0.1280951667617577,0.12809516489505768,0.05041379854083061,0.052375201135873795,0.01042386144399643,0.007518318016082048,0.02566150389611721,0.10148873925209045,1.544684648513794,0.0001582758956846047,nan,nan,nan,0,0
14,20,0.22181065380573273,0.22177661955356598,0.05083603784441948,5.426424195320578e-06,0.0,6.806246528867632e-05,0.15825000405311584,0.06857353173926588,0.06857353448867798,0.027748536318540573,0.029714435338974,0.006154773291200399,0.0038656964898109436,0.012003588490188122,0.053408700972795486,1.544684648513794,0.00015743211883835484,nan,nan,nan,0,0
14,21,0.27522391080856323,0.27519819140434265,0.07541526108980179,5.426424195320578e-06,0.0,5.143570888321847e-05,0.14282813668251038,0.10307952877462005,0.10307952761650085,0.03989400714635849,0.041471753269433975,0.008262256160378456,0.006087927147746086,0.02075495384633541,0.08232773095369339,1.544684648513794,0.00015659043385824953,nan,nan,nan,0,0
14,22,0.2365649938583374,0.23651577532291412,0.0568523071706295,5.426424195320578e-06,0.0,9.84436774160713e-05,0.1400781273841858,0.17568488266956384,0.1756848841905594,0.06979823857545853,0.07370970398187637,0.016642045229673386,0.010041621513664722,0.032652925699949265,0.1382615566253662,1.544684648513794,0.00015575084283148542,nan,nan,nan,0,0
14,23,0.25786715745925903,0.25783705711364746,0.06565050780773163,5.426424195320578e-06,0.0,6.018365820636973e-05,0.15775781869888306,0.025406712971551896,0.025406712666153908,0.012153572402894497,0.01201712992042303,0.003347664838656783,0.0017417195485904813,0.005776431877166033,0.01748635806143284,1.544684648513794,0.00015491334784006758,nan,nan,nan,0,0
14,24,0.2297789305448532,0.22973892092704773,0.05252943933010101,5.426424195320578e-06,0.0,8.001841342775151e-05,0.15894530713558197,0.12873708653501717,0.12873709201812744,0.05807395651936531,0.0564754344522953,0.01269986666738987,0.007462926208972931,0.01942129246890545,0.09704127907752991,1.544684648513794,0.00015407795096080226,nan,nan,nan,0,0
14,25,0.19245439767837524,0.1924542337656021,0.03652266412973404,5.426424195320578e-06,0.0,3.25272935697285e-07,0.1505703330039978,0.0432374544876872,0.04323745518922806,0.017009586095809937,0.018564265221357346,0.0040114521980285645,0.0027819511014968157,0.007368579972535372,0.034020472317934036,1.544684648513794,0.0001532446542652935,nan,nan,nan,0,0
14,26,0.2601450979709625,0.2601071000099182,0.0668276771903038,5.426424195320578e-06,0.0,7.601675315527245e-05,0.1587187647819519,0.016204239153380703,0.016204239800572395,0.010747136548161507,0.007555716205388308,0.003967725206166506,0.0009917590068653226,0.0038922226522117853,0.007623106241226196,1.544684648513794,0.00015241345981993677,nan,nan,nan,0,0
14,27,0.43814387917518616,0.4381275773048401,0.1981448382139206,5.426424195320578e-06,0.0,3.26148874592036e-05,0.15571095049381256,0.020714047518479023,0.020714046433568,0.0079065952450037,0.008865268900990486,0.0025006423238664865,0.0011963766301050782,0.004928940441459417,0.015999548137187958,1.544684648513794,0.00015158436968591517,nan,nan,nan,0,0
14,28,0.25977012515068054,0.2597672939300537,0.0672672912478447,5.426424195320578e-06,0.0,5.677806711901212e-06,0.1476171910762787,0.00947918565529173,0.009479185566306114,0.005451338365674019,0.0053528533317148685,0.0015781045658513904,0.0005842449609190226,0.002590059768408537,0.004684513434767723,1.544684648513794,0.00015075738591919299,nan,nan,nan,0,0
14,29,0.3866008520126343,0.38659390807151794,0.14813214540481567,5.426424195320578e-06,0.0,1.3887337445339654e-05,0.1462734341621399,0.06828979839851008,0.06828979402780533,0.02770083025097847,0.029499882832169533,0.006316210608929396,0.0039263442158699036,0.012603598646819592,0.0530259944498539,1.544684648513794,0.00014993251057051138,nan,nan,nan,0,0
14,30,0.34878063201904297,0.3487400710582733,0.12083902955055237,5.426424195320578e-06,0.0,8.114067168207839e-05,0.15900781750679016,0.17028773938207983,0.17028774321079254,0.06586064398288727,0.07425012439489365,0.01564536802470684,0.010112708434462547,0.03211052715778351,0.13330070674419403,1.544684648513794,0.0001491097456853828,nan,nan,nan,0,0
14,31,0.1940361112356186,0.19403508305549622,0.03826017677783966,5.426424195320578e-06,0.0,2.043976337517961e-06,0.151429682970047,0.06098809549293001,0.06098809465765953,0.023917019367218018,0.020671546459197998,0.0036350057926028967,0.003437980078160763,0.010297932662069798,0.05088350176811218,1.544684648513794,0.00014828909330408707,nan,nan,nan,0,0
14,32,0.21062199771404266,0.21061460673809052,0.04480278864502907,5.426424195320578e-06,0.0,1.4774448573007248e-05,0.14615625143051147,0.03964824118173463,0.03964824229478836,0.016425279900431633,0.014952564612030983,0.003137216903269291,0.0022543775849044323,0.006708868779242039,0.0319167785346508,1.544684648513794,0.00014747055546166402,nan,nan,nan,0,0
14,33,0.4217853546142578,0.42168259620666504,0.17661596834659576,5.426424195320578e-06,0.0,0.00020551889610942453,0.13566407561302185,0.03733348250802044,0.03733348101377487,0.015529506839811802,0.016165027394890785,0.004384801257401705,0.002279031090438366,0.006201568525284529,0.028782552108168602,1.544684648513794,0.0001466541341879114,nan,nan,nan,0,0
14,34,0.1808479130268097,0.1808338463306427,0.033373430371284485,5.426424195320578e-06,0.0,2.8139780624769628e-05,0.14469531178474426,0.30261406602224195,0.3026140630245209,0.12091881781816483,0.1251486986875534,0.02552333101630211,0.017600255087018013,0.054523490369319916,0.2394946664571762,1.544684648513794,0.0001458398315073773,nan,nan,nan,0,0
14,35,0.19502024352550507,0.19501926004886627,0.037969447672367096,5.426424195320578e-06,0.0,1.977545707632089e-06,0.1485937535762787,0.03984688850491622,0.039846889674663544,0.015498553402721882,0.015687240287661552,0.0032074828632175922,0.002408289350569248,0.006621894426643848,0.03227293863892555,1.544684648513794,0.00014502764943935664,nan,nan,nan,0,0
14,36,0.34138232469558716,0.3413666784763336,0.12357976287603378,5.426424195320578e-06,0.0,3.128983735223301e-05,0.15559373795986176,0.08966560985601392,0.08966560661792755,0.036024563014507294,0.03490018472075462,0.006843119859695435,0.005216750781983137,0.017999282106757164,0.07159687578678131,1.544684648513794,0.00014421758999788513,nan,nan,nan,0,0
14,37,0.31221649050712585,0.3120754361152649,0.0963093638420105,5.426424195320578e-06,0.0,0.00028213541372679174,0.13320311903953552,0.1538793780552368,0.15387937426567078,0.06601506471633911,0.06432156264781952,0.013744461350142956,0.009227365255355835,0.024611547589302063,0.11959861218929291,1.544684648513794,0.00014340965519173577,nan,nan,nan,0,0
14,38,0.2806706428527832,0.2806483805179596,0.07777491211891174,5.426424195320578e-06,0.0,4.4513926695799455e-05,0.15667188167572021,0.10570206157297682,0.10570206493139267,0.046434186398983,0.04755079001188278,0.01064149010926485,0.006266062147915363,0.0203076284378767,0.07868169993162155,1.544684648513794,0.00014260384702441224,nan,nan,nan,0,0
14,39,0.2570543885231018,0.2568085789680481,0.06546424329280853,5.426424195320578e-06,0.0,0.0004915918107144535,0.12782813608646393,0.08818881635020624,0.08818881213665009,0.03865543007850647,0.035762906074523926,0.009661346673965454,0.00509017426520586,0.015767600387334824,0.06808943301439285,1.544684648513794,0.0001418001674941443,nan,nan,nan,0,0
14,40,0.33203884959220886,0.3319966495037079,0.10966575890779495,5.426424195320578e-06,0.0,8.441023965133354e-05,0.14081250131130219,0.2161375454630243,0.21613754332065582,0.08944595605134964,0.08886802941560745,0.01877696067094803,0.012477354146540165,0.03643212839961052,0.1702403426170349,1.544684648513794,0.00014099861859388419,nan,nan,nan,0,0
14,41,0.24733470380306244,0.24733403325080872,0.06137644127011299,5.426424195320578e-06,0.0,1.3369269709073706e-06,0.14884375035762787,0.017084777304916796,0.017084777355194092,0.010939261876046658,0.010325835086405277,0.002420467557385564,0.0007687897305004299,0.0015917465789243579,0.007524356245994568,1.544684648513794,0.0001401992023112999,nan,nan,nan,0,0
14,42,0.40072891116142273,0.40072718262672424,0.16329072415828705,5.426424195320578e-06,0.0,3.457245156823774e-06,0.14814063906669617,0.2180198959125132,0.21801988780498505,0.09131447970867157,0.09069619327783585,0.01870417594909668,0.012485766783356667,0.03831668943166733,0.17027810215950012,1.544684648513794,0.0001394019206287709,nan,nan,nan,0,0
14,43,0.27123114466667175,0.271161288022995,0.07339339703321457,5.426424195320578e-06,0.0,0.00013971916632726789,0.1381797194480896,0.0940333186829363,0.09403332322835922,0.040252503007650375,0.03856603056192398,0.008404497988522053,0.005253206938505173,0.014858104288578033,0.0735912173986435,1.544684648513794,0.00013860677552338368,nan,nan,nan,0,0
14,44,0.34707212448120117,0.3470720946788788,0.11956316232681274,5.426424195320578e-06,0.0,5.493415500268384e-08,0.14976562559604645,0.18171510947514566,0.18171511590480804,0.07253539562225342,0.07791950553655624,0.016394084319472313,0.01064370945096016,0.03218274563550949,0.14237192273139954,1.544684648513794,0.00013781376896692673,nan,nan,nan,0,0
14,45,0.3304736614227295,0.33043372631073,0.10901380330324173,5.426424195320578e-06,0.0,7.987878052517772e-05,0.14106251299381256,0.06151824238913517,0.061518240720033646,0.02324545755982399,0.025908803567290306,0.005449827294796705,0.0037608470302075148,0.01077008992433548,0.04912267625331879,1.544684648513794,0.00013702290292588425,nan,nan,nan,0,0
14,46,0.2034367471933365,0.2034335881471634,0.04094300419092178,5.426424195320578e-06,0.0,6.328314157144632e-06,0.15251561999320984,0.20314248332680537,0.20314247906208038,0.08061431348323822,0.08161655068397522,0.016564827412366867,0.011935871094465256,0.03865499049425125,0.16185139119625092,1.544684648513794,0.00013623417936143393,nan,nan,nan,0,0
14,47,0.27205318212509155,0.27201545238494873,0.07524269074201584,5.426424195320578e-06,0.0,7.547259156126529e-05,0.14131250977516174,0.035823081300357516,0.03582308068871498,0.013988262042403221,0.013329094275832176,0.0041411095298826694,0.0021783511620014906,0.007138904184103012,0.028932662680745125,1.544684648513794,0.00013544760022943933,nan,nan,nan,0,0
14,48,0.31657248735427856,0.3165375590324402,0.10107261687517166,5.426424195320578e-06,0.0,6.987911183387041e-05,0.14164063334465027,0.0925108947796472,0.0925108939409256,0.037382252514362335,0.0368310920894146,0.007336534094065428,0.005303552839905024,0.016016092151403427,0.07393129169940948,1.544684648513794,0.00013466316748044743,nan,nan,nan,0,0
14,49,0.2523799240589142,0.2523784935474396,0.06303520500659943,5.426424195320578e-06,0.0,2.8740594189002877e-06,0.15169531106948853,0.057973351296915575,0.05797335132956505,0.02434387058019638,0.023864438757300377,0.0049393973313272,0.003177241887897253,0.008245592005550861,0.04578527808189392,1.544684648513794,0.0001338808830596813,nan,nan,nan,0,0
14,50,0.2904451787471771,0.2904451787471771,0.08553292602300644,5.426424195320578e-06,0.0,9.773524212164375e-10,0.14996874332427979,0.03400651397888454,0.0340065136551857,0.013290544040501118,0.014496826566755772,0.0029307964723557234,0.0020271975081413984,0.006949371658265591,0.026620548218488693,1.544684648513794,0.00013310074890703785,nan,nan,nan,0,0
14,51,0.35092872381210327,0.35092830657958984,0.12289385497570038,5.426424195320578e-06,0.0,8.35518562780635e-07,0.15091407299041748,0.1701561447808818,0.17015615105628967,0.07127335667610168,0.07242178916931152,0.015656564384698868,0.009776011109352112,0.03038361482322216,0.13177421689033508,1.544684648513794,0.0001323227669570811,nan,nan,nan,0,0
14,52,0.22620180249214172,0.22616593539714813,0.05398420989513397,5.426424195320578e-06,0.0,7.171942706918344e-05,0.14153127372264862,0.14982600489084408,0.14982600510120392,0.0623299814760685,0.06179329752922058,0.013178197667002678,0.008600263856351376,0.02543688751757145,0.11768487095832825,1.544684648513794,0.0001315469391390384,nan,nan,nan,0,0
14,53,0.3023601770401001,0.3023163080215454,0.09120988100767136,5.426424195320578e-06,0.0,8.774411253398284e-05,0.14063282310962677,0.11715623717304863,0.11715623736381531,0.053971514105796814,0.05116758495569229,0.011488625779747963,0.007614733185619116,0.019487014040350914,0.0873202234506607,1.544684648513794,0.0001307732673767946,nan,nan,nan,0,0
14,54,0.20267848670482635,0.20267073810100555,0.04045357555150986,5.4282736527966335e-06,0.0,1.5504005205002613e-05,0.15393751859664917,0.32867321014146733,0.32867321372032166,0.1307784467935562,0.1260286122560501,0.02436576411128044,0.018766606226563454,0.062007319182157516,0.2650454342365265,1.544684648513794,0.0001300017535888893,nan,nan,nan,0,0
14,55,0.3739076256752014,0.3739060163497925,0.13886481523513794,5.426424195320578e-06,0.0,3.228800551369204e-06,0.14820311963558197,0.15108284486838147,0.151082843542099,0.06154203042387962,0.06324388831853867,0.0134327607229352,0.0088457390666008,0.026425745338201523,0.11866679787635803,1.544684648513794,0.00012923239968850979,nan,nan,nan,0,0
14,56,0.3110463321208954,0.3109830617904663,0.0954945981502533,5.426424195320578e-06,0.0,0.0001265622559003532,0.13875001668930054,0.19930339740138525,0.19930338859558105,0.08234434574842453,0.08367873728275299,0.0176379531621933,0.011733640916645527,0.033786747604608536,0.15604102611541748,1.544684648513794,0.00012846520758348748,nan,nan,nan,0,0
14,57,0.30420881509780884,0.30420026183128357,0.09118526428937912,5.426424195320578e-06,0.0,1.7080095858545974e-05,0.15413281321525574,0.2095653996407571,0.2095654010772705,0.0804751068353653,0.08557166159152985,0.01719284988939762,0.012025303207337856,0.042178813368082047,0.1670318841934204,1.544684648513794,0.000127700179176293,nan,nan,nan,0,0
14,58,0.32737523317337036,0.32736867666244507,0.1064845621585846,5.426424195320578e-06,0.0,1.3140556802682113e-05,0.1536249965429306,0.029051423710370387,0.02905142493546009,0.013288374058902264,0.013543701730668545,0.003411916783079505,0.0018258964410051703,0.00677524134516716,0.02056923694908619,1.544684648513794,0.00012693731636403182,nan,nan,nan,0,0
14,59,0.2819059193134308,0.2818795144557953,0.07898501306772232,5.426424195320578e-06,0.0,5.2789124310947955e-05,0.15726561844348907,0.060222000118144124,0.06022199988365173,0.02112789824604988,0.024487663060426712,0.004658699966967106,0.003795191179960966,0.0134378457441926,0.04862070456147194,1.544684648513794,0.00012617662103843894,nan,nan,nan,0,0
14,60,0.22879935801029205,0.22879908978939056,0.0514974482357502,5.426424195320578e-06,0.0,5.508564413503336e-07,0.1492578089237213,0.17470370475263414,0.1747037023305893,0.06880418211221695,0.07084361463785172,0.014375139027833939,0.010032091289758682,0.032040998339653015,0.1394081711769104,1.544684648513794,0.00012541809508587407,nan,nan,nan,0,0
14,61,0.22584179043769836,0.22578836977481842,0.050785113126039505,5.426424195320578e-06,0.0,0.00010683159780455753,0.1603359431028366,0.23334717628637974,0.23334717750549316,0.08823085576295853,0.09726638346910477,0.019933141767978668,0.013492230325937271,0.04460785165429115,0.18610814213752747,1.544684648513794,0.00012466174038731846,nan,nan,nan,0,0
14,62,0.33512458205223083,0.33510804176330566,0.1113576889038086,5.426424195320578e-06,0.0,3.3062504371628165e-05,0.15575000643730164,0.07043308462885164,0.07043308019638062,0.03001278266310692,0.03039485029876232,0.006666946690529585,0.0044311778619885445,0.013732759281992912,0.05369853973388672,1.544684648513794,0.00012390755881836748,nan,nan,nan,0,0
14,63,0.33540183305740356,0.33540162444114685,0.1112552061676979,5.426424195320578e-06,0.0,4.1038862264031195e-07,0.15064062178134918,0.1767232686716352,0.17672327160835266,0.06556183099746704,0.07390622794628143,0.01487436518073082,0.010265009477734566,0.03535289689898491,0.14104674756526947,1.544684648513794,0.00012315555224922932,nan,nan,nan,0,0
14,64,0.23969444632530212,0.23966489732265472,0.05737452208995819,5.426424195320578e-06,0.0,5.9097565099364147e-05,0.1576875001192093,0.19540617328405988,0.19540616869926453,0.07792233675718307,0.07440771162509918,0.014586664736270905,0.011185613460838795,0.03613365441560745,0.15789757668972015,1.544684648513794,0.00012240572254471754,nan,nan,nan,0,0
14,65,0.2292373925447464,0.22922945022583008,0.052445340901613235,5.426424195320578e-06,0.0,1.587525912327692e-05,0.14601562917232513,0.03881343432321395,0.03881343454122543,0.016405316069722176,0.020438196137547493,0.004818820394575596,0.0024606387596577406,0.005455360282212496,0.027578826993703842,1.544684648513794,0.00012165807156424778,nan,nan,nan,0,0
14,66,0.31758052110671997,0.31757813692092896,0.10035134106874466,5.426424195320578e-06,0.0,4.785179498867365e-06,0.14781250059604645,0.02305899526821644,0.023058995604515076,0.014986081048846245,0.00699228048324585,0.002061332343146205,0.0017965554725378752,0.006625237874686718,0.014383051544427872,1.544684648513794,0.00012091260116183285,nan,nan,nan,0,0
14,67,0.21130302548408508,0.2112874686717987,0.04459625855088234,5.426424195320578e-06,0.0,3.111537444056012e-05,0.1555781215429306,0.1694331909020153,0.16943319141864777,0.06716084480285645,0.07072651386260986,0.014385629445314407,0.009599867276847363,0.03062419965863228,0.13400687277317047,1.544684648513794,0.00012016931318607876,nan,nan,nan,0,0
14,68,0.23956413567066193,0.23948374390602112,0.0568138025701046,5.426424195320578e-06,0.0,0.00016077431791927665,0.16267968714237213,0.32855339733143696,0.3285534083843231,0.12713325023651123,0.13452759385108948,0.027004824951291084,0.0190009493380785,0.0633581355214119,0.26188212633132935,1.544684648513794,0.00011942820948017893,nan,nan,nan,0,0
14,69,0.27980509400367737,0.2798048257827759,0.07729834318161011,5.426424195320578e-06,0.0,5.624855248242966e-07,0.15074999630451202,0.06233014715642353,0.06233014911413193,0.025960523635149002,0.026401465758681297,0.0057472954504191875,0.003433631034567952,0.009535366669297218,0.04876798763871193,1.544684648513794,0.0001186892918819105,nan,nan,nan,0,0
14,70,0.31729578971862793,0.3172737956047058,0.1031084954738617,5.426424195320578e-06,0.0,4.399429963086732e-05,0.15663282573223114,0.006812683443325342,0.006812683306634426,0.0028472302947193384,0.002519624074921012,0.0006560729816555977,0.00034617300843819976,0.0010132298339158297,0.005511853378266096,1.544684648513794,0.00011795256222362934,nan,nan,nan,0,0
14,71,0.268968403339386,0.2689675986766815,0.07152549922466278,5.426424195320578e-06,0.0,1.6216451967920875e-06,0.14872656762599945,0.13761880461042217,0.1376187950372696,0.05436794459819794,0.05587495118379593,0.011657322756946087,0.007952448911964893,0.025685155764222145,0.10955450683832169,1.544684648513794,0.00011721802233226616,nan,nan,nan,0,0
14,72,0.33865201473236084,0.3386349081993103,0.11506512016057968,5.426424195320578e-06,0.0,3.424083479330875e-05,0.14414843916893005,0.20767902768976026,0.20767903327941895,0.08032688498497009,0.08801203966140747,0.017881425097584724,0.01200034748762846,0.03765847533941269,0.16446925699710846,1.544684648513794,0.00011648567402932112,nan,nan,nan,0,0
14,73,0.1911478191614151,0.19111500680446625,0.036687761545181274,5.426424195320578e-06,0.0,6.56353950034827e-05,0.15810157358646393,0.0535394844408404,0.05353948473930359,0.022803926840424538,0.023759247735142708,0.005265636835247278,0.003153720870614052,0.008613220416009426,0.04086679592728615,1.544684648513794,0.00011575551913085985,nan,nan,nan,0,0
14,74,0.22388136386871338,0.22384142875671387,0.05010754242539406,5.426424195320578e-06,0.0,7.987878052517772e-05,0.14106251299381256,0.058351037813397955,0.05835103988647461,0.023351920768618584,0.0242293793708086,0.00551513722166419,0.003472433192655444,0.010399946011602879,0.046063382178545,1.544684648513794,0.00011502755944750878,nan,nan,nan,0,0
14,75,0.2235693633556366,0.2235686182975769,0.049408208578825,5.426424195320578e-06,0.0,1.504447709521628e-06,0.15122656524181366,0.06747739416941935,0.06747739762067795,0.027999382466077805,0.024001576006412506,0.005113403312861919,0.0037942607887089252,0.013371925801038742,0.05453261360526085,1.544684648513794,0.00011430179678445047,nan,nan,nan,0,0
14,76,0.299251526594162,0.29920414090156555,0.09003434330224991,5.426424195320578e-06,0.0,9.47580992942676e-05,0.14026562869548798,0.03451223299574832,0.0345122329890728,0.01409727893769741,0.015453348867595196,0.0035648338962346315,0.0019581944216042757,0.006330631207674742,0.026399536058306694,1.544684648513794,0.00011357823294141998,nan,nan,nan,0,0
14,77,0.38490384817123413,0.38489407300949097,0.1471206545829773,5.426424195320578e-06,0.0,1.95529773918679e-05,0.14557813107967377,0.062294582980679046,0.06229458376765251,0.025595709681510925,0.027658836916089058,0.006120460573583841,0.003577668685466051,0.011008662171661854,0.047843631356954575,1.544684648513794,0.00011285686971269918,nan,nan,nan,0,0
14,78,0.30140775442123413,0.3014034032821655,0.09025276452302933,5.426424195320578e-06,0.0,8.720959158381447e-06,0.1529531329870224,0.1293282960729925,0.12932829558849335,0.05106762424111366,0.05142628401517868,0.01026169303804636,0.007583586499094963,0.022937269881367683,0.10384754091501236,1.544684648513794,0.00011213770888711299,nan,nan,nan,0,0
14,79,0.3198515772819519,0.31979140639305115,0.10091802477836609,5.426424195320578e-06,0.0,0.00012031368532916531,0.13903124630451202,0.05120369700846848,0.05120369791984558,0.01894594170153141,0.018541714176535606,0.004074284341186285,0.003216059412807226,0.009125246666371822,0.042530715465545654,1.544684648513794,0.00011142075224802486,nan,nan,nan,0,0
14,80,0.23228582739830017,0.23224568367004395,0.053935013711452484,5.426424195320578e-06,0.0,8.029831224121153e-05,0.14103907346725464,0.0385026417310078,0.03850264102220535,0.01797366514801979,0.016784053295850754,0.00470037991181016,0.002328482223674655,0.006415943149477243,0.028443217277526855,1.544684648513794,0.00011070600157333274,nan,nan,nan,0,0
14,81,0.1846718192100525,0.18457239866256714,0.034192685037851334,5.426424195320578e-06,0.0,0.00019885413348674774,0.1358984410762787,0.023204694269300153,0.02320469357073307,0.010657957755029202,0.010614720173180103,0.003833800321444869,0.0015674215974286199,0.00231801881454885,0.01701956056058407,1.544684648513794,0.00010999345863546365,nan,nan,nan,0,0
14,82,0.30334198474884033,0.3032984137535095,0.09267132729291916,5.426424195320578e-06,0.0,8.715968579053879e-05,0.14066407084465027,0.01635822987441868,0.016358230262994766,0.0060537438839674,0.007335041183978319,0.0020686713978648186,0.001114247483201325,0.0036302015651017427,0.012587363831698895,1.544684648513794,0.00010928312520137027,nan,nan,nan,0,0
14,83,0.23866020143032074,0.23865096271038055,0.05790906772017479,5.426424195320578e-06,0.0,1.8463211745256558e-05,0.14570312201976776,0.13403187741313202,0.13403187692165375,0.055028028786182404,0.05399089679121971,0.01304711028933525,0.007778523955494165,0.024399409070611,0.10580822080373764,1.544684648513794,0.00010857500303252591,nan,nan,nan,0,0
14,84,0.1558070182800293,0.15577806532382965,0.024770047515630722,5.426424195320578e-06,0.0,5.7902470871340483e-05,0.142390638589859,0.13578432054340728,0.1357843279838562,0.05402885004878044,0.05849163234233856,0.012630543671548367,0.008553055115044117,0.02374451607465744,0.10630384087562561,1.544684648513794,0.00010786909388492111,nan,nan,nan,0,0
14,85,0.3304227888584137,0.33033114671707153,0.10966154932975769,5.426424195320578e-06,0.0,0.00018330616876482964,0.13646094501018524,0.1475571603347118,0.14755715429782867,0.06085013225674629,0.06311348080635071,0.01358507014811039,0.008656035177409649,0.02399829961359501,0.11511588096618652,1.544684648513794,0.0001071653995090573,nan,nan,nan,0,0
14,86,0.28128528594970703,0.28124868869781494,0.08090060204267502,5.426424195320578e-06,0.0,7.318258576560766e-05,0.1414453238248825,0.006272998774532452,0.006272998638451099,0.003793994663283229,0.002363635925576091,0.002016740385442972,0.0007346077472902834,0.002113190246745944,0.0032088751904666424,1.544684648513794,0.0001064639216499452,nan,nan,nan,0,0
14,87,0.2769583463668823,0.27691686153411865,0.07685334980487823,5.426424195320578e-06,0.0,8.2980768638663e-05,0.14089062809944153,0.0337846579395878,0.0337846577167511,0.015769431367516518,0.014519483782351017,0.00456110667437315,0.0022146464325487614,0.007715234998613596,0.024427024647593498,1.544684648513794,0.00010576466204709809,nan,nan,nan,0,0
14,88,0.2612561285495758,0.2612561285495758,0.06822864711284637,5.426424195320578e-06,0.0,8.787788274844388e-09,0.14990626275539398,0.16540882242937316,0.16540881991386414,0.06395173817873001,0.07119855284690857,0.015172475948929787,0.009681584313511848,0.03242655470967293,0.1297135353088379,1.544684648513794,0.00010506762243452905,nan,nan,nan,0,0
14,89,0.25982198119163513,0.25974705815315247,0.06818058341741562,5.426424195320578e-06,0.0,0.0001498710480518639,0.1377578228712082,0.1591374523033808,0.15913745760917664,0.06374689191579819,0.06683464348316193,0.014473194256424904,0.009551174938678741,0.029729869216680527,0.12493850290775299,1.544684648513794,0.00010437280454074525,nan,nan,nan,0,0
14,90,0.232096865773201,0.2320849895477295,0.054012831300497055,5.426424195320578e-06,0.0,2.3765522200847045e-05,0.1548749953508377,0.13530143689482169,0.13530144095420837,0.054532039910554886,0.05886782333254814,0.012318604625761509,0.008217614144086838,0.025278501212596893,0.10492394864559174,1.544684648513794,0.00010368021008874546,nan,nan,nan,0,0
14,91,0.3511173129081726,0.35110196471214294,0.12283066660165787,5.426424195320578e-06,0.0,3.068134537898004e-05,0.15553908050060272,0.25953065268803704,0.2595306634902954,0.09984520077705383,0.1083967387676239,0.02287106215953827,0.01513003185391426,0.047776468098163605,0.20640408992767334,1.544684648513794,0.00010298984079601412,nan,nan,nan,0,0
14,92,0.2713271975517273,0.2713129222393036,0.07427272200584412,5.426424195320578e-06,0.0,2.8555665267049335e-05,0.15534375607967377,0.2203914826083291,0.22039148211479187,0.08067326247692108,0.08815505355596542,0.01720399223268032,0.012974675744771957,0.04176463931798935,0.17912094295024872,1.544684648513794,0.00010230169837451788,nan,nan,nan,0,0
14,93,0.19309961795806885,0.19309000670909882,0.03669976815581322,5.426424195320578e-06,0.0,1.920910108310636e-05,0.1543828248977661,0.10769587086372177,0.10769587010145187,0.04288773983716965,0.046478595584630966,0.009815169498324394,0.006281611043959856,0.01949228160083294,0.08416078239679337,1.544684648513794,0.00010161578453070164,nan,nan,nan,0,0
14,94,0.3957946002483368,0.39568081498146057,0.15423017740249634,5.426424195320578e-06,0.0,0.00022758544946555048,0.16508594155311584,0.14058788108590373,0.14058788120746613,0.04959223046898842,0.05302812531590462,0.009977297857403755,0.008114741183817387,0.02877197600901127,0.11619104444980621,1.544684648513794,0.00010093210096548339,nan,nan,nan,0,0
14,95,0.24759994447231293,0.2475181668996811,0.06039438396692276,5.426424195320578e-06,0.0,0.00016355994739569724,0.16278906166553497,0.08921806692380702,0.08921807259321213,0.033785317093133926,0.032869115471839905,0.0067615807056427,0.0051752720028162,0.01691143773496151,0.07334533333778381,1.544684648513794,0.00010025064937425062,nan,nan,nan,0,0
14,96,0.20709529519081116,0.20706002414226532,0.04218928888440132,5.426424195320578e-06,0.0,7.053359877318144e-05,0.15839843451976776,0.1568706142468687,0.15687060356140137,0.056975167244672775,0.06373590230941772,0.012738087214529514,0.009230091236531734,0.029247719794511795,0.1272677183151245,1.544684648513794,9.957143144685601e-05,nan,nan,nan,0,0
14,97,0.2225034385919571,0.22237038612365723,0.049895528703927994,5.426424195320578e-06,0.0,0.0002660974860191345,0.16631250083446503,0.035752316653177144,0.0357523150742054,0.01248978916555643,0.014999130740761757,0.003964068368077278,0.0023702187463641167,0.009363102726638317,0.028075966984033585,1.544684648513794,9.88944488676137e-05,nan,nan,nan,0,0
14,98,0.1996932327747345,0.19965335726737976,0.03923417255282402,5.426424195320578e-06,0.0,7.973927131388336e-05,0.15892969071865082,0.022586391995482482,0.022586392238736153,0.01305659394711256,0.00697522284463048,0.0031608811113983393,0.0020629458595067263,0.006717554293572903,0.015219864435493946,1.544684648513794,9.821970331529401e-05,nan,nan,nan,0,0
14,99,0.3284991979598999,0.328430712223053,0.10779264569282532,5.426424195320578e-06,0.0,0.00013696368841920048,0.16170315444469452,0.04765318783815935,0.047653187066316605,0.01817266084253788,0.01662696897983551,0.0033881941344588995,0.0026849801652133465,0.009034286253154278,0.03954512998461723,1.544684648513794,9.754719646312015e-05,nan,nan,nan,0,0
14,100,0.25379905104637146,0.25375625491142273,0.06431819498538971,5.426424195320578e-06,0.0,8.556250395486131e-05,0.15925000607967377,0.15155432650333578,0.15155433118343353,0.05623292550444603,0.06332704424858093,0.013006853871047497,0.008948144502937794,0.031433239579200745,0.12066052109003067,1.544684648513794,9.687692997876378e-05,nan,nan,nan,0,0
14,101,0.3497014045715332,0.34970054030418396,0.12568111717700958,5.426424195320578e-06,0.0,1.7021668554662028e-06,0.1513046771287918,0.10982012206429168,0.10982012003660202,0.04294859990477562,0.04679267480969429,0.00988710019737482,0.0062559726648032665,0.02116064913570881,0.08626504242420197,1.544684648513794,9.620890552434156e-05,nan,nan,nan,0,0
14,102,0.256054162979126,0.2560538053512573,0.06552532315254211,5.426424195320578e-06,0.0,6.98771202678472e-07,0.15083593130111694,0.03332734067822987,0.033327341079711914,0.018823763355612755,0.015470755286514759,0.0037336198147386312,0.0021862892899662256,0.003930868115276098,0.021974116563796997,1.544684648513794,9.554312475640896e-05,nan,nan,nan,0,0
14,103,0.2810397744178772,0.28102368116378784,0.07792400568723679,5.426424195320578e-06,0.0,3.216998084099032e-05,0.1556718647480011,0.09676264973108037,0.09676264971494675,0.03947293013334274,0.04187003895640373,0.008714352734386921,0.005525188520550728,0.01645629107952118,0.07532941550016403,1.544684648513794,9.487958932595925e-05,nan,nan,nan,0,0
14,104,0.3134801685810089,0.31348007917404175,0.09829140454530716,5.426424195320578e-06,0.0,1.7798414830849651e-07,0.1504218876361847,0.09279593509811798,0.09279593825340271,0.035731904208660126,0.03889918699860573,0.007800425868481398,0.005415312945842743,0.017213040962815285,0.07372047752141953,1.544684648513794,9.42183008784166e-05,nan,nan,nan,0,0
14,105,0.21709410846233368,0.21709409356117249,0.046616457402706146,5.426424195320578e-06,0.0,2.20360263369912e-08,0.1501484513282776,0.022077554496853214,0.02207755483686924,0.012705910950899124,0.0067572221159935,0.0021036702673882246,0.0015724377008154988,0.005672258324921131,0.015532085672020912,1.544684648513794,9.355926105363367e-05,nan,nan,nan,0,0
14,106,0.2469632625579834,0.24696293473243713,0.059796370565891266,5.426424195320578e-06,0.0,6.475300438069098e-07,0.14919531345367432,0.06229247592541247,0.06229247897863388,0.024883195757865906,0.027104442939162254,0.0057200174778699875,0.0036548967473208904,0.009986504912376404,0.04879263415932655,1.544684648513794,9.290247148588665e-05,nan,nan,nan,0,0
14,107,0.272200345993042,0.2721717357635498,0.07386928051710129,5.426424195320578e-06,0.0,5.719145337934606e-05,0.1575625091791153,0.2252127523625319,0.22521275281906128,0.08602923154830933,0.09674905240535736,0.020319463685154915,0.013023202307522297,0.04323258623480797,0.17750446498394012,1.544684648513794,9.224793380387219e-05,nan,nan,nan,0,0
14,108,0.24069172143936157,0.24067585170269012,0.058464642614126205,5.426424195320578e-06,0.0,3.172863580402918e-05,0.15563282370567322,0.14028791527321224,0.14028792083263397,0.049641501158475876,0.058428503572940826,0.011450286023318768,0.008740044198930264,0.030827553942799568,0.11244863271713257,1.544684648513794,9.15956496307021e-05,nan,nan,nan,0,0
14,109,0.2396806925535202,0.23963108658790588,0.05718988925218582,5.426424195320578e-06,0.0,9.922021854436025e-05,0.15996094048023224,0.053870229199419695,0.05387023091316223,0.02009177953004837,0.026715589687228203,0.006776615511626005,0.0033522797748446465,0.010097327642142773,0.04031727835536003,1.544684648513794,9.094562058390042e-05,nan,nan,nan,0,0
14,110,0.24213819205760956,0.2421053797006607,0.05881315842270851,5.426424195320578e-06,0.0,6.563515489688143e-05,0.15810155868530273,0.32672645660215105,0.3267264664173126,0.12829525768756866,0.13362906873226166,0.027026308700442314,0.019039198756217957,0.058177050203084946,0.2606842815876007,1.544684648513794,9.029784827539844e-05,nan,nan,nan,0,0
14,111,0.3087182939052582,0.3087179362773895,0.09547826647758484,5.426424195320578e-06,0.0,7.251487659232225e-07,0.14914844930171967,0.0717421776831605,0.07174217700958252,0.02756790816783905,0.028630957007408142,0.005485650151968002,0.004019411280751228,0.01425881776958704,0.057599104940891266,1.544684648513794,8.965233431153199e-05,nan,nan,nan,0,0
14,112,0.2642802596092224,0.26417770981788635,0.06929892301559448,5.426424195320578e-06,0.0,0.0002050713956123218,0.135679692029953,0.14187977760262968,0.14187978208065033,0.056917112320661545,0.057951170951128006,0.011947546154260635,0.008209574967622757,0.02551417052745819,0.11256492137908936,1.544684648513794,8.900908029303612e-05,nan,nan,nan,0,0
14,113,0.2887424826622009,0.28866198658943176,0.0818992629647255,5.426424195320578e-06,0.0,0.0001609727623872459,0.1626875102519989,0.05068218938479475,0.0506821908056736,0.019004492089152336,0.023196257650852203,0.005579979158937931,0.002510598860681057,0.009867044165730476,0.039174601435661316,1.544684648513794,8.836808781504162e-05,nan,nan,nan,0,0
14,114,0.24225422739982605,0.24225148558616638,0.05865328386425972,5.426424195320578e-06,0.0,5.49320611753501e-06,0.14765624701976776,0.20171212448463627,0.20171211659908295,0.07712342590093613,0.08495324105024338,0.017241066321730614,0.011958460323512554,0.03910137712955475,0.1598547101020813,1.544684648513794,8.772935846707196e-05,nan,nan,nan,0,0
14,115,0.3475476801395416,0.3474990725517273,0.12281724065542221,5.426424195320578e-06,0.0,9.720714297145605e-05,0.15985937416553497,0.03673073669225784,0.03673073649406433,0.01569126546382904,0.016663655638694763,0.0043650418519973755,0.0022493081633001566,0.004865582101047039,0.027883093804121017,1.544684648513794,8.709289383303737e-05,nan,nan,nan,0,0
14,116,0.3414415419101715,0.34144145250320435,0.11577041447162628,5.426424195320578e-06,0.0,1.7144449770967185e-07,0.14958594739437103,0.02227582636290092,0.022275825962424278,0.008608914911746979,0.0067784758284688,0.0015601643826812506,0.0012617575703188777,0.005255528260022402,0.018560834228992462,1.544684648513794,8.645869549123298e-05,nan,nan,nan,0,0
14,117,0.202049121260643,0.20187857747077942,0.0420849546790123,5.426424195320578e-06,0.0,0.0003410948265809566,0.16846875846385956,0.0399623637505223,0.03996236249804497,0.018124287948012352,0.013526685535907745,0.0038114229682832956,0.002442355966195464,0.010121898725628853,0.03102554753422737,1.544684648513794,8.582676501433351e-05,nan,nan,nan,0,0
14,118,0.2279687076807022,0.22792313992977142,0.05240657925605774,5.426424195320578e-06,0.0,9.114255954045802e-05,0.1595468670129776,0.1932596178970165,0.1932596117258072,0.07632438838481903,0.08064369857311249,0.01619352586567402,0.011072403751313686,0.03836895897984505,0.15219545364379883,1.544684648513794,8.519710396939056e-05,nan,nan,nan,0,0
14,119,0.2668660581111908,0.26684847474098206,0.07109270244836807,5.426424195320578e-06,0.0,3.5161090636393055e-05,0.15592968463897705,0.1325366039998235,0.1325366050004959,0.05216648429632187,0.05663048475980759,0.011638161726295948,0.007652850355952978,0.02505187690258026,0.10399994254112244,1.544684648513794,8.456971391782678e-05,nan,nan,nan,0,0
14,120,0.30101293325424194,0.30100634694099426,0.09035838395357132,5.426424195320578e-06,0.0,1.3197335647419095e-05,0.14636719226837158,0.08778803595216905,0.08778803795576096,0.03374987468123436,0.03732755780220032,0.0075422110967338085,0.005193887744098902,0.016652051359415054,0.06937713176012039,1.544684648513794,8.39445964154345e-05,nan,nan,nan,0,0
14,121,0.27501237392425537,0.27501198649406433,0.0763130635023117,5.426424195320578e-06,0.0,7.520150120399194e-07,0.15086719393730164,0.3223412768305021,0.32234126329421997,0.12670481204986572,0.1359724998474121,0.02799578569829464,0.019252834841609,0.059457600116729736,0.2543061673641205,1.544684648513794,8.332175301237001e-05,nan,nan,nan,0,0
14,122,0.35295164585113525,0.35295113921165466,0.12420794367790222,5.426424195320578e-06,0.0,9.844485475696274e-07,0.15099219977855682,0.14652286478024287,0.1465228646993637,0.05674096569418907,0.060948070138692856,0.012455877847969532,0.008223452605307102,0.02779875136911869,0.11635807156562805,1.544684648513794,8.270118525315031e-05,nan,nan,nan,0,0
14,123,0.2167990356683731,0.21655531227588654,0.04721033573150635,5.426424195320578e-06,0.0,0.00048744367086328566,0.17207813262939453,0.3095061531924094,0.3095061480998993,0.11934323608875275,0.12300752103328705,0.024360738694667816,0.018152737990021706,0.06322859227657318,0.24799108505249023,1.544684648513794,8.208289467664933e-05,nan,nan,nan,0,0
14,124,0.22659143805503845,0.22655993700027466,0.05095508694648743,5.426424195320578e-06,0.0,6.300400127656758e-05,0.15793751180171967,0.5117600503866184,0.5117600560188293,0.19562694430351257,0.21351522207260132,0.04290948808193207,0.029290486127138138,0.09998990595340729,0.40662336349487305,1.544684648513794,8.146688281609461e-05,nan,nan,nan,0,0
14,125,0.2053333818912506,0.20526471734046936,0.04200197756290436,5.426424195320578e-06,0.0,0.0001373291015625,0.16171875596046448,0.24985309989105925,0.24985310435295105,0.0989106148481369,0.10230638086795807,0.020447567105293274,0.014500441960990429,0.047471966594457626,0.19822894036769867,1.544684648513794,8.08531511990619e-05,nan,nan,nan,0,0
14,126,0.23739278316497803,0.23734669387340546,0.055778227746486664,5.426424195320578e-06,0.0,9.219001367455348e-05,0.14039844274520874,0.12514764793324676,0.12514765560626984,0.049868226051330566,0.05420146510004997,0.01107403077185154,0.007478239480406046,0.0224713534116745,0.09774341434240341,1.544684648513794,8.024170134747347e-05,nan,nan,nan,0,0
14,127,0.35991936922073364,0.3598930239677429,0.13369646668434143,5.426424195320578e-06,0.0,5.267572123557329e-05,0.1572578102350235,0.21833480914626682,0.21833480894565582,0.08769010752439499,0.09226228296756744,0.018927088007330894,0.0128719387575984,0.03998389467597008,0.17130549252033234,1.544684648513794,7.963253477759264e-05,nan,nan,nan,0,0
14,128,0.2525406777858734,0.2525150179862976,0.06448758393526077,5.426424195320578e-06,0.0,5.132377191330306e-05,0.14283594489097595,0.06738682121814274,0.06738682091236115,0.024195563048124313,0.028843393549323082,0.0061232117004692554,0.004225157666951418,0.015288996510207653,0.05324019119143486,1.544684648513794,7.902565300002119e-05,nan,nan,nan,0,0
14,129,0.26587894558906555,0.2658676207065582,0.07051151990890503,5.426424195320578e-06,0.0,2.2636724679614417e-05,0.1547578126192093,0.10550108547958846,0.10550108551979065,0.0419561043381691,0.04499831050634384,0.009496285580098629,0.00596819119527936,0.020979393273591995,0.08233700692653656,1.544684648513794,7.842105751969475e-05,nan,nan,nan,0,0
14,130,0.3597760796546936,0.359714537858963,0.12907327711582184,5.426424195320578e-06,0.0,0.00012307129509281367,0.16109375655651093,0.12292634358092114,0.12292633950710297,0.04744896665215492,0.05297822505235672,0.010941754095256329,0.007012914400547743,0.02322065643966198,0.09666792303323746,1.544684648513794,7.781874983587951e-05,nan,nan,nan,0,0
14,131,0.2505497932434082,0.2505144476890564,0.062351375818252563,5.438370862975717e-06,0.0,7.066506805131212e-05,0.14159375429153442,0.03204066120316875,0.032040663063526154,0.012745576910674572,0.011296052485704422,0.0031966203823685646,0.00212313374504447,0.007296920288354158,0.02585695870220661,1.544684648513794,7.721873144216834e-05,nan,nan,nan,0,0
14,132,0.3260994553565979,0.3260267972946167,0.10536512732505798,5.426424195320578e-06,0.0,0.00014531535271089524,0.16205468773841858,0.014658553606660457,0.014658553525805473,0.004881388507783413,0.005184125155210495,0.002863663248717785,0.0010367890354245901,0.0035632301587611437,0.011924679391086102,1.544684648513794,7.66210038264773e-05,nan,nan,nan,0,0
14,133,0.26260343194007874,0.2625904083251953,0.06910917162895203,5.426424195320578e-06,0.0,2.6025778424809687e-05,0.15510155260562897,0.05070310363915839,0.050703104585409164,0.019259478896856308,0.020750369876623154,0.004468434024602175,0.0027284801471978426,0.009405368939042091,0.04066235199570656,1.544684648513794,7.602556847104182e-05,nan,nan,nan,0,0
14,134,0.2651137709617615,0.26510199904441833,0.07175794988870621,5.426424195320578e-06,0.0,2.35376810451271e-05,0.14514844119548798,0.18231070478313496,0.18231070041656494,0.07529374957084656,0.07875785231590271,0.016509173437952995,0.01056243572384119,0.029806826263666153,0.14174865186214447,1.544684648513794,7.543242685241304e-05,nan,nan,nan,0,0
14,135,0.23022136092185974,0.23022106289863586,0.05297698453068733,5.426424195320578e-06,0.0,5.861537033524655e-07,0.15076561272144318,0.19223722906367535,0.1922372281551361,0.07710321992635727,0.0811193510890007,0.01680649258196354,0.011275406926870346,0.032769445329904556,0.15148091316223145,1.544684648513794,7.484158044145407e-05,nan,nan,nan,0,0
14,136,0.23078005015850067,0.2307337373495102,0.05295143648982048,5.426424195320578e-06,0.0,9.264038817491382e-05,0.15962499380111694,0.028700245815309687,0.028700245544314384,0.012539578601717949,0.012204582802951336,0.0028813567478209734,0.0016751349903643131,0.005013338290154934,0.02193785272538662,1.544684648513794,7.425303070333599e-05,nan,nan,nan,0,0
14,137,0.3788946568965912,0.3788197338581085,0.14352984726428986,5.426424195320578e-06,0.0,0.00014987141184974462,0.16224220395088196,0.0666285707322246,0.06662856787443161,0.025747379288077354,0.0269510205835104,0.0056315455585718155,0.0040038819424808025,0.012396573089063168,0.05337284877896309,1.544684648513794,7.366677909753567e-05,nan,nan,nan,0,0
14,138,0.27986568212509155,0.2798417806625366,0.07837560027837753,5.426424195320578e-06,0.0,4.780407834914513e-05,0.15691405534744263,0.14455229478956208,0.1445522904396057,0.06067211553454399,0.056337468326091766,0.011410059407353401,0.007891872897744179,0.02410743199288845,0.11518120765686035,1.544684648513794,7.308282707783004e-05,nan,nan,nan,0,0
14,139,0.3271302878856659,0.32708626985549927,0.10504075884819031,5.426424195320578e-06,0.0,8.803720265859738e-05,0.14061719179153442,0.322641332381918,0.3226413130760193,0.1278408020734787,0.13152240216732025,0.026370715349912643,0.01884339191019535,0.05678990110754967,0.25725558400154114,1.544684648513794,7.250117609229418e-05,nan,nan,nan,0,0
14,140,0.21153563261032104,0.21153561770915985,0.04476601630449295,5.426424195320578e-06,0.0,3.814581006622575e-08,0.15019531548023224,0.16193397759187755,0.16193397343158722,0.06403570622205734,0.06735537946224213,0.013853364624083042,0.009467460215091705,0.0309295691549778,0.1278558075428009,1.544684648513794,7.192182758329657e-05,nan,nan,nan,0,0
14,141,0.2734011709690094,0.2733883261680603,0.07484814524650574,5.426424195320578e-06,0.0,2.5708082830533385e-05,0.15507031977176666,0.030786728306430224,0.030786728486418724,0.01950068771839142,0.01338378619402647,0.004344785585999489,0.0017295022262260318,0.0052600884810090065,0.01840878091752529,1.544684648513794,7.1344782987497e-05,nan,nan,nan,0,0
14,142,0.24442899227142334,0.2444191426038742,0.059816859662532806,5.426424195320578e-06,0.0,1.969146069313865e-05,0.14556249976158142,0.15767691682958546,0.15767692029476166,0.0637425109744072,0.06402402371168137,0.012924613431096077,0.008933478966355324,0.028017375618219376,0.12517188489437103,1.544684648513794,7.07700437358407e-05,nan,nan,nan,0,0
14,143,0.2906074821949005,0.29060524702072144,0.08464909344911575,5.426424195320578e-06,0.0,4.482480107981246e-06,0.15211719274520874,0.3339097243352354,0.3339097201824188,0.13272340595722198,0.13490153849124908,0.027474353089928627,0.019495889544487,0.06048086658120155,0.26624971628189087,1.544684648513794,7.019761125355742e-05,nan,nan,nan,0,0
14,144,0.2735024392604828,0.27344295382499695,0.07484786212444305,5.426424195320578e-06,0.0,0.00011894627095898613,0.13909375667572021,0.01677155724385881,0.016771556809544563,0.008314562030136585,0.004993494134396315,0.0027798747178167105,0.0014392805751413107,0.004608146846294403,0.01249735802412033,1.544684648513794,6.96274869601559e-05,nan,nan,nan,0,0
14,145,0.18765607476234436,0.18763750791549683,0.03504765406250954,5.426424195320578e-06,0.0,3.713385376613587e-05,0.14390625059604645,0.1280992407400683,0.1280992478132248,0.052903324365615845,0.05451450124382973,0.011460887268185616,0.00746050663292408,0.022507498040795326,0.09972574561834335,1.544684648513794,6.905967226942113e-05,nan,nan,nan,0,0
14,146,0.2389734387397766,0.2389531135559082,0.05710437893867493,5.426424195320578e-06,0.0,4.0640625229571015e-05,0.14362500607967377,0.09583435354011863,0.09583435207605362,0.037893906235694885,0.04176938161253929,0.009097447618842125,0.005854774732142687,0.01707049272954464,0.07480073720216751,1.544684648513794,6.849416858941108e-05,nan,nan,nan,0,0
14,147,0.209866464138031,0.20985548198223114,0.04543675482273102,5.426424195320578e-06,0.0,2.1972684407955967e-05,0.14531250298023224,0.061211651808824284,0.06121165305376053,0.025432942435145378,0.025765931233763695,0.005883087404072285,0.0035393238067626953,0.010859992355108261,0.04765576124191284,1.544684648513794,6.79309773224527e-05,nan,nan,nan,0,0
14,148,0.22315029799938202,0.22311529517173767,0.04994241148233414,5.426424195320578e-06,0.0,7.0009715273045e-05,0.1416328251361847,0.03623032620661714,0.03623032569885254,0.014185011386871338,0.012585358694195747,0.0026520888786762953,0.001971856225281954,0.007808774244040251,0.02968386746942997,1.544684648513794,6.737009986513871e-05,nan,nan,nan,0,0
14,149,0.2536270022392273,0.25357598066329956,0.06440982222557068,5.426424195320578e-06,0.0,0.00010204144928138703,0.13989844918251038,0.08738214068279886,0.08738213777542114,0.03619415685534477,0.03689557686448097,0.009565425105392933,0.00522863632068038,0.017920901998877525,0.06726323813199997,1.544684648513794,6.681153760832378e-05,nan,nan,nan,0,0
14,150,0.23878370225429535,0.23877976834774017,0.056818410754203796,5.426424195320578e-06,0.0,7.866238775022794e-06,0.14719532430171967,0.01885119662279993,0.01885119639337063,0.012897578999400139,0.008515710011124611,0.0037272770423442125,0.0012035185936838388,0.004335515666753054,0.00907551683485508,1.544684648513794,6.625529193712205e-05,nan,nan,nan,0,0
14,151,0.20613227784633636,0.2060265839099884,0.04258419945836067,5.426424195320578e-06,0.0,0.0002113843511324376,0.13546094298362732,0.025588627766282467,0.02558862790465355,0.010974287055432796,0.00926963984966278,0.003534718882292509,0.0012965272180736065,0.005807526409626007,0.02001284807920456,1.544684648513794,6.570136423090253e-05,nan,nan,nan,0,0
14,152,0.24652333557605743,0.24649716913700104,0.060688260942697525,5.426424195320578e-06,0.0,5.233625051914714e-05,0.14276562631130219,0.02665712681927096,0.02665712684392929,0.01440386287868023,0.007515319623053074,0.003126204712316394,0.002041842322796583,0.007779908366501331,0.019292015582323074,1.544684648513794,6.514975586328624e-05,nan,nan,nan,0,0
14,153,0.2919294536113739,0.29187828302383423,0.08878214657306671,5.426424195320578e-06,0.0,0.00010235749505227432,0.13988281786441803,0.13684670995683226,0.13684670627117157,0.05237193405628204,0.053740017116069794,0.010322922840714455,0.008127744309604168,0.02603856660425663,0.11065976321697235,1.544684648513794,6.460046820214265e-05,nan,nan,nan,0,0
14,154,0.23346072435379028,0.2334543764591217,0.054775137454271317,5.426424195320578e-06,0.0,1.2691477422777098e-05,0.1535625159740448,0.2844803842868247,0.28448039293289185,0.11126874387264252,0.1159675121307373,0.023564405739307404,0.01664978638291359,0.05157596617937088,0.22717243432998657,1.544684648513794,6.405350260958694e-05,nan,nan,nan,0,0
14,155,0.1900556981563568,0.19002003967761993,0.036439910531044006,5.426424195320578e-06,0.0,7.13232220732607e-05,0.14155469834804535,0.17721733246557042,0.17721733450889587,0.07128597050905228,0.0730389654636383,0.014942963607609272,0.01008671522140503,0.030655095353722572,0.14044512808322906,1.544684648513794,6.350886044197512e-05,nan,nan,nan,0,0
14,156,0.3118543326854706,0.31185266375541687,0.09738008677959442,5.426424195320578e-06,0.0,3.3135861485789064e-06,0.14817968010902405,0.2110168916615919,0.21101689338684082,0.08036892861127853,0.09079459309577942,0.018624844029545784,0.012327982112765312,0.03845370188355446,0.16687646508216858,1.544684648513794,6.296654304990248e-05,nan,nan,nan,0,0
14,157,0.23145240545272827,0.2314348667860031,0.0532214492559433,5.426424195320578e-06,0.0,3.5068551369477063e-05,0.15592187643051147,0.08143651714954543,0.08143652230501175,0.03252232447266579,0.03656001389026642,0.00788585003465414,0.005032511427998543,0.013941832818090916,0.06289421766996384,1.544684648513794,6.242655177819878e-05,nan,nan,nan,0,0
14,158,0.23154190182685852,0.23145171999931335,0.05318013206124306,5.426424195320578e-06,0.0,0.00018035648099612445,0.16342969238758087,0.2690372604052662,0.26903727650642395,0.10543488711118698,0.11882518976926804,0.02537005953490734,0.01615256257355213,0.0511656180024147,0.2088603377342224,1.544684648513794,6.188888796592616e-05,nan,nan,nan,0,0
14,159,0.41140589118003845,0.4113733768463135,0.17190144956111908,5.426424195320578e-06,0.0,6.50038564344868e-05,0.15806250274181366,0.023908567962454715,0.023908566683530807,0.009835837408900261,0.01094710174947977,0.0029211670625954866,0.0015462052542716265,0.0038329323288053274,0.018149973824620247,1.544684648513794,6.135355294637412e-05,nan,nan,nan,0,0
14,160,0.26645898818969727,0.266416072845459,0.07070519775152206,5.426424195320578e-06,0.0,8.585165051044896e-05,0.14073438942432404,0.1045495754238388,0.10454957187175751,0.0403970368206501,0.04462944716215134,0.008878297172486782,0.006014611106365919,0.019980719313025475,0.08241769671440125,1.544684648513794,6.0820548047058484e-05,nan,nan,nan,0,0
14,161,0.21130870282649994,0.21130728721618652,0.045125044882297516,5.426424195320578e-06,0.0,2.8213542009325465e-06,0.14832031726837158,0.011705213127854998,0.011705213226377964,0.004320716485381126,0.0048291683197021484,0.001105266623198986,0.0007620895630680025,0.0030829962342977524,0.009149606339633465,1.544684648513794,6.0289874589715975e-05,nan,nan,nan,0,0
14,162,0.22674234211444855,0.22672466933727264,0.051278404891490936,5.426424195320578e-06,0.0,3.5346711229067296e-05,0.1559453159570694,0.1049885401292441,0.10498853772878647,0.04097072407603264,0.04551687464118004,0.009819699451327324,0.006316108163446188,0.020040355622768402,0.08206260949373245,1.544684648513794,5.9761533890302166e-05,nan,nan,nan,0,0
14,163,0.20156463980674744,0.20152969658374786,0.04075969383120537,5.426424195320578e-06,0.0,6.987935921642929e-05,0.15835939347743988,0.10002644536402916,0.1000264436006546,0.03877190873026848,0.04112515226006508,0.008524010889232159,0.006029803771525621,0.019350921735167503,0.07954417169094086,1.544684648513794,5.9235527258987716e-05,nan,nan,nan,0,0
14,164,0.2522233724594116,0.252216100692749,0.06269951909780502,5.426424195320578e-06,0.0,1.4535207810695283e-05,0.15381251275539398,0.09656855203154634,0.09656854718923569,0.03629833459854126,0.041398677974939346,0.009564138017594814,0.005678731016814709,0.020754147320985794,0.07576021552085876,1.544684648513794,5.871185600015583e-05,nan,nan,nan,0,0
14,165,0.236093208193779,0.23606951534748077,0.054882556200027466,5.426424195320578e-06,0.0,4.737316339742392e-05,0.15688282251358032,0.09584496065439511,0.09584496170282364,0.03676401451230049,0.03956478834152222,0.008053691126406193,0.005524420645087957,0.017274146899580956,0.07665190100669861,1.544684648513794,5.819052141239804e-05,nan,nan,nan,0,0
14,166,0.2236684262752533,0.22362120449543,0.049511976540088654,5.426424195320578e-06,0.0,9.445402247365564e-05,0.15971875190734863,0.014905409463283191,0.014905409887433052,0.006837129592895508,0.0069256797432899475,0.0018508805660530925,0.0010286408942192793,0.0034106506500393152,0.010551940649747849,1.544684648513794,5.767152478851119e-05,nan,nan,nan,0,0
14,167,0.2154701054096222,0.21540504693984985,0.046112604439258575,5.426424195320578e-06,0.0,0.00013010237307753414,0.1614062488079071,0.1471278182234754,0.14712782204151154,0.05357317253947258,0.05932750552892685,0.012069146148860455,0.008606959134340286,0.03182745352387428,0.11842308193445206,1.544684648513794,5.715486741549514e-05,nan,nan,nan,0,0
14,168,0.29160040616989136,0.2915690243244171,0.08555647730827332,5.426424195320578e-06,0.0,6.275609484873712e-05,0.15792188048362732,0.010133716113494503,0.010133716277778149,0.00657197181135416,0.0046929167583584785,0.003058065427467227,0.0008898127707652748,0.003155090380460024,0.0041689081117510796,1.544684648513794,5.6640550574548524e-05,nan,nan,nan,0,0
14,169,0.28250065445899963,0.28249847888946533,0.08137150853872299,5.426424195320578e-06,0.0,4.351141797087621e-06,0.1479140669107437,0.24207920596967386,0.24207919836044312,0.0937502384185791,0.10174954682588577,0.020809024572372437,0.013851824216544628,0.046725984662771225,0.19144727289676666,1.544684648513794,5.612857554106601e-05,nan,nan,nan,0,0
14,170,0.24681347608566284,0.24670307338237762,0.060904208570718765,5.426424195320578e-06,0.0,0.00022080067719798535,0.1648593693971634,0.019100261260863095,0.019100261852145195,0.005926377605646849,0.006930959410965443,0.001972927711904049,0.001155659556388855,0.0034024387132376432,0.01627437397837639,1.544684648513794,5.5618943584634915e-05,nan,nan,nan,0,0
14,171,0.2358020693063736,0.2358015924692154,0.055285874754190445,5.426424195320578e-06,0.0,9.5367431640625e-07,0.15097656846046448,0.007033507386753363,0.00703350780531764,0.004274847451597452,0.0024511530064046383,0.0010534445755183697,0.0004922615480609238,0.0012497520074248314,0.004719513468444347,1.544684648513794,5.511165596903284e-05,nan,nan,nan,0,0
14,172,0.22471299767494202,0.22470144927501678,0.05076158046722412,5.426424195320578e-06,0.0,2.3085005523171276e-05,0.14519532024860382,0.09498125304321078,0.09498125314712524,0.03624872863292694,0.039900828152894974,0.007912861183285713,0.005724119022488594,0.017283765599131584,0.07563917338848114,1.544684648513794,5.460671395222294e-05,nan,nan,nan,0,0
14,173,0.32000887393951416,0.3199823796749115,0.10261468589305878,5.426424195320578e-06,0.0,5.3016512538306415e-05,0.15728124976158142,0.06421567840286566,0.06421567499637604,0.024883272126317024,0.02837528847157955,0.006260954309254885,0.003929841332137585,0.013092904351651669,0.049731798470020294,1.544684648513794,5.410411878635289e-05,nan,nan,nan,0,0
14,174,0.3020543158054352,0.302009254693985,0.09106393158435822,5.426424195320578e-06,0.0,9.010164649225771e-05,0.15949219465255737,0.22960850815922493,0.22960850596427917,0.08895951509475708,0.09663629531860352,0.01989620178937912,0.013239284045994282,0.042886532843112946,0.1818166822195053,1.544684648513794,5.360387171774979e-05,nan,nan,nan,0,0
14,175,0.2766878604888916,0.2766854166984558,0.07627824693918228,5.426424195320578e-06,0.0,4.8882770897762384e-06,0.14778906106948853,0.07592374151799956,0.07592374086380005,0.02896353416144848,0.02780696377158165,0.005006066989153624,0.004264734219759703,0.013703134842216969,0.06262009590864182,1.544684648513794,5.3105973986918516e-05,nan,nan,nan,0,0
14,176,0.1885489672422409,0.18840113282203674,0.03494569659233093,5.426424195320578e-06,0.0,0.00029567882302217185,0.16719532012939453,0.15919889262964865,0.15919889509677887,0.06020139530301094,0.06683250516653061,0.014555683359503746,0.009202120825648308,0.03203360363841057,0.12621726095676422,1.544684648513794,5.261042682853763e-05,nan,nan,nan,0,0
14,177,0.2712244689464569,0.2711763381958008,0.07389263808727264,5.426424195320578e-06,0.0,9.628494444768876e-05,0.15981249511241913,0.11534812963538059,0.11534813046455383,0.04604780673980713,0.04956807568669319,0.01041486021131277,0.006826296914368868,0.021314099431037903,0.09010237455368042,1.544684648513794,5.211723147145741e-05,nan,nan,nan,0,0
14,178,0.3379672169685364,0.3379616141319275,0.12183066457509995,5.426424195320578e-06,0.0,1.1180637557117734e-05,0.15334375202655792,0.1203655055876673,0.12036550790071487,0.04604107514023781,0.04899372160434723,0.009856997057795525,0.007105445489287376,0.023738836869597435,0.09621075540781021,1.544684648513794,5.162638913869566e-05,nan,nan,nan,0,0
14,179,0.23368258774280548,0.23367607593536377,0.05483916774392128,5.426424195320578e-06,0.0,1.3027582099311985e-05,0.15360938012599945,0.057552626383372406,0.057552628219127655,0.021108478307724,0.023737210780382156,0.005010353866964579,0.0035386825911700726,0.012421561405062675,0.0459495447576046,1.544684648513794,5.113790104743537e-05,nan,nan,nan,0,0
14,180,0.31059810519218445,0.31059032678604126,0.09683173894882202,5.426424195320578e-06,0.0,1.5565556168439798e-05,0.1460546851158142,0.12228124809884817,0.12228124588727951,0.04962536320090294,0.052211612462997437,0.011189070530235767,0.006941861007362604,0.021707715466618538,0.09549536556005478,1.544684648513794,5.0651768409021356e-05,nan,nan,nan,0,0
14,181,0.22005397081375122,0.22001758217811584,0.048918262124061584,5.426424195320578e-06,0.0,7.278210250660777e-05,0.15853124856948853,0.29755780174308255,0.2975578010082245,0.11685406416654587,0.11797556281089783,0.02317042462527752,0.017181620001792908,0.05773305892944336,0.23833245038986206,1.544684648513794,5.016799242895776e-05,nan,nan,nan,0,0
14,182,0.3168204724788666,0.316816121339798,0.10074125975370407,5.426424195320578e-06,0.0,8.720959158381447e-06,0.1529531329870224,0.15229754241225502,0.15229754149913788,0.06202193349599838,0.06504692882299423,0.013757769949734211,0.008615364320576191,0.027305569499731064,0.11877551674842834,1.544684648513794,4.968657430690446e-05,nan,nan,nan,0,0
14,183,0.2722746729850769,0.2722628712654114,0.073627769947052,5.426424195320578e-06,0.0,2.3613360099261627e-05,0.15485936403274536,0.1480339947600436,0.148034006357193,0.0557464137673378,0.061905328184366226,0.012783214449882507,0.00851287879049778,0.028036821633577347,0.11811938136816025,1.544684648513794,4.920751523667443e-05,nan,nan,nan,0,0
14,184,0.302189439535141,0.3021874725818634,0.09083808958530426,5.426424195320578e-06,0.0,3.937735073122894e-06,0.15198437869548798,0.2575204717247473,0.257520467042923,0.09908535331487656,0.10807600617408752,0.0220418032258749,0.014770233072340488,0.05066511034965515,0.20383206009864807,1.544684648513794,4.8730816406230627e-05,nan,nan,nan,0,0
14,185,0.3165571391582489,0.31655165553092957,0.10156566649675369,5.426424195320578e-06,0.0,1.0972645213769283e-05,0.15331250429153442,0.015974895559589402,0.015974896028637886,0.006796377245336771,0.007061648182570934,0.0015336571959778666,0.0008782713557593524,0.003827844513580203,0.011889651417732239,1.544684648513794,4.825647899768311e-05,nan,nan,nan,0,0
14,186,0.30508527159690857,0.3050798773765564,0.09391648322343826,5.426424195320578e-06,0.0,1.0817907423188444e-05,0.1532890647649765,0.08661273446137875,0.08661273121833801,0.032431136816740036,0.03883088007569313,0.008357559330761433,0.005255794618278742,0.0174464862793684,0.06738173216581345,1.544684648513794,4.778450418728638e-05,nan,nan,nan,0,0
14,187,0.1971122771501541,0.1970987766981125,0.03878142312169075,5.426424195320578e-06,0.0,2.6991347112925723e-05,0.15519532561302185,0.019410634441858907,0.01941063441336155,0.012309325858950615,0.00888453982770443,0.0030229080002754927,0.0015719028888270259,0.001802790560759604,0.011465569026768208,1.544684648513794,4.7314893145435934e-05,nan,nan,nan,0,0
14,188,0.20316757261753082,0.20314720273017883,0.04122151434421539,5.426424195320578e-06,0.0,4.07402403652668e-05,0.15638281404972076,0.12429771020686953,0.12429770827293396,0.04980209097266197,0.05275122821331024,0.010690312832593918,0.007096349261701107,0.023317482322454453,0.09735827893018723,1.544684648513794,4.684764703666594e-05,nan,nan,nan,0,0
14,189,0.262563019990921,0.262538343667984,0.06883960962295532,5.426424195320578e-06,0.0,4.9328693421557546e-05,0.15702344477176666,0.21897465907311126,0.21897464990615845,0.08596882969141006,0.09391925483942032,0.019655877724289894,0.012783542275428772,0.04088838770985603,0.1718045473098755,1.544684648513794,4.638276701964536e-05,nan,nan,nan,0,0
14,190,0.2831631302833557,0.28313884139060974,0.07986406236886978,5.426424195320578e-06,0.0,4.856349914916791e-05,0.1430312544107437,0.12542966823466897,0.1254296600818634,0.050763484090566635,0.053905803710222244,0.011718089692294598,0.007464057765901089,0.021961886435747147,0.0978492945432663,1.544684648513794,4.592025424717672e-05,nan,nan,nan,0,0
15,1,0.3667668104171753,0.3667405843734741,0.13551703095436096,5.438370862975717e-06,0.0,5.2449067879933864e-05,0.1427578330039978,0.02387202578192048,0.023872025310993195,0.01539025641977787,0.009875931777060032,0.00464292149990797,0.0018530888482928276,0.005662943236529827,0.013357395306229591,1.544684648513794,4.546010986619158e-05,nan,nan,nan,0,0
15,2,0.29505786299705505,0.29490894079208374,0.08553984761238098,5.426424195320578e-06,0.0,0.00029783250647597015,0.16725783050060272,0.01547396844076066,0.015473968349397182,0.006328019313514233,0.004208001773804426,0.0031214619521051645,0.0011956410016864538,0.005400524474680424,0.011889232322573662,1.544684648513794,4.500233501774862e-05,nan,nan,nan,0,0
15,3,0.19554363191127777,0.1955302506685257,0.039239220321178436,5.426424195320578e-06,0.0,2.6748344680527225e-05,0.15517188608646393,0.04426240613654076,0.04426240548491478,0.018654372543096542,0.020067574456334114,0.004492434207350016,0.0023457075003534555,0.007762795779854059,0.03350406140089035,1.544684648513794,4.454693083703045e-05,nan,nan,nan,0,0
15,4,0.21496188640594482,0.21489128470420837,0.045714639127254486,5.426424195320578e-06,0.0,0.00014120122068561614,0.16188281774520874,0.0739005176316291,0.07390052080154419,0.03445770591497421,0.03598562628030777,0.00838132482022047,0.004804935306310654,0.009862298145890236,0.05280519649386406,1.544684648513794,4.4093898453341496e-05,nan,nan,nan,0,0
15,5,0.3889969289302826,0.3889940083026886,0.15110096335411072,5.426424195320578e-06,0.0,5.8654582062445115e-06,0.15242187678813934,0.2905119209691443,0.2905119061470032,0.10948774218559265,0.1171993613243103,0.02289450913667679,0.016819240525364876,0.057244330644607544,0.23364494740962982,1.544684648513794,4.364323899010367e-05,nan,nan,nan,0,0
15,6,0.2037249356508255,0.20372076332569122,0.04152534902095795,5.426424195320578e-06,0.0,8.355664249393158e-06,0.1528906226158142,0.17120058744714314,0.17120058834552765,0.06328408420085907,0.06765594333410263,0.012577258050441742,0.01006874069571495,0.03311650827527046,0.13918034732341766,1.544684648513794,4.319495356485547e-05,nan,nan,nan,0,0
15,7,0.3563307821750641,0.3563215732574463,0.12726899981498718,5.426424195320578e-06,0.0,1.839604192355182e-05,0.15428906679153442,0.027770843590955215,0.027770843356847763,0.014084267430007458,0.011370808817446232,0.0025963399093598127,0.0014829360879957676,0.00439105648547411,0.02037980407476425,1.544684648513794,4.2749043289247804e-05,nan,nan,nan,0,0
15,8,0.2985633611679077,0.2985631823539734,0.0888744369149208,5.426424195320578e-06,0.0,3.433122799378907e-07,0.15058593451976776,0.010647771173994893,0.010647770948708057,0.0057343547232449055,0.002351695904508233,0.0006777636590413749,0.0005230508395470679,0.0009695976623333991,0.008560880087316036,1.544684648513794,4.2305509269041945e-05,nan,nan,nan,0,0
15,9,0.3820919096469879,0.3820418417453766,0.145490825176239,5.426424195320578e-06,0.0,0.00010015663428930566,0.13999217748641968,0.13558899328757648,0.13558898866176605,0.05569897219538689,0.05868491530418396,0.012905701994895935,0.008040067739784718,0.024989109486341476,0.10479706525802612,1.544684648513794,4.1864352604106474e-05,nan,nan,nan,0,0
15,10,0.2683959901332855,0.2683893144130707,0.07245465368032455,5.426424195320578e-06,0.0,1.3368078725761734e-05,0.14634376764297485,0.019561374969114684,0.019561374559998512,0.007908053696155548,0.006708566099405289,0.002184828044846654,0.0014184585306793451,0.004353776108473539,0.01579127460718155,1.544684648513794,4.142557438841446e-05,nan,nan,nan,0,0
15,11,0.38230738043785095,0.3822976350784302,0.14516165852546692,5.426424195320578e-06,0.0,1.9483984942780808e-05,0.14558593928813934,0.09092346548181508,0.09092346578836441,0.035320740193128586,0.03670874610543251,0.007255192846059799,0.005301189608871937,0.01757998764514923,0.07267870008945465,1.544684648513794,4.098917571004128e-05,nan,nan,nan,0,0
15,12,0.22715935111045837,0.2271081656217575,0.051277369260787964,5.426424195320578e-06,0.0,0.00010235749505227432,0.16011719405651093,0.1481502003587614,0.14815020561218262,0.05596725642681122,0.06113338842988014,0.012292340397834778,0.008620010688900948,0.029894255101680756,0.11815153062343597,1.544684648513794,4.0555157651161156e-05,nan,nan,nan,0,0
15,13,0.21522952616214752,0.21515929698944092,0.04609985277056694,5.426424195320578e-06,0.0,0.00014045991702005267,0.16185158491134644,0.02704604072792173,0.027046041563153267,0.009284565225243568,0.009060475043952465,0.0017629994545131922,0.0014970937045291066,0.0047340490855276585,0.023139409720897675,1.544684648513794,4.01235212880454e-05,nan,nan,nan,0,0
15,14,0.22024109959602356,0.22024109959602356,0.04830039665102959,5.426424195320578e-06,0.0,1.1962786317099017e-08,0.14989063143730164,0.30224855970611886,0.3022485673427582,0.11978703737258911,0.12890669703483582,0.02653121016919613,0.01797206699848175,0.05555487424135208,0.23722368478775024,1.544684648513794,3.9694267691058844e-05,nan,nan,nan,0,0
15,15,0.3127541244029999,0.31273239850997925,0.09827543050050735,5.426424195320578e-06,0.0,4.347752474131994e-05,0.15659375488758087,0.11425745017904025,0.11425744742155075,0.0446145161986351,0.04832623898983002,0.009740442037582397,0.006867716088891029,0.019940195605158806,0.09049437195062637,1.544684648513794,3.926739792465785e-05,nan,nan,nan,0,0
15,16,0.3177131414413452,0.3176979720592499,0.09973444044589996,5.426424195320578e-06,0.0,3.0335992050822824e-05,0.15550781786441803,0.028044632669119815,0.02804463356733322,0.013093865476548672,0.011902347207069397,0.0033173172269016504,0.0018591685220599174,0.002453404711559415,0.021281586959958076,1.544684648513794,3.884291304738691e-05,nan,nan,nan,0,0
15,17,0.285501629114151,0.2854568660259247,0.08262505382299423,5.426424195320578e-06,0.0,8.950940537033603e-05,0.15946094691753387,0.20584261978054028,0.20584261417388916,0.07687661796808243,0.08400081843137741,0.01654578000307083,0.011998255737125874,0.04030738025903702,0.16541652381420135,1.544684648513794,3.842081411187712e-05,nan,nan,nan,0,0
15,18,0.21041208505630493,0.2104095071554184,0.04412733018398285,5.438370862975717e-06,0.0,5.168531060917303e-06,0.14772656559944153,0.07354425228635608,0.07354424893856049,0.02869662269949913,0.029589291661977768,0.006319060921669006,0.004294574726372957,0.014998805709183216,0.05853543058037758,1.544684648513794,3.8001102164842617e-05,nan,nan,nan,0,0
15,19,0.23054158687591553,0.2305363118648529,0.05392960086464882,5.426424195320578e-06,0.0,1.05625185824465e-05,0.15325000882148743,0.11976456427744331,0.11976456642150879,0.04831893742084503,0.050295185297727585,0.010732763446867466,0.007161193061619997,0.02284099906682968,0.09376054257154465,1.544684648513794,3.7583778247078275e-05,nan,nan,nan,0,0
15,20,0.18127202987670898,0.18123236298561096,0.03373859450221062,5.426424195320578e-06,0.0,7.932120206533e-05,0.1589062511920929,0.21309277651061367,0.21309277415275574,0.08348890393972397,0.08974604308605194,0.018756527453660965,0.012483146972954273,0.040779899805784225,0.16796769201755524,1.544684648513794,3.716884339345733e-05,nan,nan,nan,0,0
15,21,0.20176030695438385,0.20161792635917664,0.04036810249090195,5.426424195320578e-06,0.0,0.0002847650903277099,0.13312502205371857,0.1454571472065082,0.14545714855194092,0.057019080966711044,0.06381848454475403,0.014038456603884697,0.008797775022685528,0.025236796587705612,0.11367687582969666,1.544684648513794,3.675629863292879e-05,nan,nan,nan,0,0
15,22,0.23662182688713074,0.23661315441131592,0.05557379126548767,5.426424195320578e-06,0.0,1.7339478290523402e-05,0.14583593606948853,0.15505177976179055,0.15505178272724152,0.058758243918418884,0.0679527148604393,0.01449001394212246,0.00894476193934679,0.030513441190123558,0.12144921720027924,1.544684648513794,3.634614498851412e-05,nan,nan,nan,0,0
15,23,0.25475892424583435,0.25468090176582336,0.06459984928369522,5.426424195320578e-06,0.0,0.00015605456428602338,0.16249218583106995,0.19274649898667032,0.19274650514125824,0.07071100175380707,0.07748903334140778,0.016266437247395515,0.011047035455703735,0.037124473601579666,0.1561465859413147,1.544684648513794,3.593838347730616e-05,nan,nan,nan,0,0
15,24,0.3232998251914978,0.3232716917991638,0.10879206657409668,5.426424195320578e-06,0.0,5.6250115449074656e-05,0.1575000137090683,0.18657567218327867,0.18657566606998444,0.06659360975027084,0.07964836061000824,0.016924751922488213,0.011415448039770126,0.03817535936832428,0.14885494112968445,1.544684648513794,3.5533015110465274e-05,nan,nan,nan,0,0
15,25,0.25515758991241455,0.2551479637622833,0.06553444266319275,5.426424195320578e-06,0.0,1.9277606043033302e-05,0.14560937881469727,0.1557564550193731,0.15575645864009857,0.05992034450173378,0.06734590977430344,0.014299821108579636,0.009558616206049919,0.029327617958188057,0.1223854273557663,1.544684648513794,3.513004089321746e-05,nan,nan,nan,0,0
15,26,0.24732890725135803,0.24731095135211945,0.06051081791520119,5.426424195320578e-06,0.0,3.590633059502579e-05,0.15599219501018524,0.09893982753097215,0.09893982857465744,0.037410490214824677,0.04284999519586563,0.010179434902966022,0.005649144761264324,0.020671173930168152,0.07739891111850739,1.544684648513794,3.472946182485149e-05,nan,nan,nan,0,0
15,27,0.24465325474739075,0.24465319514274597,0.06030318886041641,5.426424195320578e-06,0.0,1.0765529623313341e-07,0.1503281146287918,0.06967102765136479,0.06967102736234665,0.028803355991840363,0.029554370790719986,0.0063583459705114365,0.004029072355479002,0.011705243960022926,0.054380908608436584,1.544684648513794,3.433127889871742e-05,nan,nan,nan,0,0
15,28,0.22561880946159363,0.2256164401769638,0.05060364305973053,5.426424195320578e-06,0.0,4.7510147851426154e-06,0.15217968821525574,0.27695150808904145,0.27695152163505554,0.10529967397451401,0.11617483198642731,0.02447993867099285,0.016070447862148285,0.05232110619544983,0.22027823328971863,1.544684648513794,3.393549310222254e-05,nan,nan,nan,0,0
15,29,0.2718577980995178,0.2718577980995178,0.07401767373085022,5.426424195320578e-06,0.0,3.905683776395108e-09,0.15006250143051147,0.05000290179177074,0.05000290274620056,0.020097047090530396,0.020351313054561615,0.004211257211863995,0.002937200479209423,0.008599288761615753,0.03977327421307564,1.544684648513794,3.354210541683009e-05,nan,nan,nan,0,0
15,30,0.26467666029930115,0.26466959714889526,0.07051084190607071,5.426424195320578e-06,0.0,1.4121095773589332e-05,0.15375781059265137,0.0182153375869348,0.01821533776819706,0.01107887551188469,0.009822716005146503,0.002673487877473235,0.0012548170052468777,0.0026379043702036142,0.009843304753303528,1.544684648513794,3.3151116818056904e-05,nan,nan,nan,0,0
15,31,0.2853189706802368,0.2851754128932953,0.08196912705898285,5.426424195320578e-06,0.0,0.0002871437754947692,0.16694532334804535,0.12550976098616592,0.12550976872444153,0.050293248146772385,0.05043499916791916,0.010558615438640118,0.007286108564585447,0.022405928000807762,0.10006499290466309,1.544684648513794,3.27625282754701e-05,nan,nan,nan,0,0
15,32,0.1729775071144104,0.17292006313800812,0.03159087896347046,5.426424195320578e-06,0.0,0.00011489156167954206,0.1392812579870224,0.09750732173210803,0.09750732034444809,0.038581088185310364,0.04107917845249176,0.009111406281590462,0.005630918778479099,0.017720092087984085,0.0768306702375412,1.544684648513794,3.2376340752685166e-05,nan,nan,nan,0,0
15,33,0.17159560322761536,0.17148739099502563,0.029444847255945206,5.426424195320578e-06,0.0,0.00021641199418809265,0.1352890580892563,0.23588200149332877,0.2358819991350174,0.09469329565763474,0.09890925139188766,0.021540526300668716,0.013466482050716877,0.04224732518196106,0.1856348067522049,1.544684648513794,3.1992555207363904e-05,nan,nan,nan,0,0
15,34,0.2259657382965088,0.22594811022281647,0.05119862034916878,5.426424195320578e-06,0.0,3.525374995660968e-05,0.15593749284744263,0.054952685962134595,0.05495268478989601,0.026522578671574593,0.022174902260303497,0.005112331826239824,0.0032695699483156204,0.0057661146856844425,0.041887350380420685,1.544684648513794,3.1611172591211714e-05,nan,nan,nan,0,0
15,35,0.3633183538913727,0.36329877376556396,0.13337759673595428,5.426424195320578e-06,0.0,3.916008790838532e-05,0.15625780820846558,0.08983718502776117,0.08983718603849411,0.03565685451030731,0.03768004849553108,0.0079627251252532,0.005141480825841427,0.015611338429152966,0.0710349828004837,1.544684648513794,3.1232193849974736e-05,nan,nan,nan,0,0
15,36,0.17154015600681305,0.1714683473110199,0.02914450131356716,5.426424195320578e-06,0.0,0.00014362532238010317,0.161984384059906,0.07522750523690411,0.07522750645875931,0.027893416583538055,0.030517088249325752,0.00683363014832139,0.004457460716366768,0.016399236395955086,0.0601193793118,1.544684648513794,3.0855619923438635e-05,nan,nan,nan,0,0
15,37,0.29865509271621704,0.298641562461853,0.08928581327199936,5.426424195320578e-06,0.0,2.7072384909843095e-05,0.14479689300060272,0.14576136195294762,0.1457613706588745,0.05742640420794487,0.06240816041827202,0.013181716203689575,0.008589981123805046,0.026489874348044395,0.11447508633136749,1.544684648513794,3.0481451745425364e-05,nan,nan,nan,0,0
15,38,0.1991354525089264,0.1990889012813568,0.03928811475634575,5.426424195320578e-06,0.0,9.309215238317847e-05,0.15964843332767487,0.19031607444734783,0.1903160661458969,0.07261752337217331,0.0817413479089737,0.017879880964756012,0.011256836354732513,0.03751155734062195,0.14970548450946808,1.544684648513794,3.010969024379141e-05,nan,nan,nan,0,0
15,39,0.1774226576089859,0.17742113769054413,0.03197786211967468,5.426424195320578e-06,0.0,3.035205736523494e-06,0.14825782179832458,0.23153760618773137,0.2315376102924347,0.09186121821403503,0.0982387587428093,0.020763257518410683,0.013218644075095654,0.04258963465690613,0.18193571269512177,1.544684648513794,2.974033634042457e-05,nan,nan,nan,0,0
15,40,0.32196807861328125,0.3219626843929291,0.10406000912189484,5.426424195320578e-06,0.0,1.0818005648616236e-05,0.14671093225479126,0.03990469480141122,0.03990469500422478,0.015177269466221333,0.017643997445702553,0.003974611405283213,0.0025557551998645067,0.007350350264459848,0.03121485933661461,1.544684648513794,2.937339095124306e-05,nan,nan,nan,0,0
15,41,0.2886810004711151,0.2886120676994324,0.08316431939601898,5.426424195320578e-06,0.0,0.00013787901843897998,0.1617421954870224,0.11317315511323314,0.11317315697669983,0.04484521597623825,0.04717473313212395,0.009992710314691067,0.006501880008727312,0.02179432101547718,0.08918796479701996,1.544684648513794,2.9008854986192194e-05,nan,nan,nan,0,0
15,42,0.19463157653808594,0.19458600878715515,0.03770953416824341,5.426424195320578e-06,0.0,9.114255954045802e-05,0.1595468670129776,0.21092304384233662,0.21092304587364197,0.08254502713680267,0.08748176693916321,0.017970623448491096,0.012119091115891933,0.04141538217663765,0.1668434590101242,1.544684648513794,2.8646729349242266e-05,nan,nan,nan,0,0
15,43,0.2723599672317505,0.272344708442688,0.07310456782579422,5.426424195320578e-06,0.0,3.0508424970321357e-05,0.15552344918251038,0.12801480466814955,0.12801480293273926,0.04935310035943985,0.053427912294864655,0.011232126504182816,0.007135656196624041,0.02420668490231037,0.10165863484144211,1.544684648513794,2.8287014938386576e-05,nan,nan,nan,0,0
15,44,0.3166525959968567,0.31654849648475647,0.09885964542627335,5.426424195320578e-06,0.0,0.00020821548241656274,0.1644296795129776,0.007235414207090319,0.007235413882881403,0.0035544519778341055,0.0028566366527229548,0.0023031854070723057,0.0005604785983450711,0.0021317258942872286,0.004625328350812197,1.544684648513794,2.792971264563951e-05,nan,nan,nan,0,0
15,45,0.17452652752399445,0.17452631890773773,0.030568942427635193,5.426424195320578e-06,0.0,4.1038862264031195e-07,0.15064062178134918,0.05576889795378865,0.05576889589428902,0.022345861420035362,0.02329450100660324,0.005062166601419449,0.0032081003300845623,0.009070352651178837,0.04415891692042351,1.544684648513794,2.7574823357033364e-05,nan,nan,nan,0,0
15,46,0.28193992376327515,0.2819220721721649,0.0800623968243599,5.426424195320578e-06,0.0,3.5719243896892294e-05,0.1559765636920929,0.19171108540585755,0.19171108305454254,0.07225026190280914,0.0812164917588234,0.016940858215093613,0.0112276840955019,0.036980897188186646,0.15217188000679016,1.544684648513794,2.7222347952616865e-05,nan,nan,nan,0,0
15,47,0.21741823852062225,0.21730701625347137,0.04681135341525078,5.426424195320578e-06,0.0,0.00022242979321163148,0.1649140864610672,0.2669616950846492,0.2669616937637329,0.1004284918308258,0.11031920462846756,0.02366868034005165,0.015595526434481144,0.053715046495199203,0.21289341151714325,1.544684648513794,2.6872287306452862e-05,nan,nan,nan,0,0
15,48,0.19973063468933105,0.19970005750656128,0.040162596851587296,5.426424195320578e-06,0.0,6.11574505455792e-05,0.1421796828508377,0.219725070571373,0.21972507238388062,0.08650544285774231,0.09554965794086456,0.020532427355647087,0.013099642470479012,0.0393623448908329,0.17182433605194092,1.544684648513794,2.6524642286616442e-05,nan,nan,nan,0,0
15,49,0.21485400199890137,0.21484559774398804,0.046621255576610565,5.426424195320578e-06,0.0,1.6822912584757432e-05,0.14589843153953552,0.08158221223137593,0.081582210958004,0.03156218305230141,0.03110297955572605,0.006405218504369259,0.004664442036300898,0.015218653716146946,0.06631515175104141,1.544684648513794,2.617941375519182e-05,nan,nan,nan,0,0
15,50,0.2956421375274658,0.2955733835697174,0.08688274025917053,5.426424195320578e-06,0.0,0.00013751251390203834,0.1382734328508377,0.07196872291380657,0.07196871936321259,0.029135702177882195,0.029389042407274246,0.006312425248324871,0.004284913185983896,0.011996465735137463,0.05713816359639168,1.544684648513794,2.5836602568271326e-05,nan,nan,nan,0,0
15,51,0.33341339230537415,0.33339205384254456,0.11014676839113235,5.426424195320578e-06,0.0,4.265727329766378e-05,0.15653125941753387,0.09286752472328545,0.09286753088235855,0.03512771055102348,0.03548337146639824,0.006823668722063303,0.005278980825096369,0.019480202347040176,0.07534880936145782,1.544684648513794,2.5496209575952886e-05,nan,nan,nan,0,0
15,52,0.21675069630146027,0.2167346179485321,0.0469389446079731,5.426424195320578e-06,0.0,3.217015182599425e-05,0.1556718796491623,0.17132032557194102,0.17132031917572021,0.06816212832927704,0.07240572571754456,0.015331109054386616,0.010172680020332336,0.030278556048870087,0.13493210077285767,1.544684648513794,2.515823562233711e-05,nan,nan,nan,0,0
15,53,0.30227044224739075,0.30226919054985046,0.09081237763166428,5.426424195320578e-06,0.0,2.515175765438471e-06,0.14841407537460327,0.07013069865124598,0.07013069838285446,0.027264337986707687,0.02967732772231102,0.006142427213490009,0.004286452196538448,0.013319035992026329,0.05532383918762207,1.544684648513794,2.4822681545526864e-05,nan,nan,nan,0,0
15,54,0.3152645528316498,0.31526440382003784,0.09830713272094727,5.426424195320578e-06,0.0,3.25272935697285e-07,0.1505703330039978,0.26938576559266103,0.26938575506210327,0.10466307401657104,0.11559237539768219,0.024905133992433548,0.015709469094872475,0.05168746039271355,0.2114570587873459,1.544684648513794,2.4489548177623596e-05,nan,nan,nan,0,0
15,55,0.3237414062023163,0.3237264156341553,0.1051948294043541,5.426424195320578e-06,0.0,2.9992754207341932e-05,0.15547657012939453,0.11226967874802064,0.11226967722177505,0.04343041032552719,0.04729778319597244,0.010075435973703861,0.006510589271783829,0.019983049482107162,0.08909531682729721,1.544684648513794,2.4158836344726023e-05,nan,nan,nan,0,0
15,56,0.24088001251220703,0.24087554216384888,0.057248376309871674,5.426424195320578e-06,0.0,8.953158612712286e-06,0.15299218893051147,0.16925208635766684,0.16925208270549774,0.06609154492616653,0.06748363375663757,0.013789379969239235,0.009620411321520805,0.03160244598984718,0.1358039826154709,1.544684648513794,2.383054686692812e-05,nan,nan,nan,0,0
15,57,0.4024796783924103,0.40245699882507324,0.16293483972549438,5.426424195320578e-06,0.0,4.5351756853051484e-05,0.1567343771457672,0.15280105422901674,0.152801051735878,0.05805324390530586,0.06262095272541046,0.01299688033759594,0.00872677844017744,0.028576970100402832,0.12245358526706696,1.544684648513794,2.350468055831702e-05,nan,nan,nan,0,0
15,58,0.4082711338996887,0.4082334637641907,0.16321541368961334,5.426424195320578e-06,0.0,7.533698226325214e-05,0.14132031798362732,0.17215102902869697,0.17215102910995483,0.06844760477542877,0.07206431031227112,0.015160766430199146,0.00994809903204441,0.030426181852817535,0.13602599501609802,1.544684648513794,2.318123822697069e-05,nan,nan,nan,0,0
15,59,0.15732286870479584,0.1573193222284317,0.026940904557704926,5.426424195320578e-06,0.0,7.097291927493643e-06,0.15266408026218414,0.14368253985528975,0.1436825394630432,0.05494265630841255,0.05945578217506409,0.012318571098148823,0.008732392452657223,0.027050727978348732,0.11459163576364517,1.544684648513794,2.286022067495624e-05,nan,nan,nan,0,0
15,60,0.219439297914505,0.21942824125289917,0.04775288701057434,5.426424195320578e-06,0.0,2.2119471395853907e-05,0.1452968716621399,0.0770902144267695,0.07709021121263504,0.030170872807502747,0.032633669674396515,0.007001395802944899,0.004541004542261362,0.01479631382972002,0.06065551936626434,1.544684648513794,2.2541628698327634e-05,nan,nan,nan,0,0
15,61,0.23205506801605225,0.23204779624938965,0.05349212512373924,5.426424195320578e-06,0.0,1.4535094123857561e-05,0.14618751406669617,0.2699234541746207,0.26992344856262207,0.10790657997131348,0.11254020035266876,0.02410716563463211,0.015707677230238914,0.04798327013850212,0.21311795711517334,1.544684648513794,2.2225463087124662e-05,nan,nan,nan,0,0
15,62,0.3064816892147064,0.30647584795951843,0.09347696602344513,5.426424195320578e-06,0.0,1.1709112186508719e-05,0.15342186391353607,0.14520689507737922,0.14520689845085144,0.054588496685028076,0.06135027855634689,0.012755818665027618,0.008463377133011818,0.028944170102477074,0.11519191414117813,1.544684648513794,2.1911724625369407e-05,nan,nan,nan,0,0
15,63,0.28839272260665894,0.28835874795913696,0.0825481191277504,5.426424195320578e-06,0.0,6.793344800826162e-05,0.15824218094348907,0.15498816818764552,0.15498816967010498,0.05566207692027092,0.06153669208288193,0.01221056841313839,0.009108636528253555,0.03485928475856781,0.1252560019493103,1.544684648513794,2.1600414091065456e-05,nan,nan,nan,0,0
15,64,0.2557810842990875,0.25566598773002625,0.06552974879741669,5.426424195320578e-06,0.0,0.0002301861095475033,0.16517189145088196,0.137415658683448,0.13741566240787506,0.05458863452076912,0.05779235437512398,0.012187793850898743,0.007963720709085464,0.02792457863688469,0.10757064074277878,1.544684648513794,2.1291532256195915e-05,nan,nan,nan,0,0
15,65,0.28757214546203613,0.28755420446395874,0.08235158771276474,5.426424195320578e-06,0.0,3.590633059502579e-05,0.15599219501018524,0.10948074980122786,0.10948075354099274,0.04159633442759514,0.044753216207027435,0.009332657791674137,0.006276985630393028,0.020499052479863167,0.08778507262468338,1.544684648513794,2.0985079886720845e-05,nan,nan,nan,0,0
15,66,0.24501612782478333,0.24501338601112366,0.05981979891657829,5.426424195320578e-06,0.0,5.4931360864429735e-06,0.14765626192092896,0.006198647426754495,0.006198647432029247,0.002793659921735525,0.001942150411196053,0.0010279215639457107,0.00041950540617108345,0.0014595761895179749,0.004846006166189909,1.544684648513794,2.0681057742576058e-05,nan,nan,nan,0,0
15,67,0.23673123121261597,0.236730694770813,0.055357299745082855,5.426424195320578e-06,0.0,1.0634760201355675e-06,0.14896875619888306,0.11585102282275142,0.1158510223031044,0.04683757573366165,0.04874073714017868,0.010298440232872963,0.006866677198559046,0.020488198846578598,0.0909893736243248,1.544684648513794,2.0379466577670555e-05,nan,nan,nan,0,0
15,68,0.23666107654571533,0.2366565763950348,0.05585135892033577,5.426424195320578e-06,0.0,8.999946658150293e-06,0.15299999713897705,0.05593774424812767,0.0559377446770668,0.024312235414981842,0.026580171659588814,0.0062607950530946255,0.003183207008987665,0.00945750530809164,0.04114202409982681,1.544684648513794,2.0080307139885757e-05,nan,nan,nan,0,0
15,69,0.388384610414505,0.38837793469429016,0.14896711707115173,5.426424195320578e-06,0.0,1.3368187865125947e-05,0.1536562591791153,0.10746969223431213,0.10746968537569046,0.04332904517650604,0.04647812992334366,0.009946400299668312,0.006190596614032984,0.019199054688215256,0.08370336890220642,1.544684648513794,1.978358017107194e-05,nan,nan,nan,0,0
15,70,0.2366146594285965,0.23655085265636444,0.05632255598902702,5.426424195320578e-06,0.0,0.00012761889956891537,0.16129685938358307,0.1022785164750317,0.10227851569652557,0.040573056787252426,0.045306429266929626,0.009819094091653824,0.006067744921892881,0.018950721248984337,0.07918135821819305,1.544684648513794,1.948928640704826e-05,nan,nan,nan,0,0
15,71,0.2830866277217865,0.28307488560676575,0.07960650324821472,5.426424195320578e-06,0.0,2.3461832824978046e-05,0.1548437476158142,0.02830255579365724,0.02830255590379238,0.009854670614004135,0.013274680823087692,0.003066335804760456,0.0018114391714334488,0.0036532615777105093,0.022398056462407112,1.544684648513794,1.9197426577599513e-05,nan,nan,nan,0,0
15,72,0.24399352073669434,0.24383944272994995,0.06030385568737984,5.426424195320578e-06,0.0,0.0003081664617639035,0.16755467653274536,0.16370053699838463,0.16370053589344025,0.0634104385972023,0.06658687442541122,0.014040800742805004,0.009525898844003677,0.03186102956533432,0.1305379569530487,1.544684648513794,1.890800140647515e-05,nan,nan,nan,0,0
15,73,0.2393495887517929,0.23934005200862885,0.05725090578198433,5.426424195320578e-06,0.0,1.907232763187494e-05,0.1456328183412552,0.09511187959584705,0.09511187672615051,0.03680766746401787,0.0379926972091198,0.007940605282783508,0.0052609252743422985,0.018183069303631783,0.07633259892463684,1.544684648513794,1.8621011611386837e-05,nan,nan,nan,0,0
15,74,0.2415773570537567,0.24155090749263763,0.05792253836989403,5.426424195320578e-06,0.0,5.290286571835168e-05,0.15727344155311584,0.01334179538104198,0.013341794721782207,0.008653595112264156,0.004745244514197111,0.0021932083182036877,0.0007019967888481915,0.002739569405093789,0.008233665488660336,1.544684648513794,1.833645790400767e-05,nan,nan,nan,0,0
15,75,0.26825666427612305,0.2681920528411865,0.07194484770298004,5.426424195320578e-06,0.0,0.0001292129309149459,0.16136719286441803,0.1438096584156109,0.14380966126918793,0.05730925127863884,0.05712634325027466,0.011736508458852768,0.008601799607276917,0.02628679946064949,0.11502484977245331,1.544684648513794,1.8054340989968965e-05,nan,nan,nan,0,0
15,76,0.21805007755756378,0.2180286943912506,0.04780371114611626,5.426424195320578e-06,0.0,4.27595223300159e-05,0.15653908252716064,0.14508997605437163,0.1450899839401245,0.05594314634799957,0.0612616203725338,0.012669717893004417,0.008544489741325378,0.026906045153737068,0.11493917554616928,1.544684648513794,1.777466156886004e-05,nan,nan,nan,0,0
15,77,0.22057859599590302,0.2205691933631897,0.048626843839883804,5.426424195320578e-06,0.0,1.8800245015881956e-05,0.15433593094348907,0.08319981803366185,0.08319981396198273,0.03506333753466606,0.02851506695151329,0.005177665967494249,0.004703052807599306,0.017013974487781525,0.0673888772726059,1.544684648513794,1.749742033422532e-05,nan,nan,nan,0,0
15,78,0.23666499555110931,0.2366550862789154,0.055467233061790466,5.426424195320578e-06,0.0,1.98303005163325e-05,0.14554688334465027,0.08787088780569373,0.08787088841199875,0.03243168070912361,0.03747374191880226,0.007758437190204859,0.005368771497160196,0.015811316668987274,0.07018677145242691,1.544684648513794,1.7222617973563352e-05,nan,nan,nan,0,0
15,79,0.23885615170001984,0.23885612189769745,0.0570497065782547,5.426424195320578e-06,0.0,6.249839401561985e-08,0.1497500091791153,0.055430904451774815,0.055430904030799866,0.02123248390853405,0.023746075108647346,0.005101789720356464,0.0036509744822978973,0.010182282887399197,0.043759044259786606,1.544684648513794,1.695025516832424e-05,nan,nan,nan,0,0
15,80,0.30491307377815247,0.3048795461654663,0.09340310841798782,5.426424195320578e-06,0.0,6.703520193696022e-05,0.15818750858306885,0.01539923401472742,0.015399234369397163,0.010172122158110142,0.006261127069592476,0.0017147546168416739,0.0015142994234338403,0.0033524781465530396,0.008831196464598179,1.544684648513794,1.6680332593909326e-05,nan,nan,nan,0,0
15,81,0.22277021408081055,0.22275859117507935,0.04964011162519455,5.426424195320578e-06,0.0,2.3235312255565077e-05,0.1548203080892563,0.05599644068852988,0.05599644035100937,0.020944854244589806,0.023171931505203247,0.005493582226336002,0.003407304175198078,0.013189760036766529,0.04409327730536461,1.544684648513794,1.641285091966818e-05,nan,nan,nan,0,0
15,82,0.20412574708461761,0.20412564277648926,0.04273286461830139,5.426424195320578e-06,0.0,2.0531275879420718e-07,0.14954689145088196,0.008741133931187086,0.008741133846342564,0.004459525924175978,0.002966485219076276,0.0008331720600835979,0.0004795371787622571,0.0014597137924283743,0.006683196872472763,1.544684648513794,1.6147810808897402e-05,nan,nan,nan,0,0
15,83,0.19981791079044342,0.19969065487384796,0.03958570584654808,5.426424195320578e-06,0.0,0.00025450263638049364,0.1659531444311142,0.07839113292470694,0.07839113473892212,0.02745344489812851,0.03059125691652298,0.006505156401544809,0.004644414409995079,0.015464303083717823,0.06444083154201508,1.544684648513794,1.5885212918839485e-05,nan,nan,nan,0,0
15,84,0.27146148681640625,0.27145254611968994,0.07305426895618439,5.426424195320578e-06,0.0,1.78638547367882e-05,0.15422657132148743,0.09556579392716,0.0955657958984375,0.03537457063794136,0.03759489208459854,0.0074343010783195496,0.0054519823752343655,0.020706502720713615,0.07716432213783264,1.544684648513794,1.5625057900680402e-05,nan,nan,nan,0,0
15,85,0.31406283378601074,0.3140556812286377,0.09980175644159317,5.426424195320578e-06,0.0,1.4297806956165005e-05,0.14621876180171967,0.04183203722385309,0.04183203727006912,0.014983742497861385,0.018495645374059677,0.003835017327219248,0.0024686073884367943,0.007855352945625782,0.033178456127643585,1.544684648513794,1.5367346399548257e-05,nan,nan,nan,0,0
15,86,0.3445053696632385,0.3445035219192505,0.1176934689283371,5.426424195320578e-06,0.0,3.7236859498079866e-06,0.15192969143390656,0.0898545739687184,0.08985456824302673,0.03504412993788719,0.037007886916399,0.00780014181509614,0.005192633718252182,0.01686669886112213,0.07144143432378769,1.544684648513794,1.5112079054511959e-05,nan,nan,nan,0,0
15,87,0.2581738233566284,0.25816023349761963,0.06551054865121841,5.426424195320578e-06,0.0,2.715385562623851e-05,0.155210942029953,0.2832927292803682,0.2832927405834198,0.11146005988121033,0.11737999320030212,0.024853728711605072,0.01602722331881523,0.05343036353588104,0.22433006763458252,1.544684648513794,1.4859256498579563e-05,nan,nan,nan,0,0
15,88,0.23315724730491638,0.23312243819236755,0.054068271070718765,5.426424195320578e-06,0.0,6.961802137084305e-05,0.15834374725818634,0.2846611876625484,0.284661203622818,0.10506193339824677,0.11411772668361664,0.02259034477174282,0.01690896786749363,0.05494474619626999,0.23055577278137207,1.544684648513794,1.4608879358696269e-05,nan,nan,nan,0,0
15,89,0.2954845726490021,0.29548394680023193,0.0870412290096283,5.426424195320578e-06,0.0,1.2306832104513887e-06,0.15110936760902405,0.0597701427002691,0.059770144522190094,0.023596923798322678,0.025789953768253326,0.005704639479517937,0.0035703531466424465,0.009764814749360085,0.047009482979774475,1.544684648513794,1.4360948255743309e-05,nan,nan,nan,0,0
15,90,0.2511354088783264,0.25109484791755676,0.06282611191272736,5.426424195320578e-06,0.0,8.114094089251012e-05,0.1409921795129776,0.0662715553173224,0.06627155095338821,0.025748975574970245,0.027639808133244514,0.005794412922114134,0.0038262703455984592,0.013053285889327526,0.052405595779418945,1.544684648513794,1.4115463804536182e-05,nan,nan,nan,0,0
15,91,0.24336573481559753,0.24336573481559753,0.05927927419543266,5.426424195320578e-06,0.0,2.438724777675816e-10,0.15001562237739563,0.02404104978547535,0.024041051045060158,0.013465609401464462,0.015142029151320457,0.004097030032426119,0.0011579543352127075,0.004882632754743099,0.011198293417692184,1.544684648513794,1.387242661382365e-05,nan,nan,nan,0,0
15,92,0.21253427863121033,0.2125317007303238,0.04568750411272049,5.426424195320578e-06,0.0,5.168463303562021e-06,0.15227343142032623,0.1496765715255233,0.14967657625675201,0.056853096932172775,0.06300784647464752,0.01358237024396658,0.008735419251024723,0.02839764952659607,0.11888480931520462,1.544684648513794,1.3631837286284966e-05,nan,nan,nan,0,0
15,93,0.2905036211013794,0.2905013859272003,0.08335071802139282,5.426424195320578e-06,0.0,4.482480107981246e-06,0.14788281917572021,0.09184794193993447,0.09184794127941132,0.03620601072907448,0.037153296172618866,0.007736205123364925,0.005166166927665472,0.018191605806350708,0.07298855483531952,1.544684648513794,1.3393696418529983e-05,nan,nan,nan,0,0
15,94,0.27366554737091064,0.27363812923431396,0.0741528868675232,5.426424195320578e-06,0.0,5.4852534958627075e-05,0.1574062556028366,0.17372619231482622,0.17372620105743408,0.06267375499010086,0.07035013288259506,0.014043718576431274,0.010129961185157299,0.03745231777429581,0.14000403881072998,1.544684648513794,1.3158004601096607e-05,nan,nan,nan,0,0
15,95,0.33382537961006165,0.33381766080856323,0.11220691353082657,5.426424195320578e-06,0.0,1.544245969853364e-05,0.1539296954870224,0.1562252095039342,0.15622520446777344,0.056728608906269073,0.06209908798336983,0.012628987431526184,0.009253257885575294,0.03015311434864998,0.12719103693962097,1.544684648513794,1.2924762418449573e-05,nan,nan,nan,0,0
15,96,0.40077993273735046,0.4006604254245758,0.16127239167690277,5.426424195320578e-06,0.0,0.00023904014960862696,0.16546092927455902,0.0582174605147609,0.05821745842695236,0.02437235787510872,0.027300799265503883,0.006283737253397703,0.0034384361933916807,0.011757646687328815,0.04313208535313606,1.544684648513794,1.2693970448979121e-05,nan,nan,nan,0,0
15,97,0.29558682441711426,0.29558658599853516,0.08611541986465454,5.426424195320578e-06,0.0,4.834670903619553e-07,0.1506953239440918,0.2730167077682213,0.27301669120788574,0.1026417687535286,0.11202605813741684,0.02311856672167778,0.01567094586789608,0.05258854106068611,0.21887747943401337,1.544684648513794,1.2465629264999656e-05,nan,nan,nan,0,0
15,98,0.35925230383872986,0.35922300815582275,0.13005197048187256,5.426424195320578e-06,0.0,5.8618108596419916e-05,0.14234375953674316,0.10337539952425023,0.1033753976225853,0.04143625125288963,0.043785348534584045,0.009734177961945534,0.006068061571568251,0.018593931570649147,0.0810866430401802,1.544684648513794,1.2239739432747756e-05,nan,nan,nan,0,0
15,99,0.2156945765018463,0.21563492715358734,0.04807659983634949,5.426424195320578e-06,0.0,0.00011928714957321063,0.1609218716621399,0.14414353953074674,0.14414353668689728,0.056455790996551514,0.059947822242975235,0.012602071277797222,0.008243378251791,0.02610902488231659,0.11440242826938629,1.544684648513794,1.2016301512381505e-05,nan,nan,nan,0,0
15,100,0.25148525834083557,0.25147733092308044,0.06342384964227676,5.426424195320578e-06,0.0,1.5875139069976285e-05,0.15398436784744263,0.03859314094060942,0.03859313949942589,0.019086061045527458,0.017537454143166542,0.004860575310885906,0.002635260811075568,0.004696636460721493,0.027657952159643173,1.544684648513794,1.1795316057978615e-05,nan,nan,nan,0,0
15,101,0.2951922118663788,0.29515641927719116,0.08767356723546982,5.426424195320578e-06,0.0,7.158723747124895e-05,0.1415390819311142,0.07134781016876926,0.07134781032800674,0.030164329335093498,0.030076662078499794,0.007426121737807989,0.004237893037497997,0.012778354808688164,0.05513278767466545,1.544684648513794,1.1576783617535414e-05,nan,nan,nan,0,0
15,102,0.2508183419704437,0.2507772147655487,0.06397619098424911,5.426424195320578e-06,0.0,8.227046782849357e-05,0.15907031297683716,0.012524093966833301,0.012524093501269817,0.006227697245776653,0.004842616617679596,0.0032784913200885057,0.001234015915542841,0.003955289721488953,0.008167139254510403,1.544684648513794,1.1360704732965192e-05,nan,nan,nan,0,0
15,103,0.23443523049354553,0.23432953655719757,0.054507412016391754,5.426424195320578e-06,0.0,0.0002113843511324376,0.16453906893730164,0.04543871926100314,0.04543871805071831,0.018268713727593422,0.01723761484026909,0.003966129384934902,0.002573729958385229,0.00898965634405613,0.036477770656347275,1.544684648513794,1.1147079940096653e-05,nan,nan,nan,0,0
15,104,0.2122996300458908,0.2122316062450409,0.044607967138290405,5.426424195320578e-06,0.0,0.0001360503665637225,0.16166406869888306,0.04671145114634473,0.04671144858002663,0.017692966386675835,0.020942969247698784,0.0055610970593988895,0.0025974807795137167,0.00863785669207573,0.036304619163274765,1.544684648513794,1.0935909768673453e-05,nan,nan,nan,0,0
15,105,0.2652260959148407,0.2652047276496887,0.06947639584541321,5.426424195320578e-06,0.0,4.2759325879160315e-05,0.1434609442949295,0.17712220614455051,0.17712220549583435,0.07223798334598541,0.07571463286876678,0.016467977315187454,0.010234490036964417,0.03235381841659546,0.13783517479896545,1.544684648513794,1.072719474235178e-05,nan,nan,nan,0,0
15,106,0.23318904638290405,0.23318888247013092,0.05376948416233063,5.426424195320578e-06,0.0,3.2523894333280623e-07,0.14942970871925354,0.17467990681944265,0.17467990517616272,0.07049456238746643,0.07266390323638916,0.015523931942880154,0.01020862814038992,0.029691793024539948,0.13797366619110107,1.544684648513794,1.0520935378699901e-05,nan,nan,nan,0,0
15,107,0.4322769343852997,0.43224310874938965,0.18991036713123322,5.426424195320578e-06,0.0,6.76760173519142e-05,0.15822654962539673,0.006583361757163983,0.006583361886441708,0.0029734461568295956,0.0022189372684806585,0.0021274308674037457,0.0005617935676127672,0.002116635674610734,0.0045004296116530895,1.544684648513794,1.0317132189196493e-05,nan,nan,nan,0,0
15,108,0.23702503740787506,0.2370222508907318,0.05568961054086685,5.426424195320578e-06,0.0,5.566651907429332e-06,0.15235938131809235,0.08827869547321834,0.08827869594097137,0.03426441550254822,0.03828223794698715,0.008268163539469242,0.00510663166642189,0.016612296923995018,0.06916024535894394,1.544684648513794,1.011578567922955e-05,nan,nan,nan,0,0
15,109,0.47093871235847473,0.4709165096282959,0.2296098917722702,5.426424195320578e-06,0.0,4.440979682840407e-05,0.15666407346725464,0.1346988249638776,0.13469882309436798,0.050828151404857635,0.05611610412597656,0.012066823430359364,0.007839687168598175,0.027209727093577385,0.1070692166686058,1.544684648513794,9.916896348094699e-06,nan,nan,nan,0,0
15,110,0.38501185178756714,0.3849846124649048,0.14804933965206146,5.426424195320578e-06,0.0,5.450610478874296e-05,0.14261718094348907,0.2719484127537433,0.2719483971595764,0.10467914491891861,0.11542980372905731,0.02437693625688553,0.016492098569869995,0.04847376421093941,0.2155417501926422,1.544684648513794,9.720464688994662e-06,nan,nan,nan,0,0
15,111,0.21668803691864014,0.21668741106987,0.04683402180671692,5.426424195320578e-06,0.0,1.2656427088586497e-06,0.14887499809265137,0.07170176806396045,0.0717017725110054,0.03398813307285309,0.028640085831284523,0.006773936562240124,0.004120361991226673,0.010474877431988716,0.05470931529998779,1.544684648513794,9.526491189037587e-06,nan,nan,nan,0,0
15,112,0.31486979126930237,0.3148457705974579,0.1000329777598381,5.426424195320578e-06,0.0,4.8020476242527366e-05,0.15692968666553497,0.06672116384111682,0.06672116369009018,0.025696951895952225,0.02543560601770878,0.005072189960628748,0.00379309244453907,0.01388467475771904,0.05395842343568802,1.544684648513794,9.334976329235712e-06,nan,nan,nan,0,0
15,113,0.3132549822330475,0.3131430745124817,0.09694044291973114,5.426424195320578e-06,0.0,0.00022382942552212626,0.16496093571186066,0.18063120201456176,0.18063120543956757,0.06593659520149231,0.07013202458620071,0.013918226584792137,0.010497801937162876,0.03590128570795059,0.1475421041250229,1.544684648513794,9.145920584504484e-06,nan,nan,nan,0,0
15,114,0.2492448091506958,0.24917596578598022,0.061409153044223785,5.426424195320578e-06,0.0,0.00013769535871688277,0.16173437237739563,0.07138622564856888,0.07138622552156448,0.024639960378408432,0.029325008392333984,0.006045479327440262,0.00424728961661458,0.013620360754430294,0.05821346864104271,1.544684648513794,8.959324423661558e-06,nan,nan,nan,0,0
15,115,0.47160568833351135,0.47159725427627563,0.22109796106815338,5.426424195320578e-06,0.0,1.6886902812984772e-05,0.15410937368869781,0.02354212192002405,0.023542122915387154,0.009831900708377361,0.010140128433704376,0.0022975776810199022,0.0013942393707111478,0.003550037508830428,0.018300751224160194,1.544684648513794,8.775188309425026e-06,nan,nan,nan,0,0
15,116,0.2590949535369873,0.2590915560722351,0.06762412935495377,5.426424195320578e-06,0.0,6.8088229454588145e-06,0.15260937809944153,0.08185973520011286,0.08185973763465881,0.028566164895892143,0.034649934619665146,0.007336467504501343,0.004954841453582048,0.018592173233628273,0.06527119874954224,1.544684648513794,8.593512698412524e-06,nan,nan,nan,0,0
15,117,0.30175670981407166,0.30173397064208984,0.09167633950710297,5.426424195320578e-06,0.0,4.5457185478881e-05,0.14325781166553497,0.22373299728697654,0.22373300790786743,0.08515968918800354,0.09437820315361023,0.01978578232228756,0.013187545351684093,0.04111846536397934,0.1778789460659027,1.544684648513794,8.414298041140458e-06,nan,nan,nan,0,0
15,118,0.2017986923456192,0.20179840922355652,0.04197254776954651,5.426424195320578e-06,0.0,5.625078642879089e-07,0.15075001120567322,0.23356835090803477,0.23356835544109344,0.08803772181272507,0.09645378589630127,0.01963813789188862,0.013652031309902668,0.04943820834159851,0.1856987625360489,1.544684648513794,8.237544782022453e-06,nan,nan,nan,0,0
15,119,0.17545440793037415,0.17545299232006073,0.0305501576513052,5.426424195320578e-06,0.0,2.8213542009325465e-06,0.15167969465255737,0.006862189649270454,0.006862189620733261,0.003110973397269845,0.003697898704558611,0.0019927716348320246,0.0005020452663302422,0.0010707598412409425,0.004285711329430342,1.544684648513794,8.063253359368466e-06,nan,nan,nan,0,0
15,120,0.2728961706161499,0.2728838324546814,0.07474131882190704,5.426424195320578e-06,0.0,2.4688451958354563e-05,0.1549687534570694,0.07004805955170014,0.07004805654287338,0.02715739794075489,0.031147228553891182,0.007029914762824774,0.004051860421895981,0.012880847789347172,0.05447295680642128,1.544684648513794,7.89142420538345e-06,nan,nan,nan,0,0
15,121,0.1708131730556488,0.17070415616035461,0.029012663289904594,5.426424195320578e-06,0.0,0.00021802354604005814,0.1647656261920929,0.050546886247325604,0.05054688826203346,0.019871462136507034,0.020641997456550598,0.004478739574551582,0.0029660933651030064,0.012533108703792095,0.03934571146965027,1.544684648513794,7.722057746166806e-06,nan,nan,nan,0,0
15,122,0.24818828701972961,0.24818827211856842,0.0618266686797142,5.426424195320578e-06,0.0,2.20360263369912e-08,0.1501484513282776,0.2642141439954342,0.2642141580581665,0.09922831505537033,0.1075519472360611,0.0220342930406332,0.015528032556176186,0.050654128193855286,0.21237458288669586,1.544684648513794,7.555154401710492e-06,nan,nan,nan,0,0
15,123,0.2328808754682541,0.23287366330623627,0.05443272739648819,5.426424195320578e-06,0.0,1.4416263184102718e-05,0.14620313048362732,0.1795299162308409,0.17952992022037506,0.06784426420927048,0.07463693618774414,0.01527399942278862,0.010606988333165646,0.03216621279716492,0.14379501342773438,1.544684648513794,7.390714585898917e-06,nan,nan,nan,0,0
15,124,0.225595623254776,0.22559477388858795,0.05107896029949188,5.426424195320578e-06,0.0,1.7022057363647036e-06,0.151304692029953,0.24365258285569721,0.2436525672674179,0.0890728235244751,0.10036061704158783,0.020169761031866074,0.014360682107508183,0.04548649489879608,0.19666796922683716,1.544684648513794,7.228738706507274e-06,nan,nan,nan,0,0
15,125,0.25286293029785156,0.2528410255908966,0.0634823814034462,5.426424195320578e-06,0.0,4.378718222142197e-05,0.14338281750679016,0.13734340116599544,0.1373434066772461,0.055378127843141556,0.058603134006261826,0.012936285696923733,0.007944955490529537,0.024167552590370178,0.10745978355407715,1.544684648513794,7.069227165200763e-06,nan,nan,nan,0,0
15,126,0.2501453757286072,0.25008657574653625,0.062299203127622604,5.426424195320578e-06,0.0,0.00011758699838537723,0.16084375977516174,0.10044279333848445,0.1004427969455719,0.036235738545656204,0.040252167731523514,0.008291671983897686,0.0056450567208230495,0.016197554767131805,0.08241668343544006,1.544684648513794,6.912180357533596e-06,nan,nan,nan,0,0
15,127,0.1857948750257492,0.1856638640165329,0.03425343334674835,5.426424195320578e-06,0.0,0.0002620347950141877,0.16618749499320984,0.026701380089943702,0.02670137956738472,0.009496872313320637,0.011442801915109158,0.0024271844886243343,0.0014777947217226028,0.005949265323579311,0.02117466740310192,1.544684648513794,6.757598672947884e-06,nan,nan,nan,0,0
15,128,0.29288050532341003,0.2928658127784729,0.08647659420967102,5.426424195320578e-06,0.0,2.9396749596344307e-05,0.14457812905311584,0.031240252449057412,0.031240252777934074,0.01154817920178175,0.014027810655534267,0.003095920430496335,0.0018635765882208943,0.0057774861343204975,0.02448216639459133,1.544684648513794,6.605482494772867e-06,nan,nan,nan,0,0
15,129,0.38720864057540894,0.3869956135749817,0.14820395410060883,5.426424195320578e-06,0.0,0.00042603485053405166,0.17064061760902405,0.02700867833071361,0.027008678764104843,0.008821750991046429,0.010438861325383186,0.0036505768075585365,0.0018259627977386117,0.005370140075683594,0.02229745127260685,1.544684648513794,6.4558322002237954e-06,nan,nan,nan,0,0
15,130,0.20283851027488708,0.20283830165863037,0.041413143277168274,5.426424195320578e-06,0.0,4.104077220290492e-07,0.14935937523841858,0.20251041528299502,0.20251041650772095,0.08032830059528351,0.08616206049919128,0.018566636368632317,0.011674628593027592,0.034748367965221405,0.1595163494348526,1.544684648513794,6.308648160400941e-06,nan,nan,nan,0,0
15,131,0.4472496211528778,0.4472021758556366,0.19577385485172272,5.426424195320578e-06,0.0,9.491018136031926e-05,0.1402578204870224,0.11819733771165322,0.11819733679294586,0.04661107808351517,0.04870740696787834,0.010995722375810146,0.006846088450402021,0.022190937772393227,0.09362368285655975,1.544684648513794,6.163930740289148e-06,nan,nan,nan,0,0
15,132,0.2779843807220459,0.2779648005962372,0.07708074897527695,5.426424195320578e-06,0.0,3.916008790838532e-05,0.15625780820846558,0.031368938599516845,0.031368937343358994,0.018366456031799316,0.01416896190494299,0.004070818889886141,0.0022812718525528908,0.005171986762434244,0.019934866577386856,1.544684648513794,6.0216802987561715e-06,nan,nan,nan,0,0
15,133,0.19756217300891876,0.19755898416042328,0.03869103267788887,5.426424195320578e-06,0.0,6.367734840750927e-06,0.1525234431028366,0.1675416714591106,0.16754166781902313,0.0654776394367218,0.06878180801868439,0.014431318268179893,0.009733450599014759,0.03039383515715599,0.13351091742515564,1.544684648513794,5.8818971885525636e-06,nan,nan,nan,0,0
15,134,0.26792213320732117,0.2679115831851959,0.07137686014175415,5.426424195320578e-06,0.0,2.1102492610225454e-05,0.15459375083446503,0.2988870317647928,0.2988870143890381,0.1148914247751236,0.12766814231872559,0.027113081887364388,0.01747090555727482,0.0553351528942585,0.23607611656188965,1.544684648513794,5.744581756310127e-06,nan,nan,nan,0,0
15,135,0.22698874771595,0.22698856890201569,0.051111940294504166,5.426424195320578e-06,0.0,3.7136578612262383e-07,0.15060940384864807,0.05761970893314648,0.05761970952153206,0.023689355701208115,0.023725196719169617,0.005438552238047123,0.0031558845657855272,0.009102090261876583,0.04553652182221413,1.544684648513794,5.6097343425415735e-06,nan,nan,nan,0,0
15,136,0.2794921398162842,0.2794794738292694,0.0774151012301445,5.426424195320578e-06,0.0,2.531340578570962e-05,0.14496876299381256,0.11518872010430628,0.11518871784210205,0.04642839729785919,0.04800228402018547,0.010476320050656796,0.0067017292603850365,0.02054181881248951,0.09073033183813095,1.544684648513794,5.477355281639202e-06,nan,nan,nan,0,0
15,137,0.438992977142334,0.43898335099220276,0.19120121002197266,5.426424195320578e-06,0.0,1.9277606043033302e-05,0.1543906331062317,0.3781773048979493,0.37817731499671936,0.14823967218399048,0.15023113787174225,0.03040720522403717,0.021519538015127182,0.07253751158714294,0.3030252456665039,1.544684648513794,5.347444901874557e-06,nan,nan,nan,0,0
15,138,0.26423415541648865,0.264222115278244,0.0694943219423294,5.426424195320578e-06,0.0,2.407130887149833e-05,0.1549062579870224,0.2582446057242309,0.2582446038722992,0.09944897890090942,0.10671168565750122,0.02211318351328373,0.014890789985656738,0.04939352348446846,0.20557807385921478,1.544684648513794,5.220003525397439e-06,nan,nan,nan,0,0
15,139,0.25593212246894836,0.25592854619026184,0.06575480103492737,5.426424195320578e-06,0.0,7.139035915315617e-06,0.14732810854911804,0.16931992976994958,0.16931992769241333,0.06514623016119003,0.07046496868133545,0.01477691251784563,0.009959731251001358,0.029673367738723755,0.13513635098934174,1.544684648513794,5.09503146823479e-06,nan,nan,nan,0,0
15,140,0.21894471347332,0.21892772614955902,0.04742322862148285,5.426424195320578e-06,0.0,3.3966894989134744e-05,0.14417189359664917,0.1557017910216644,0.15570178627967834,0.05961829051375389,0.0618111751973629,0.013365386053919792,0.008732925169169903,0.03192288428544998,0.12487640976905823,1.544684648513794,4.97252904029036e-06,nan,nan,nan,0,0
15,141,0.33731579780578613,0.3373059928417206,0.11336727440357208,5.426424195320578e-06,0.0,1.9622224499471486e-05,0.15442970395088196,0.06227874853497448,0.06227874755859375,0.023367637768387794,0.026835432276129723,0.00585984205827117,0.00374915380962193,0.012851793318986893,0.048978496342897415,1.544684648513794,4.852496545343824e-06,nan,nan,nan,0,0
15,142,0.3710084855556488,0.3709715008735657,0.13772785663604736,5.426424195320578e-06,0.0,7.398660090984777e-05,0.1586015522480011,0.17252038277841655,0.17252038419246674,0.06435630470514297,0.0732283964753151,0.015488700941205025,0.01003361213952303,0.03370903059840202,0.13704845309257507,1.544684648513794,4.734934281049671e-06,nan,nan,nan,0,0
15,143,0.3330494165420532,0.33300429582595825,0.11152920126914978,5.426424195320578e-06,0.0,9.024993778439239e-05,0.140500009059906,0.05343486720275684,0.05343486741185188,0.019459595903754234,0.022707253694534302,0.005188359413295984,0.0031109219416975975,0.007619864773005247,0.04320104792714119,1.544684648513794,4.61984253893698e-06,nan,nan,nan,0,0
15,144,0.27864664793014526,0.27859586477279663,0.07869973033666611,5.426424195320578e-06,0.0,0.00010156844655284658,0.16007812321186066,0.062007120032092564,0.0620071180164814,0.02147395722568035,0.024044420570135117,0.005065781529992819,0.003545215120539069,0.012012331746518612,0.05121612176299095,1.544684648513794,4.5072216044085365e-06,nan,nan,nan,0,0
15,145,0.23648352921009064,0.23647762835025787,0.05613696947693825,5.426424195320578e-06,0.0,1.181633251690073e-05,0.15343749523162842,0.07178932415262615,0.07178932428359985,0.03191710263490677,0.03248025104403496,0.007526041008532047,0.004013279918581247,0.012667890638113022,0.05335555970668793,1.544684648513794,4.397071756739719e-06,nan,nan,nan,0,0
15,146,0.23954655230045319,0.23952846229076385,0.05663997679948807,5.426424195320578e-06,0.0,3.61876082024537e-05,0.15601561963558197,0.07922655414393404,0.079226553440094,0.03032304160296917,0.03300362080335617,0.006882513407617807,0.004613544791936874,0.014800814911723137,0.06309043616056442,1.544684648513794,4.289393269078504e-06,nan,nan,nan,0,0
15,147,0.25037726759910583,0.25037458539009094,0.06290913373231888,5.426424195320578e-06,0.0,5.383813004300464e-06,0.15232031047344208,0.024568536156374256,0.02456853725016117,0.012071064673364162,0.006794630084186792,0.0027369160670787096,0.001725790905766189,0.006108175963163376,0.019077643752098083,1.544684648513794,4.18418640844424e-06,nan,nan,nan,0,0
15,148,0.219254270195961,0.21923492848873138,0.04777122661471367,5.426424195320578e-06,0.0,3.8672806113027036e-05,0.1562187522649765,0.031249014468510614,0.031249014660716057,0.0178912915289402,0.01587321236729622,0.004627901595085859,0.0017360106576234102,0.006047383416444063,0.018532179296016693,1.544684648513794,4.081451435727212e-06,nan,nan,nan,0,0
15,149,0.25354984402656555,0.2533523440361023,0.06374666094779968,5.426424195320578e-06,0.0,0.000395015231333673,0.16987499594688416,0.08013840528745907,0.08013840764760971,0.03286556154489517,0.03490777686238289,0.007839142344892025,0.0047733113169670105,0.01643633469939232,0.061392802745103836,1.544684648513794,3.981188605687965e-06,nan,nan,nan,0,0
15,150,0.27599772810935974,0.27595680952072144,0.07507362216711044,5.426424195320578e-06,0.0,8.184581383829936e-05,0.15904687345027924,0.006260270885093699,0.006260271184146404,0.0032863207161426544,0.003153755096718669,0.0017875817138701677,0.0004207117308396846,0.0019711980130523443,0.0033446745947003365,1.544684648513794,3.883398166956764e-06,nan,nan,nan,0,0
15,151,0.3267950713634491,0.326761931180954,0.10810477286577225,5.426424195320578e-06,0.0,6.626999675063416e-05,0.1581406444311142,0.17829746881583708,0.1782974749803543,0.06610579788684845,0.07093112170696259,0.014145997352898121,0.010506396181881428,0.03747902065515518,0.14378322660923004,1.544684648513794,3.78808036203258e-06,nan,nan,nan,0,0
15,152,0.16421066224575043,0.16419380903244019,0.02707064338028431,5.426424195320578e-06,0.0,3.369439946254715e-05,0.15580469369888306,0.038241686986890164,0.038241688162088394,0.015053868293762207,0.015493891201913357,0.0032887032721191645,0.002254016697406769,0.008882593363523483,0.030015835538506508,1.544684648513794,3.6952354272831018e-06,nan,nan,nan,0,0
15,153,0.27136191725730896,0.27130362391471863,0.07284179329872131,5.426424195320578e-06,0.0,0.00011657282448140904,0.1607968956232071,0.06062330153559355,0.060623303055763245,0.0234591793268919,0.025472281500697136,0.005635952576994896,0.003401100868359208,0.011093828827142715,0.0480584017932415,1.544684648513794,3.6048635929437307e-06,nan,nan,nan,0,0
15,154,0.2484319657087326,0.24841442704200745,0.06231854110956192,5.426424195320578e-06,0.0,3.5068551369477063e-05,0.15592187643051147,0.0373435061911952,0.03734350576996803,0.01388036273419857,0.016972744837403297,0.004323167726397514,0.0023363097570836544,0.008376157842576504,0.02862674929201603,1.544684648513794,3.516965083117142e-06,nan,nan,nan,0,0
15,155,0.2764652669429779,0.27644097805023193,0.07607361674308777,5.426424195320578e-06,0.0,4.8563291784375906e-05,0.15696874260902405,0.07572600985605397,0.07572600990533829,0.030376041308045387,0.03007291816174984,0.006171272601932287,0.004205809906125069,0.01405683346092701,0.06044812873005867,1.544684648513794,3.4315401157725055e-06,nan,nan,nan,0,0
15,156,0.3745834231376648,0.37458181381225586,0.13961118459701538,5.426424195320578e-06,0.0,3.228800551369204e-06,0.14820311963558197,0.18157153175707338,0.18157154321670532,0.06799314171075821,0.07533888518810272,0.015272287651896477,0.01016964204609394,0.033994488418102264,0.14552290737628937,1.544684648513794,3.348588902745264e-06,nan,nan,nan,0,0
15,157,0.27809789776802063,0.27797213196754456,0.07752715051174164,5.426424195320578e-06,0.0,0.00025152042508125305,0.1658594012260437,0.09392582399645129,0.0939258262515068,0.03590381518006325,0.03767376020550728,0.007433922030031681,0.0056946598924696445,0.014326713047921658,0.07629362493753433,1.544684648513794,3.2681116497366903e-06,nan,nan,nan,0,0
15,158,0.2291432023048401,0.22913172841072083,0.05188917741179466,5.426424195320578e-06,0.0,2.2935042579774745e-05,0.14521095156669617,0.13439746253046447,0.1343974620103836,0.047793157398700714,0.05539081618189812,0.010833839885890484,0.008030668832361698,0.03148040920495987,0.10741261392831802,1.544684648513794,3.190108556313001e-06,nan,nan,nan,0,0
15,159,0.3054932653903961,0.3054780662059784,0.09439577162265778,5.426424195320578e-06,0.0,3.042206481040921e-05,0.1555156260728836,0.2889564359917941,0.2889564335346222,0.11075112223625183,0.11973154544830322,0.024389250203967094,0.016967495903372765,0.05289015546441078,0.23068217933177948,1.544684648513794,3.114579815904799e-06,nan,nan,nan,0,0
15,160,0.2957894802093506,0.295782208442688,0.08661754429340363,5.426424195320578e-06,0.0,1.4535094123857561e-05,0.1538124978542328,0.1452949991200635,0.14529499411582947,0.058249685913324356,0.05974256619811058,0.01270035095512867,0.008288901299238205,0.025061357766389847,0.11528382450342178,1.544684648513794,3.041525615807186e-06,nan,nan,nan,0,0
15,161,0.20357871055603027,0.20356927812099457,0.041404567658901215,5.436549599835416e-06,0.0,1.8868147890316322e-05,0.1456562578678131,0.1753530471450035,0.1753530502319336,0.06537047773599625,0.07493527978658676,0.015676792711019516,0.010264812037348747,0.034253716468811035,0.13905268907546997,1.544684648513794,2.970946137178877e-06,nan,nan,nan,0,0
15,162,0.3485620617866516,0.34855809807777405,0.12260559946298599,5.426424195320578e-06,0.0,7.95408141129883e-06,0.15282030403614044,0.039302047562840725,0.039302047342061996,0.019800519570708275,0.021941814571619034,0.005409607198089361,0.0021609424147754908,0.006801128387451172,0.024309633299708366,1.544684648513794,2.902841555041532e-06,nan,nan,nan,0,0
15,163,0.2362545132637024,0.23624902963638306,0.05590985342860222,5.426424195320578e-06,0.0,1.0972645213769283e-05,0.15331250429153442,0.05874051508537479,0.058740515261888504,0.022956160828471184,0.02803979441523552,0.006576292682439089,0.0035537078510969877,0.010987340472638607,0.044279053807258606,1.544684648513794,2.8372120382799787e-06,nan,nan,nan,0,0
15,164,0.2610049545764923,0.26100417971611023,0.06686795502901077,5.426424195320578e-06,0.0,1.5236630588333355e-06,0.15123437345027924,0.18227834183414016,0.1822783499956131,0.07157883793115616,0.07721071690320969,0.01633371040225029,0.010639626532793045,0.03528396040201187,0.1432320475578308,1.544684648513794,2.774057749641216e-06,nan,nan,nan,0,0
15,165,0.21493184566497803,0.21473386883735657,0.046332959085702896,5.426424195320578e-06,0.0,0.0003959474852308631,0.16989843547344208,0.2592782747995252,0.259278267621994,0.09722062200307846,0.10056938230991364,0.019361644983291626,0.014788763597607613,0.04716160520911217,0.2117578238248825,1.544684648513794,2.713378845734188e-06,nan,nan,nan,0,0
15,166,0.3629659116268158,0.36293038725852966,0.1306813657283783,5.426424195320578e-06,0.0,7.105969416443259e-05,0.15842969715595245,0.07188759625076516,0.07188759744167328,0.029526112601161003,0.031411994248628616,0.006874077022075653,0.00421510636806488,0.013519775122404099,0.05533098056912422,1.544684648513794,2.6551754770293466e-06,nan,nan,nan,0,0
15,167,0.22775931656360626,0.22775201499462128,0.05330609157681465,5.426424195320578e-06,0.0,1.4594806998502463e-05,0.15382032096385956,0.03484768151142449,0.0348476804792881,0.016324909403920174,0.016915354877710342,0.0033761344384402037,0.00196468411013484,0.008103364147245884,0.02409992180764675,1.544684648513794,2.599447787858756e-06,nan,nan,nan,0,0
15,168,0.21637208759784698,0.21628347039222717,0.04727761447429657,5.426424195320578e-06,0.0,0.00017722236225381494,0.16331249475479126,0.039542078960879544,0.03954207897186279,0.016117626801133156,0.017599986866116524,0.004791400395333767,0.0023379609920084476,0.007260206621140242,0.030214307829737663,1.544684648513794,2.546195916414877e-06,nan,nan,nan,0,0
15,169,0.27659207582473755,0.27644652128219604,0.07892002910375595,5.426424195320578e-06,0.0,0.0002911284100264311,0.16706249117851257,0.11227600658002716,0.11227601021528244,0.04304841160774231,0.0472986102104187,0.010027741082012653,0.006589123979210854,0.023803677409887314,0.08834585547447205,1.544684648513794,2.495419994750898e-06,nan,nan,nan,0,0
15,170,0.21955423057079315,0.2195470780134201,0.04842175915837288,5.426424195320578e-06,0.0,1.4297806956165005e-05,0.14621876180171967,0.15204602482762078,0.15204602479934692,0.05847937986254692,0.06416357308626175,0.013317383825778961,0.008710009045898914,0.03012273833155632,0.12008578330278397,1.544684648513794,2.4471201487801805e-06,nan,nan,nan,0,0
15,171,0.2458208054304123,0.24579203128814697,0.060419950634241104,5.426424195320578e-06,0.0,5.7546301832189783e-05,0.15758593380451202,0.053924476181213064,0.053924474865198135,0.02402910403907299,0.014064235612750053,0.0022720524575561285,0.003488612361252308,0.012760655954480171,0.04418689385056496,1.544684648513794,2.4012964982757054e-06,nan,nan,nan,0,0
15,172,0.21785885095596313,0.2178560048341751,0.047223445028066635,5.426424195320578e-06,0.0,5.677806711901212e-06,0.15238282084465027,0.11396883851098309,0.11396884173154831,0.042695675045251846,0.04760226234793663,0.01005424652248621,0.0066211409866809845,0.022327259182929993,0.09086564928293228,1.544684648513794,2.3579491568705156e-06,nan,nan,nan,0,0
15,173,0.22025898098945618,0.22025354206562042,0.04859655350446701,5.426424195320578e-06,0.0,1.086943029804388e-05,0.14670312404632568,0.1275678664823241,0.127567857503891,0.04945256933569908,0.053233109414577484,0.01098630204796791,0.007234657648950815,0.020888326689600945,0.10190622508525848,1.544684648513794,2.3170782320563853e-06,nan,nan,nan,0,0
15,174,0.2879810333251953,0.28789010643959045,0.081235371530056,5.426424195320578e-06,0.0,0.0001818283344618976,0.1634843796491623,0.008765656465252033,0.008765656501054764,0.004610276781022549,0.00350515847094357,0.002699927892535925,0.0008650835952721536,0.0036224510986357927,0.004704871214926243,1.544684648513794,2.2786838251845973e-06,nan,nan,nan,0,0
15,175,0.2218211442232132,0.2217831313610077,0.04823044314980507,5.426424195320578e-06,0.0,7.601649849675596e-05,0.1587187498807907,0.015441231488098445,0.015441231429576874,0.009172746911644936,0.003983922768384218,0.001088438555598259,0.0009742880938574672,0.002988159889355302,0.011285285465419292,1.544684648513794,2.2427660314649432e-06,nan,nan,nan,0,0
15,176,0.24219341576099396,0.24218739569187164,0.05919140949845314,5.426424195320578e-06,0.0,1.203224019263871e-05,0.1534687578678131,0.03186887614753126,0.03186887502670288,0.013511446304619312,0.014108004048466682,0.0032839530613273382,0.001983220223337412,0.005578132346272469,0.02425277791917324,1.544684648513794,2.209324939965614e-06,nan,nan,nan,0,0
15,177,0.17861077189445496,0.17859114706516266,0.031913209706544876,5.426424195320578e-06,0.0,3.925787314074114e-05,0.1437343955039978,0.0053223543684116255,0.005322354380041361,0.0018326988210901618,0.0020145862363278866,0.0014354564482346177,0.0004910597926937044,0.002046009758487344,0.003797668032348156,1.544684648513794,2.178360633613532e-06,nan,nan,nan,0,0
15,178,0.27611231803894043,0.27611061930656433,0.07733485847711563,5.426424195320578e-06,0.0,3.3706292015267536e-06,0.15183593332767487,0.0622419071133164,0.06224190816283226,0.02312389574944973,0.024090681225061417,0.0068169403821229935,0.004014801699668169,0.017218943685293198,0.04898875579237938,1.544684648513794,2.149873189193353e-06,nan,nan,nan,0,0
15,179,0.17844794690608978,0.17843332886695862,0.03251852095127106,5.426424195320578e-06,0.0,2.922749081335496e-05,0.15540625154972076,0.022818681321710804,0.022818680852651596,0.009950723499059677,0.011058293282985687,0.0026290612295269966,0.0014372291043400764,0.007437196094542742,0.015332970768213272,1.544684648513794,2.1238626773477986e-06,nan,nan,nan,0,0
15,180,0.24742475152015686,0.24742473661899567,0.060331735759973526,5.426424195320578e-06,0.0,3.228961276136033e-08,0.14982031285762787,0.15000096003571664,0.15000095963478088,0.05895404517650604,0.06249120831489563,0.013341527432203293,0.008555909618735313,0.026567362248897552,0.1190064400434494,1.544684648513794,2.1003291625773234e-06,nan,nan,nan,0,0
15,181,0.38601750135421753,0.38593462109565735,0.14812104403972626,5.42642510481528e-06,0.0,0.00016576539201196283,0.1628749966621399,0.03537922609485225,0.03537922725081444,0.014072845689952374,0.01472598034888506,0.0030630333349108696,0.0021933596581220627,0.01009565219283104,0.02684538997709751,1.544684648513794,2.0792727032401164e-06,nan,nan,nan,0,0
15,182,0.2510886788368225,0.25107359886169434,0.06292299926280975,5.426424195320578e-06,0.0,3.0164048439473845e-05,0.15549218654632568,0.18883644192981988,0.18883644044399261,0.07364638894796371,0.07898011803627014,0.016877666115760803,0.01077526155859232,0.03582462668418884,0.14937599003314972,1.544684648513794,2.0606933515513225e-06,nan,nan,nan,0,0
15,183,0.34275493025779724,0.34275022149086,0.11896415799856186,5.426424195320578e-06,0.0,9.426801625522785e-06,0.15307031571865082,0.1267054662221602,0.12670546770095825,0.04924941062927246,0.05437049642205238,0.011504583992064,0.007459596265107393,0.0248318649828434,0.09933779388666153,1.544684648513794,2.0445911535840414e-06,nan,nan,nan,0,0
15,184,0.23938895761966705,0.23938891291618347,0.05718736723065376,5.426424195320578e-06,0.0,9.284144653065596e-08,0.15030470490455627,0.179175793475282,0.17917579412460327,0.07123305648565292,0.07553394883871078,0.016316726803779602,0.010250583291053772,0.032448794692754745,0.14106808602809906,1.544684648513794,2.0309661492681097e-06,nan,nan,nan,0,0
15,185,0.23403142392635345,0.23402540385723114,0.054821133613586426,5.426424195320578e-06,0.0,1.203224019263871e-05,0.1534687578678131,0.01235565293106433,0.012355652637779713,0.006944818887859583,0.006031283177435398,0.0013527960982173681,0.0009077610448002815,0.002599598141387105,0.0076578897424042225,1.544684648513794,2.0198183723905405e-06,nan,nan,nan,0,0
15,186,0.1839248687028885,0.18392249941825867,0.033753734081983566,5.426424195320578e-06,0.0,4.7510147851426154e-06,0.14782032370567322,0.30272134318788774,0.3027213513851166,0.11758790910243988,0.12824401259422302,0.026826202869415283,0.01804138347506523,0.053517989814281464,0.23970285058021545,1.544684648513794,2.0111478505955275e-06,nan,nan,nan,0,0
15,187,0.2452392280101776,0.24523696303367615,0.060368672013282776,5.426424195320578e-06,0.0,4.515667114901589e-06,0.14787499606609344,0.23420428135839733,0.23420429229736328,0.09344403445720673,0.09897605329751968,0.021183811128139496,0.013500949367880821,0.041741594672203064,0.18425582349300385,1.544684648513794,2.0049546053839984e-06,nan,nan,nan,0,0
15,188,0.26583656668663025,0.2658359110355377,0.07126583904027939,5.426424195320578e-06,0.0,1.318897147939424e-06,0.14885157346725464,0.05607077031499125,0.05607077106833458,0.021217921748757362,0.023165123537182808,0.00496463431045413,0.0032849260605871677,0.011036134324967861,0.04471994563937187,1.544684648513794,2.0012386521138383e-06,nan,nan,nan,0,0
15,189,0.22832655906677246,0.2283196747303009,0.05194874852895737,5.426424195320578e-06,0.0,1.377096850774251e-05,0.15371093153953552,0.09296762492077901,0.09296762943267822,0.036980029195547104,0.040443044155836105,0.009126462042331696,0.005443491041660309,0.016625896096229553,0.07246014475822449,1.544684648513794,2e-06,nan,nan,nan,0,0
15,190,0.25140848755836487,0.2513916790485382,0.062783382833004,5.426424195320578e-06,0.0,3.360381379025057e-05,0.15579688549041748,0.15401487831560542,0.15401488542556763,0.06297507137060165,0.06681922823190689,0.01486198790371418,0.009437100030481815,0.02814774215221405,0.1191120520234108,1.544684648513794,2.0012386521138383e-06,nan,nan,nan,0,0
